-1.000000e+00
0.000000e+00
0.000000e+00
0.000000e+00
0.000000e+00
9.842519e-02
0.000000e+00
1.771654e+00
9.842519e-02
0.000000e+00
0.000000e+00
0.000000e+00
-1.000000e+00
0.000000e+00
0.000000e+00
0.000000e+00
0.000000e+00
0.000000e+00
0.000000e+00
1.771654e+00
9.842519e-02
0.000000e+00
1.771654e+00
0.000000e+00
0.000000e+00
-1.000000e+00
0.000000e+00
5.905512e-01
0.000000e+00
9.842519e-02
0.000000e+00
0.000000e+00
9.842519e-02
5.905512e-01
0.000000e+00
0.000000e+00
0.000000e+00
-1.000000e+00
0.000000e+00
5.905512e-01
0.000000e+00
0.000000e+00
0.000000e+00
0.000000e+00
9.842519e-02
0.000000e+00
0.000000e+00
0.000000e+00
1.000000e+00
0.000000e+00
0.000000e+00
5.905512e-01
1.771654e+00
9.842519e-02
5.905512e-01
0.000000e+00
9.842519e-02
5.905512e-01
1.771654e+00
0.000000e+00
1.000000e+00
0.000000e+00
0.000000e+00
5.905512e-01
1.771654e+00
0.000000e+00
5.905512e-01
0.000000e+00
9.842519e-02
5.905512e-01
0.000000e+00
0.000000e+00
0.000000e+00
1.000000e+00
0.000000e+00
0.000000e+00
1.771654e+00
9.842519e-02
5.905512e-01
1.771654e+00
9.842519e-02
0.000000e+00
1.771654e+00
0.000000e+00
0.000000e+00
1.000000e+00
0.000000e+00
0.000000e+00
1.771654e+00
0.000000e+00
5.905512e-01
1.771654e+00
9.842519e-02
5.905512e-01
1.771654e+00
0.000000e+00
0.000000e+00
0.000000e+00
1.000000e+00
3.731159e-01
1.746654e+00
9.842519e-02
5.655512e-01
1.746654e+00
9.842519e-02
5.905512e-01
1.771654e+00
9.842519e-02
0.000000e+00
0.000000e+00
1.000000e+00
5.905512e-01
1.771654e+00
9.842519e-02
5.655512e-01
1.746654e+00
9.842519e-02
5.655512e-01
5.761811e-01
9.842519e-02
0.000000e+00
0.000000e+00
1.000000e+00
3.731159e-01
5.761811e-01
9.842519e-02
0.000000e+00
0.000000e+00
9.842519e-02
5.655512e-01
5.761811e-01
9.842519e-02
0.000000e+00
0.000000e+00
1.000000e+00
5.655512e-01
5.761811e-01
9.842519e-02
0.000000e+00
0.000000e+00
9.842519e-02
5.905512e-01
0.000000e+00
9.842519e-02
0.000000e+00
0.000000e+00
1.000000e+00
5.655512e-01
5.761811e-01
9.842519e-02
5.905512e-01
0.000000e+00
9.842519e-02
5.905512e-01
1.771654e+00
9.842519e-02
0.000000e+00
0.000000e+00
1.000000e+00
3.731159e-01
1.056417e+00
9.842519e-02
2.133367e-01
1.056417e+00
9.842519e-02
3.731159e-01
5.761811e-01
9.842519e-02
0.000000e+00
0.000000e+00
1.000000e+00
3.731159e-01
5.761811e-01
9.842519e-02
2.133367e-01
1.056417e+00
9.842519e-02
2.133367e-01
5.761811e-01
9.842519e-02
0.000000e+00
0.000000e+00
1.000000e+00
3.731159e-01
5.761811e-01
9.842519e-02
2.133367e-01
5.761811e-01
9.842519e-02
0.000000e+00
0.000000e+00
9.842519e-02
0.000000e+00
0.000000e+00
1.000000e+00
0.000000e+00
0.000000e+00
9.842519e-02
2.133367e-01
5.761811e-01
9.842519e-02
2.500000e-02
5.761811e-01
9.842519e-02
0.000000e+00
0.000000e+00
1.000000e+00
0.000000e+00
0.000000e+00
9.842519e-02
2.500000e-02
5.761811e-01
9.842519e-02
0.000000e+00
1.771654e+00
9.842519e-02
0.000000e+00
0.000000e+00
1.000000e+00
0.000000e+00
1.771654e+00
9.842519e-02
2.500000e-02
5.761811e-01
9.842519e-02
2.500000e-02
1.746654e+00
9.842519e-02
0.000000e+00
0.000000e+00
1.000000e+00
0.000000e+00
1.771654e+00
9.842519e-02
2.500000e-02
1.746654e+00
9.842519e-02
2.133367e-01
1.746654e+00
9.842519e-02
0.000000e+00
0.000000e+00
1.000000e+00
2.133367e-01
1.266417e+00
9.842519e-02
3.731159e-01
1.266417e+00
9.842519e-02
2.133367e-01
1.746654e+00
9.842519e-02
0.000000e+00
0.000000e+00
1.000000e+00
2.133367e-01
1.746654e+00
9.842519e-02
3.731159e-01
1.266417e+00
9.842519e-02
3.731159e-01
1.746654e+00
9.842519e-02
0.000000e+00
0.000000e+00
1.000000e+00
2.133367e-01
1.746654e+00
9.842519e-02
3.731159e-01
1.746654e+00
9.842519e-02
0.000000e+00
1.771654e+00
9.842519e-02
0.000000e+00
0.000000e+00
1.000000e+00
0.000000e+00
1.771654e+00
9.842519e-02
3.731159e-01
1.746654e+00
9.842519e-02
5.905512e-01
1.771654e+00
9.842519e-02
0.000000e+00
0.000000e+00
-1.000000e+00
1.833367e-01
5.861811e-01
0.000000e+00
5.905512e-01
0.000000e+00
0.000000e+00
3.500000e-02
5.861811e-01
0.000000e+00
0.000000e+00
0.000000e+00
-1.000000e+00
3.500000e-02
5.861811e-01
0.000000e+00
5.905512e-01
0.000000e+00
0.000000e+00
0.000000e+00
0.000000e+00
0.000000e+00
0.000000e+00
0.000000e+00
-1.000000e+00
3.500000e-02
5.861811e-01
0.000000e+00
0.000000e+00
0.000000e+00
0.000000e+00
0.000000e+00
1.771654e+00
0.000000e+00
0.000000e+00
0.000000e+00
-1.000000e+00
4.031159e-01
1.736653e+00
0.000000e+00
0.000000e+00
1.771654e+00
0.000000e+00
5.905512e-01
1.771654e+00
0.000000e+00
0.000000e+00
0.000000e+00
-1.000000e+00
1.833367e-01
1.086417e+00
0.000000e+00
4.031159e-01
1.086417e+00
0.000000e+00
1.833367e-01
5.861811e-01
0.000000e+00
0.000000e+00
0.000000e+00
-1.000000e+00
1.833367e-01
5.861811e-01
0.000000e+00
4.031159e-01
1.086417e+00
0.000000e+00
4.031159e-01
5.861811e-01
0.000000e+00
0.000000e+00
0.000000e+00
-1.000000e+00
1.833367e-01
5.861811e-01
0.000000e+00
4.031159e-01
5.861811e-01
0.000000e+00
5.905512e-01
0.000000e+00
0.000000e+00
0.000000e+00
0.000000e+00
-1.000000e+00
5.905512e-01
0.000000e+00
0.000000e+00
4.031159e-01
5.861811e-01
0.000000e+00
5.555512e-01
5.861811e-01
0.000000e+00
0.000000e+00
0.000000e+00
-1.000000e+00
5.905512e-01
0.000000e+00
0.000000e+00
5.555512e-01
5.861811e-01
0.000000e+00
5.905512e-01
1.771654e+00
0.000000e+00
0.000000e+00
0.000000e+00
-1.000000e+00
5.905512e-01
1.771654e+00
0.000000e+00
5.555512e-01
5.861811e-01
0.000000e+00
5.555512e-01
1.736653e+00
0.000000e+00
0.000000e+00
0.000000e+00
-1.000000e+00
5.905512e-01
1.771654e+00
0.000000e+00
5.555512e-01
1.736653e+00
0.000000e+00
4.031159e-01
1.736653e+00
0.000000e+00
0.000000e+00
0.000000e+00
-1.000000e+00
4.031159e-01
1.236417e+00
0.000000e+00
1.833367e-01
1.236417e+00
0.000000e+00
4.031159e-01
1.736653e+00
0.000000e+00
0.000000e+00
0.000000e+00
-1.000000e+00
4.031159e-01
1.736653e+00
0.000000e+00
1.833367e-01
1.236417e+00
0.000000e+00
1.833367e-01
1.736653e+00
0.000000e+00
0.000000e+00
0.000000e+00
-1.000000e+00
4.031159e-01
1.736653e+00
0.000000e+00
1.833367e-01
1.736653e+00
0.000000e+00
0.000000e+00
1.771654e+00
0.000000e+00
0.000000e+00
0.000000e+00
-1.000000e+00
0.000000e+00
1.771654e+00
0.000000e+00
1.833367e-01
1.736653e+00
0.000000e+00
3.500000e-02
1.736653e+00
0.000000e+00
0.000000e+00
0.000000e+00
-1.000000e+00
0.000000e+00
1.771654e+00
0.000000e+00
3.500000e-02
1.736653e+00
0.000000e+00
3.500000e-02
5.861811e-01
0.000000e+00
1.000000e+00
0.000000e+00
0.000000e+00
3.500000e-02
5.861811e-01
8.842520e-02
3.500000e-02
5.861811e-01
0.000000e+00
3.500000e-02
1.736653e+00
8.842520e-02
1.000000e+00
0.000000e+00
0.000000e+00
3.500000e-02
1.736653e+00
8.842520e-02
3.500000e-02
5.861811e-01
0.000000e+00
3.500000e-02
1.736653e+00
0.000000e+00
0.000000e+00
-1.000000e+00
0.000000e+00
1.903553e-01
1.736653e+00
8.770882e-02
1.909760e-01
1.736653e+00
8.842520e-02
3.500000e-02
1.736653e+00
8.842520e-02
0.000000e+00
-1.000000e+00
0.000000e+00
1.837925e-01
1.736653e+00
7.363465e-02
1.851459e-01
1.736653e+00
7.868581e-02
3.500000e-02
1.736653e+00
8.842520e-02
0.000000e+00
-1.000000e+00
0.000000e+00
3.500000e-02
1.736653e+00
8.842520e-02
1.851459e-01
1.736653e+00
7.868581e-02
1.873559e-01
1.736653e+00
8.342520e-02
0.000000e+00
-1.000000e+00
0.000000e+00
3.500000e-02
1.736653e+00
8.842520e-02
1.873559e-01
1.736653e+00
8.342520e-02
1.903553e-01
1.736653e+00
8.770882e-02
0.000000e+00
-1.000000e+00
0.000000e+00
3.500000e-02
1.736653e+00
0.000000e+00
1.833367e-01
1.736653e+00
0.000000e+00
3.500000e-02
1.736653e+00
8.842520e-02
0.000000e+00
-1.000000e+00
0.000000e+00
3.500000e-02
1.736653e+00
8.842520e-02
1.833367e-01
1.736653e+00
0.000000e+00
1.833367e-01
1.736653e+00
6.842519e-02
0.000000e+00
-1.000000e+00
0.000000e+00
3.500000e-02
1.736653e+00
8.842520e-02
1.833367e-01
1.736653e+00
6.842519e-02
1.837925e-01
1.736653e+00
7.363465e-02
-1.000000e+00
0.000000e+00
0.000000e+00
1.833367e-01
1.736653e+00
6.842519e-02
1.833367e-01
1.736653e+00
0.000000e+00
1.833367e-01
1.236417e+00
6.842519e-02
-1.000000e+00
0.000000e+00
0.000000e+00
1.833367e-01
1.236417e+00
6.842519e-02
1.833367e-01
1.736653e+00
0.000000e+00
1.833367e-01
1.236417e+00
0.000000e+00
0.000000e+00
-1.000000e+00
0.000000e+00
1.833367e-01
1.236417e+00
6.842519e-02
1.833367e-01
1.236417e+00
0.000000e+00
4.031159e-01
1.236417e+00
6.842519e-02
0.000000e+00
-1.000000e+00
0.000000e+00
4.031159e-01
1.236417e+00
6.842519e-02
1.833367e-01
1.236417e+00
0.000000e+00
4.031159e-01
1.236417e+00
0.000000e+00
1.000000e+00
0.000000e+00
0.000000e+00
4.031159e-01
1.236417e+00
6.842519e-02
4.031159e-01
1.236417e+00
0.000000e+00
4.031159e-01
1.736653e+00
6.842519e-02
1.000000e+00
0.000000e+00
0.000000e+00
4.031159e-01
1.736653e+00
6.842519e-02
4.031159e-01
1.236417e+00
0.000000e+00
4.031159e-01
1.736653e+00
0.000000e+00
0.000000e+00
-1.000000e+00
0.000000e+00
3.954766e-01
1.736653e+00
8.842520e-02
3.960972e-01
1.736653e+00
8.770882e-02
5.555512e-01
1.736653e+00
8.842520e-02
0.000000e+00
-1.000000e+00
0.000000e+00
5.555512e-01
1.736653e+00
8.842520e-02
3.960972e-01
1.736653e+00
8.770882e-02
3.990967e-01
1.736653e+00
8.342520e-02
0.000000e+00
-1.000000e+00
0.000000e+00
5.555512e-01
1.736653e+00
8.842520e-02
3.990967e-01
1.736653e+00
8.342520e-02
4.013067e-01
1.736653e+00
7.868581e-02
0.000000e+00
-1.000000e+00
0.000000e+00
4.031159e-01
1.736653e+00
0.000000e+00
5.555512e-01
1.736653e+00
0.000000e+00
4.031159e-01
1.736653e+00
6.842519e-02
0.000000e+00
-1.000000e+00
0.000000e+00
4.031159e-01
1.736653e+00
6.842519e-02
5.555512e-01
1.736653e+00
0.000000e+00
5.555512e-01
1.736653e+00
8.842520e-02
0.000000e+00
-1.000000e+00
0.000000e+00
4.031159e-01
1.736653e+00
6.842519e-02
5.555512e-01
1.736653e+00
8.842520e-02
4.026601e-01
1.736653e+00
7.363465e-02
0.000000e+00
-1.000000e+00
0.000000e+00
4.026601e-01
1.736653e+00
7.363465e-02
5.555512e-01
1.736653e+00
8.842520e-02
4.013067e-01
1.736653e+00
7.868581e-02
-1.000000e+00
0.000000e+00
0.000000e+00
5.555512e-01
1.736653e+00
8.842520e-02
5.555512e-01
1.736653e+00
0.000000e+00
5.555512e-01
5.861811e-01
8.842520e-02
-1.000000e+00
0.000000e+00
0.000000e+00
5.555512e-01
5.861811e-01
8.842520e-02
5.555512e-01
1.736653e+00
0.000000e+00
5.555512e-01
5.861811e-01
0.000000e+00
0.000000e+00
1.000000e+00
0.000000e+00
4.026601e-01
5.861811e-01
7.363465e-02
4.013067e-01
5.861811e-01
7.868581e-02
5.555512e-01
5.861811e-01
8.842520e-02
0.000000e+00
1.000000e+00
0.000000e+00
4.013067e-01
5.861811e-01
7.868581e-02
3.990967e-01
5.861811e-01
8.342520e-02
5.555512e-01
5.861811e-01
8.842520e-02
0.000000e+00
1.000000e+00
0.000000e+00
5.555512e-01
5.861811e-01
8.842520e-02
3.990967e-01
5.861811e-01
8.342520e-02
3.960972e-01
5.861811e-01
8.770882e-02
0.000000e+00
1.000000e+00
0.000000e+00
5.555512e-01
5.861811e-01
8.842520e-02
3.960972e-01
5.861811e-01
8.770882e-02
3.954766e-01
5.861811e-01
8.842520e-02
0.000000e+00
1.000000e+00
0.000000e+00
5.555512e-01
5.861811e-01
0.000000e+00
4.031159e-01
5.861811e-01
0.000000e+00
5.555512e-01
5.861811e-01
8.842520e-02
0.000000e+00
1.000000e+00
0.000000e+00
5.555512e-01
5.861811e-01
8.842520e-02
4.031159e-01
5.861811e-01
0.000000e+00
4.031159e-01
5.861811e-01
6.842519e-02
0.000000e+00
1.000000e+00
0.000000e+00
5.555512e-01
5.861811e-01
8.842520e-02
4.031159e-01
5.861811e-01
6.842519e-02
4.026601e-01
5.861811e-01
7.363465e-02
1.000000e+00
0.000000e+00
0.000000e+00
4.031159e-01
5.861811e-01
6.842519e-02
4.031159e-01
5.861811e-01
0.000000e+00
4.031159e-01
1.086417e+00
6.842519e-02
1.000000e+00
0.000000e+00
0.000000e+00
4.031159e-01
1.086417e+00
6.842519e-02
4.031159e-01
5.861811e-01
0.000000e+00
4.031159e-01
1.086417e+00
0.000000e+00
0.000000e+00
1.000000e+00
0.000000e+00
4.031159e-01
1.086417e+00
6.842519e-02
4.031159e-01
1.086417e+00
0.000000e+00
1.833367e-01
1.086417e+00
6.842519e-02
0.000000e+00
1.000000e+00
0.000000e+00
1.833367e-01
1.086417e+00
6.842519e-02
4.031159e-01
1.086417e+00
0.000000e+00
1.833367e-01
1.086417e+00
0.000000e+00
-1.000000e+00
0.000000e+00
0.000000e+00
1.833367e-01
1.086417e+00
6.842519e-02
1.833367e-01
1.086417e+00
0.000000e+00
1.833367e-01
5.861811e-01
6.842519e-02
-1.000000e+00
0.000000e+00
0.000000e+00
1.833367e-01
5.861811e-01
6.842519e-02
1.833367e-01
1.086417e+00
0.000000e+00
1.833367e-01
5.861811e-01
0.000000e+00
0.000000e+00
1.000000e+00
0.000000e+00
1.909760e-01
5.861811e-01
8.842520e-02
1.903553e-01
5.861811e-01
8.770882e-02
3.500000e-02
5.861811e-01
8.842520e-02
0.000000e+00
1.000000e+00
0.000000e+00
3.500000e-02
5.861811e-01
8.842520e-02
1.903553e-01
5.861811e-01
8.770882e-02
1.873559e-01
5.861811e-01
8.342520e-02
0.000000e+00
1.000000e+00
0.000000e+00
3.500000e-02
5.861811e-01
8.842520e-02
1.873559e-01
5.861811e-01
8.342520e-02
1.851459e-01
5.861811e-01
7.868581e-02
0.000000e+00
1.000000e+00
0.000000e+00
1.833367e-01
5.861811e-01
0.000000e+00
3.500000e-02
5.861811e-01
0.000000e+00
1.833367e-01
5.861811e-01
6.842519e-02
0.000000e+00
1.000000e+00
0.000000e+00
1.833367e-01
5.861811e-01
6.842519e-02
3.500000e-02
5.861811e-01
0.000000e+00
3.500000e-02
5.861811e-01
8.842520e-02
0.000000e+00
1.000000e+00
0.000000e+00
1.833367e-01
5.861811e-01
6.842519e-02
3.500000e-02
5.861811e-01
8.842520e-02
1.837925e-01
5.861811e-01
7.363465e-02
0.000000e+00
1.000000e+00
0.000000e+00
1.837925e-01
5.861811e-01
7.363465e-02
3.500000e-02
5.861811e-01
8.842520e-02
1.851459e-01
5.861811e-01
7.868581e-02
-9.995772e-01
0.000000e+00
2.907651e-02
1.833367e-01
1.086417e+00
6.842519e-02
1.833367e-01
5.861811e-01
6.842519e-02
1.834508e-01
1.086303e+00
7.103987e-02
-9.961947e-01
0.000000e+00
8.715575e-02
1.834508e-01
1.086303e+00
7.103987e-02
1.833367e-01
5.861811e-01
6.842519e-02
1.837925e-01
5.861811e-01
7.363465e-02
-9.659258e-01
0.000000e+00
2.588190e-01
1.851459e-01
5.861811e-01
7.868581e-02
1.843589e-01
1.085395e+00
7.618977e-02
1.837925e-01
5.861811e-01
7.363465e-02
-9.793423e-01
0.000000e+00
2.022095e-01
1.837925e-01
5.861811e-01
7.363465e-02
1.843589e-01
1.085395e+00
7.618977e-02
1.837925e-01
1.085962e+00
7.363465e-02
-9.894404e-01
0.000000e+00
1.449400e-01
1.837925e-01
5.861811e-01
7.363465e-02
1.837925e-01
1.085962e+00
7.363465e-02
1.834508e-01
1.086303e+00
7.103987e-02
-8.511210e-01
0.000000e+00
5.249696e-01
1.887621e-01
1.080992e+00
8.563249e-02
1.873559e-01
1.082398e+00
8.342520e-02
1.873559e-01
5.861811e-01
8.342520e-02
-8.801975e-01
0.000000e+00
4.746076e-01
1.873559e-01
5.861811e-01
8.342520e-02
1.873559e-01
1.082398e+00
8.342520e-02
1.861475e-01
1.083607e+00
8.110374e-02
-9.063078e-01
0.000000e+00
4.226183e-01
1.873559e-01
5.861811e-01
8.342520e-02
1.861475e-01
1.083607e+00
8.110374e-02
1.851459e-01
5.861811e-01
7.868581e-02
-9.293506e-01
0.000000e+00
3.691985e-01
1.851459e-01
5.861811e-01
7.868581e-02
1.861475e-01
1.083607e+00
8.110374e-02
1.851459e-01
1.084608e+00
7.868581e-02
-9.492401e-01
0.000000e+00
3.145525e-01
1.851459e-01
5.861811e-01
7.868581e-02
1.851459e-01
1.084608e+00
7.868581e-02
1.843589e-01
1.085395e+00
7.618977e-02
-8.191521e-01
0.000000e+00
5.735765e-01
1.887621e-01
1.080992e+00
8.563249e-02
1.873559e-01
5.861811e-01
8.342520e-02
1.903553e-01
1.079399e+00
8.770882e-02
-8.020838e-01
0.000000e+00
5.972114e-01
1.903553e-01
1.079399e+00
8.770882e-02
1.873559e-01
5.861811e-01
8.342520e-02
1.903553e-01
5.861811e-01
8.770882e-02
-7.274188e-01
0.000000e+00
6.861938e-01
1.903553e-01
1.079399e+00
8.770882e-02
1.903553e-01
5.861811e-01
8.770882e-02
1.940531e-01
1.075701e+00
9.140653e-02
-7.201372e-01
0.000000e+00
6.938317e-01
1.940531e-01
1.075701e+00
9.140653e-02
1.903553e-01
5.861811e-01
8.770882e-02
1.909760e-01
5.861811e-01
8.842520e-02
-6.935324e-01
0.000000e+00
7.204255e-01
1.940531e-01
1.075701e+00
9.140653e-02
1.909760e-01
5.861811e-01
8.842520e-02
1.926818e-01
5.860027e-01
9.015864e-02
-6.703126e-01
0.000000e+00
7.420788e-01
1.926818e-01
5.860027e-01
9.015864e-02
1.929800e-01
5.859715e-01
9.046166e-02
1.940531e-01
1.075701e+00
9.140653e-02
-6.548740e-01
0.000000e+00
7.557381e-01
1.940531e-01
1.075701e+00
9.140653e-02
1.929800e-01
5.859715e-01
9.046166e-02
1.940645e-01
5.857052e-01
9.139324e-02
-5.972096e-01
0.000000e+00
8.020852e-01
1.940531e-01
1.075701e+00
9.140653e-02
1.940645e-01
5.857052e-01
9.139324e-02
1.983367e-01
1.071417e+00
9.440596e-02
-5.910017e-01
0.000000e+00
8.066703e-01
1.940645e-01
5.857052e-01
9.139324e-02
1.945902e-01
5.855761e-01
9.184480e-02
1.983367e-01
1.071417e+00
9.440596e-02
-5.597466e-01
0.000000e+00
8.286638e-01
1.983367e-01
1.071417e+00
9.440596e-02
1.945902e-01
5.855761e-01
9.184480e-02
1.967925e-01
5.847953e-01
9.340122e-02
-5.262278e-01
0.000000e+00
8.503436e-01
1.967925e-01
5.847953e-01
9.340122e-02
1.975582e-01
5.845225e-01
9.394068e-02
1.983367e-01
1.071417e+00
9.440596e-02
-5.087210e-01
0.000000e+00
8.609315e-01
1.983367e-01
1.071417e+00
9.440596e-02
1.975582e-01
5.845225e-01
9.394068e-02
1.983606e-01
5.841565e-01
9.436037e-02
-4.488784e-01
0.000000e+00
8.935928e-01
1.983367e-01
1.071417e+00
9.440596e-02
1.983606e-01
5.841565e-01
9.436037e-02
2.030761e-01
1.066678e+00
9.661597e-02
-4.394952e-01
0.000000e+00
8.982449e-01
2.030761e-01
1.066678e+00
9.661597e-02
1.983606e-01
5.841565e-01
9.436037e-02
1.991945e-01
5.837761e-01
9.479653e-02
-4.051020e-01
0.000000e+00
9.142715e-01
2.030761e-01
1.066678e+00
9.661597e-02
1.991945e-01
5.837761e-01
9.479653e-02
2.013789e-01
5.827798e-01
9.593903e-02
-3.760145e-01
0.000000e+00
9.266138e-01
2.013789e-01
5.827798e-01
9.593903e-02
2.017372e-01
5.825909e-01
9.605908e-02
2.030761e-01
1.066678e+00
9.661597e-02
-3.571457e-01
0.000000e+00
9.340487e-01
2.030761e-01
1.066678e+00
9.661597e-02
2.017372e-01
5.825909e-01
9.605908e-02
2.031089e-01
5.818678e-01
9.651865e-02
-2.868927e-01
0.000000e+00
9.579628e-01
2.030761e-01
1.066678e+00
9.661597e-02
2.031089e-01
5.818678e-01
9.651865e-02
2.081272e-01
1.061627e+00
9.796944e-02
-2.709297e-01
0.000000e+00
9.625992e-01
2.081272e-01
1.061627e+00
9.796944e-02
2.031089e-01
5.818678e-01
9.651865e-02
2.045218e-01
5.811231e-01
9.699205e-02
-2.346032e-01
0.000000e+00
9.720913e-01
2.081272e-01
1.061627e+00
9.796944e-02
2.045218e-01
5.811231e-01
9.699205e-02
2.063048e-01
5.801832e-01
9.758943e-02
-2.025516e-01
0.000000e+00
9.792716e-01
2.063048e-01
5.801832e-01
9.758943e-02
2.073697e-01
5.795798e-01
9.774701e-02
2.081272e-01
1.061627e+00
9.796944e-02
-1.822811e-01
0.000000e+00
9.832465e-01
2.081272e-01
1.061627e+00
9.796944e-02
2.073697e-01
5.795798e-01
9.774701e-02
2.081434e-01
5.791414e-01
9.786151e-02
-1.161891e-01
0.000000e+00
9.932271e-01
2.081272e-01
1.061627e+00
9.796944e-02
2.081434e-01
5.791414e-01
9.786151e-02
2.133367e-01
1.056417e+00
9.842519e-02
-9.154357e-02
0.000000e+00
9.958011e-01
2.133367e-01
1.056417e+00
9.842519e-02
2.081434e-01
5.791414e-01
9.786151e-02
2.103399e-01
5.778968e-01
9.818652e-02
-5.250315e-02
0.000000e+00
9.986207e-01
2.103399e-01
5.778968e-01
9.818652e-02
2.116211e-01
5.771708e-01
9.837610e-02
2.133367e-01
1.056417e+00
9.842519e-02
-2.116111e-02
0.000000e+00
9.997761e-01
2.133367e-01
1.056417e+00
9.842519e-02
2.116211e-01
5.771708e-01
9.837610e-02
2.131484e-01
5.762898e-01
9.842461e-02
-2.091534e-03
0.000000e+00
9.999979e-01
2.133367e-01
1.056417e+00
9.842519e-02
2.131484e-01
5.762898e-01
9.842461e-02
2.133367e-01
5.761811e-01
9.842519e-02
0.000000e+00
9.995772e-01
2.907651e-02
4.031159e-01
1.086417e+00
6.842519e-02
1.833367e-01
1.086417e+00
6.842519e-02
4.030018e-01
1.086303e+00
7.103987e-02
0.000000e+00
9.983077e-01
5.815303e-02
4.030018e-01
1.086303e+00
7.103987e-02
1.833367e-01
1.086417e+00
6.842519e-02
1.834508e-01
1.086303e+00
7.103987e-02
0.000000e+00
9.932393e-01
1.160848e-01
4.030018e-01
1.086303e+00
7.103987e-02
1.834508e-01
1.086303e+00
7.103987e-02
4.026601e-01
1.085962e+00
7.363465e-02
0.000000e+00
9.894404e-01
1.449400e-01
4.026601e-01
1.085962e+00
7.363465e-02
1.834508e-01
1.086303e+00
7.103987e-02
1.837925e-01
1.085962e+00
7.363465e-02
0.000000e+00
9.793423e-01
2.022095e-01
4.026601e-01
1.085962e+00
7.363465e-02
1.837925e-01
1.085962e+00
7.363465e-02
4.020937e-01
1.085395e+00
7.618977e-02
0.000000e+00
9.730430e-01
2.306239e-01
4.020937e-01
1.085395e+00
7.618977e-02
1.837925e-01
1.085962e+00
7.363465e-02
1.843589e-01
1.085395e+00
7.618977e-02
0.000000e+00
9.579919e-01
2.867954e-01
4.020937e-01
1.085395e+00
7.618977e-02
1.843589e-01
1.085395e+00
7.618977e-02
4.013067e-01
1.084608e+00
7.868581e-02
0.000000e+00
9.492401e-01
3.145525e-01
4.013067e-01
1.084608e+00
7.868581e-02
1.843589e-01
1.085395e+00
7.618977e-02
1.851459e-01
1.084608e+00
7.868581e-02
0.000000e+00
9.293506e-01
3.691985e-01
4.013067e-01
1.084608e+00
7.868581e-02
1.851459e-01
1.084608e+00
7.868581e-02
4.003052e-01
1.083607e+00
8.110374e-02
0.000000e+00
9.182128e-01
3.960873e-01
4.003052e-01
1.083607e+00
8.110374e-02
1.851459e-01
1.084608e+00
7.868581e-02
1.861475e-01
1.083607e+00
8.110374e-02
0.000000e+00
8.936363e-01
4.487918e-01
4.003052e-01
1.083607e+00
8.110374e-02
1.861475e-01
1.083607e+00
8.110374e-02
3.990967e-01
1.082398e+00
8.342520e-02
0.000000e+00
8.801975e-01
4.746076e-01
1.861475e-01
1.083607e+00
8.110374e-02
1.873559e-01
1.082398e+00
8.342520e-02
3.990967e-01
1.082398e+00
8.342520e-02
0.000000e+00
8.511210e-01
5.249696e-01
3.990967e-01
1.082398e+00
8.342520e-02
1.873559e-01
1.082398e+00
8.342520e-02
1.887621e-01
1.080992e+00
8.563249e-02
0.000000e+00
8.354833e-01
5.495159e-01
3.990967e-01
1.082398e+00
8.342520e-02
1.887621e-01
1.080992e+00
8.563249e-02
3.976905e-01
1.080992e+00
8.563249e-02
0.000000e+00
8.021281e-01
5.971520e-01
3.976905e-01
1.080992e+00
8.563249e-02
1.887621e-01
1.080992e+00
8.563249e-02
3.960972e-01
1.079399e+00
8.770882e-02
0.000000e+00
7.844105e-01
6.202420e-01
1.887621e-01
1.080992e+00
8.563249e-02
1.903553e-01
1.079399e+00
8.770882e-02
3.960972e-01
1.079399e+00
8.770882e-02
0.000000e+00
7.274188e-01
6.861938e-01
3.960972e-01
1.079399e+00
8.770882e-02
1.903553e-01
1.079399e+00
8.770882e-02
1.940531e-01
1.075701e+00
9.140653e-02
0.000000e+00
6.861938e-01
7.274188e-01
3.960972e-01
1.079399e+00
8.770882e-02
1.940531e-01
1.075701e+00
9.140653e-02
3.923995e-01
1.075701e+00
9.140653e-02
0.000000e+00
5.972114e-01
8.020838e-01
3.923995e-01
1.075701e+00
9.140653e-02
1.940531e-01
1.075701e+00
9.140653e-02
1.983367e-01
1.071417e+00
9.440596e-02
0.000000e+00
5.494540e-01
8.355240e-01
3.923995e-01
1.075701e+00
9.140653e-02
1.983367e-01
1.071417e+00
9.440596e-02
3.881159e-01
1.071417e+00
9.440596e-02
0.000000e+00
4.488580e-01
8.936031e-01
3.881159e-01
1.071417e+00
9.440596e-02
1.983367e-01
1.071417e+00
9.440596e-02
2.030761e-01
1.066678e+00
9.661597e-02
0.000000e+00
3.960194e-01
9.182422e-01
3.881159e-01
1.071417e+00
9.440596e-02
2.030761e-01
1.066678e+00
9.661597e-02
3.833765e-01
1.066678e+00
9.661597e-02
0.000000e+00
2.868663e-01
9.579706e-01
3.833765e-01
1.066678e+00
9.661597e-02
2.030761e-01
1.066678e+00
9.661597e-02
2.081272e-01
1.061627e+00
9.796944e-02
0.000000e+00
2.305519e-01
9.730600e-01
3.833765e-01
1.066678e+00
9.661597e-02
2.081272e-01
1.061627e+00
9.796944e-02
3.783253e-01
1.061627e+00
9.796944e-02
0.000000e+00
1.161583e-01
9.932307e-01
3.783253e-01
1.061627e+00
9.796944e-02
2.081272e-01
1.061627e+00
9.796944e-02
2.133367e-01
1.056417e+00
9.842519e-02
0.000000e+00
5.807913e-02
9.983119e-01
3.783253e-01
1.061627e+00
9.796944e-02
2.133367e-01
1.056417e+00
9.842519e-02
3.731159e-01
1.056417e+00
9.842519e-02
9.995772e-01
0.000000e+00
2.907651e-02
4.031159e-01
5.861811e-01
6.842519e-02
4.031159e-01
1.086417e+00
6.842519e-02
4.030018e-01
1.086303e+00
7.103987e-02
9.961947e-01
0.000000e+00
8.715575e-02
4.031159e-01
5.861811e-01
6.842519e-02
4.030018e-01
1.086303e+00
7.103987e-02
4.026601e-01
5.861811e-01
7.363465e-02
9.894404e-01
0.000000e+00
1.449400e-01
4.030018e-01
1.086303e+00
7.103987e-02
4.026601e-01
1.085962e+00
7.363465e-02
4.026601e-01
5.861811e-01
7.363465e-02
9.793423e-01
0.000000e+00
2.022095e-01
4.026601e-01
5.861811e-01
7.363465e-02
4.026601e-01
1.085962e+00
7.363465e-02
4.020937e-01
1.085395e+00
7.618977e-02
9.659258e-01
0.000000e+00
2.588190e-01
4.026601e-01
5.861811e-01
7.363465e-02
4.020937e-01
1.085395e+00
7.618977e-02
4.013067e-01
5.861811e-01
7.868581e-02
9.492401e-01
0.000000e+00
3.145525e-01
4.020937e-01
1.085395e+00
7.618977e-02
4.013067e-01
1.084608e+00
7.868581e-02
4.013067e-01
5.861811e-01
7.868581e-02
9.293506e-01
0.000000e+00
3.691985e-01
4.013067e-01
5.861811e-01
7.868581e-02
4.013067e-01
1.084608e+00
7.868581e-02
4.003052e-01
1.083607e+00
8.110374e-02
9.063078e-01
0.000000e+00
4.226182e-01
4.013067e-01
5.861811e-01
7.868581e-02
4.003052e-01
1.083607e+00
8.110374e-02
3.990967e-01
5.861811e-01
8.342520e-02
8.801975e-01
0.000000e+00
4.746076e-01
4.003052e-01
1.083607e+00
8.110374e-02
3.990967e-01
1.082398e+00
8.342520e-02
3.990967e-01
5.861811e-01
8.342520e-02
8.511210e-01
0.000000e+00
5.249696e-01
3.990967e-01
5.861811e-01
8.342520e-02
3.990967e-01
1.082398e+00
8.342520e-02
3.976905e-01
1.080992e+00
8.563249e-02
8.191521e-01
0.000000e+00
5.735765e-01
3.990967e-01
5.861811e-01
8.342520e-02
3.976905e-01
1.080992e+00
8.563249e-02
3.960972e-01
5.861811e-01
8.770882e-02
7.844105e-01
0.000000e+00
6.202420e-01
3.960972e-01
5.861811e-01
8.770882e-02
3.976905e-01
1.080992e+00
8.563249e-02
3.960972e-01
1.079399e+00
8.770882e-02
7.592325e-01
0.000000e+00
6.508195e-01
3.960972e-01
5.861811e-01
8.770882e-02
3.960972e-01
1.079399e+00
8.770882e-02
3.954766e-01
5.861811e-01
8.842520e-02
7.360204e-01
0.000000e+00
6.769593e-01
3.954766e-01
5.861811e-01
8.842520e-02
3.960972e-01
1.079399e+00
8.770882e-02
3.939518e-01
5.860549e-01
9.000911e-02
6.027827e-01
0.000000e+00
7.979054e-01
3.896529e-01
5.847864e-01
9.339494e-02
3.914583e-01
5.854557e-01
9.216456e-02
3.923995e-01
1.075701e+00
9.140653e-02
6.260927e-01
0.000000e+00
7.797487e-01
3.923995e-01
1.075701e+00
9.140653e-02
3.914583e-01
5.854557e-01
9.216456e-02
3.918305e-01
5.855682e-01
9.187224e-02
6.368602e-01
0.000000e+00
7.709793e-01
3.923995e-01
1.075701e+00
9.140653e-02
3.918305e-01
5.855682e-01
9.187224e-02
3.923827e-01
5.856948e-01
9.138729e-02
6.861891e-01
0.000000e+00
7.274231e-01
3.923995e-01
1.075701e+00
9.140653e-02
3.923827e-01
5.856948e-01
9.138729e-02
3.960972e-01
1.079399e+00
8.770882e-02
7.011303e-01
0.000000e+00
7.130331e-01
3.960972e-01
1.079399e+00
8.770882e-02
3.923827e-01
5.856948e-01
9.138729e-02
3.937818e-01
5.860159e-01
9.015842e-02
7.174988e-01
0.000000e+00
6.965598e-01
3.960972e-01
1.079399e+00
8.770882e-02
3.937818e-01
5.860159e-01
9.015842e-02
3.939518e-01
5.860549e-01
9.000911e-02
4.292684e-01
0.000000e+00
9.031770e-01
3.847294e-01
5.826076e-01
9.608407e-02
3.850737e-01
5.827798e-01
9.593903e-02
3.881159e-01
1.071417e+00
9.440596e-02
4.576519e-01
0.000000e+00
8.891315e-01
3.850737e-01
5.827798e-01
9.593903e-02
3.872725e-01
5.837932e-01
9.481029e-02
3.881159e-01
1.071417e+00
9.440596e-02
4.909930e-01
0.000000e+00
8.711635e-01
3.881159e-01
1.071417e+00
9.440596e-02
3.872725e-01
5.837932e-01
9.481029e-02
3.881042e-01
5.841765e-01
9.438334e-02
5.494652e-01
0.000000e+00
8.355166e-01
3.881159e-01
1.071417e+00
9.440596e-02
3.881042e-01
5.841765e-01
9.438334e-02
3.923995e-01
1.075701e+00
9.140653e-02
5.536272e-01
0.000000e+00
8.327646e-01
3.923995e-01
1.075701e+00
9.140653e-02
3.881042e-01
5.841765e-01
9.438334e-02
3.885024e-01
5.843600e-01
9.417894e-02
5.705596e-01
0.000000e+00
8.212562e-01
3.923995e-01
1.075701e+00
9.140653e-02
3.885024e-01
5.843600e-01
9.417894e-02
3.896529e-01
5.847864e-01
9.339494e-02
2.874559e-01
0.000000e+00
9.577939e-01
3.798442e-01
5.800153e-01
9.766095e-02
3.819366e-01
5.811296e-01
9.699812e-02
3.833765e-01
1.066678e+00
9.661597e-02
3.264561e-01
0.000000e+00
9.452124e-01
3.833765e-01
1.066678e+00
9.661597e-02
3.819366e-01
5.811296e-01
9.699812e-02
3.833550e-01
5.818849e-01
9.654877e-02
3.960478e-01
0.000000e+00
9.182299e-01
3.833765e-01
1.066678e+00
9.661597e-02
3.833550e-01
5.818849e-01
9.654877e-02
3.881159e-01
1.071417e+00
9.440596e-02
4.077650e-01
0.000000e+00
9.130869e-01
3.881159e-01
1.071417e+00
9.440596e-02
3.833550e-01
5.818849e-01
9.654877e-02
3.844487e-01
5.824674e-01
9.620228e-02
4.224448e-01
0.000000e+00
9.063886e-01
3.881159e-01
1.071417e+00
9.440596e-02
3.844487e-01
5.824674e-01
9.620228e-02
3.847294e-01
5.826076e-01
9.608407e-02
5.807913e-02
0.000000e+00
9.983119e-01
3.731159e-01
1.056417e+00
9.842519e-02
3.731159e-01
5.761811e-01
9.842519e-02
3.783253e-01
1.061627e+00
9.796944e-02
6.017070e-02
0.000000e+00
9.981881e-01
3.783253e-01
1.061627e+00
9.796944e-02
3.731159e-01
5.761811e-01
9.842519e-02
3.733042e-01
5.762898e-01
9.842461e-02
7.923340e-02
0.000000e+00
9.968561e-01
3.783253e-01
1.061627e+00
9.796944e-02
3.733042e-01
5.762898e-01
9.842461e-02
3.748316e-01
5.771708e-01
9.837610e-02
1.104854e-01
0.000000e+00
9.938778e-01
3.748316e-01
5.771708e-01
9.837610e-02
3.761147e-01
5.778989e-01
9.819304e-02
3.783253e-01
1.061627e+00
9.796944e-02
1.492973e-01
0.000000e+00
9.887924e-01
3.783253e-01
1.061627e+00
9.796944e-02
3.761147e-01
5.778989e-01
9.819304e-02
3.783123e-01
5.791460e-01
9.787952e-02
2.305817e-01
0.000000e+00
9.730530e-01
3.783253e-01
1.061627e+00
9.796944e-02
3.783123e-01
5.791460e-01
9.787952e-02
3.833765e-01
1.066678e+00
9.661597e-02
2.391081e-01
0.000000e+00
9.709929e-01
3.833765e-01
1.066678e+00
9.661597e-02
3.783123e-01
5.791460e-01
9.787952e-02
3.790885e-01
5.795864e-01
9.776877e-02
2.557855e-01
0.000000e+00
9.667336e-01
3.833765e-01
1.066678e+00
9.661597e-02
3.790885e-01
5.795864e-01
9.776877e-02
3.798442e-01
5.800153e-01
9.766095e-02
-6.027827e-01
0.000000e+00
7.979054e-01
1.967998e-01
1.738048e+00
9.339494e-02
1.949943e-01
1.737379e+00
9.216456e-02
1.940531e-01
1.247134e+00
9.140653e-02
-6.260927e-01
0.000000e+00
7.797487e-01
1.940531e-01
1.247134e+00
9.140653e-02
1.949943e-01
1.737379e+00
9.216456e-02
1.945907e-01
1.737259e+00
9.184467e-02
-6.368602e-01
0.000000e+00
7.709793e-01
1.940531e-01
1.247134e+00
9.140653e-02
1.945907e-01
1.737259e+00
9.184467e-02
1.940700e-01
1.737140e+00
9.138729e-02
-6.861891e-01
0.000000e+00
7.274231e-01
1.940531e-01
1.247134e+00
9.140653e-02
1.940700e-01
1.737140e+00
9.138729e-02
1.903553e-01
1.243436e+00
8.770882e-02
-7.011303e-01
0.000000e+00
7.130331e-01
1.903553e-01
1.243436e+00
8.770882e-02
1.940700e-01
1.737140e+00
9.138729e-02
1.926708e-01
1.736819e+00
9.015842e-02
-7.174988e-01
0.000000e+00
6.965598e-01
1.903553e-01
1.243436e+00
8.770882e-02
1.926708e-01
1.736819e+00
9.015842e-02
1.925008e-01
1.736780e+00
9.000911e-02
-4.292684e-01
0.000000e+00
9.031770e-01
2.017232e-01
1.740227e+00
9.608407e-02
2.013789e-01
1.740055e+00
9.593903e-02
1.983367e-01
1.251417e+00
9.440596e-02
-4.576519e-01
0.000000e+00
8.891315e-01
2.013789e-01
1.740055e+00
9.593903e-02
1.991801e-01
1.739041e+00
9.481029e-02
1.983367e-01
1.251417e+00
9.440596e-02
-4.909930e-01
0.000000e+00
8.711635e-01
1.983367e-01
1.251417e+00
9.440596e-02
1.991801e-01
1.739041e+00
9.481029e-02
1.983484e-01
1.738658e+00
9.438334e-02
-5.494652e-01
0.000000e+00
8.355166e-01
1.983367e-01
1.251417e+00
9.440596e-02
1.983484e-01
1.738658e+00
9.438334e-02
1.940531e-01
1.247134e+00
9.140653e-02
-5.536272e-01
0.000000e+00
8.327646e-01
1.940531e-01
1.247134e+00
9.140653e-02
1.983484e-01
1.738658e+00
9.438334e-02
1.979502e-01
1.738475e+00
9.417894e-02
-5.705596e-01
0.000000e+00
8.212562e-01
1.940531e-01
1.247134e+00
9.140653e-02
1.979502e-01
1.738475e+00
9.417894e-02
1.967998e-01
1.738048e+00
9.339494e-02
-2.874559e-01
0.000000e+00
9.577939e-01
2.066084e-01
1.742819e+00
9.766095e-02
2.045160e-01
1.741705e+00
9.699812e-02
2.030761e-01
1.256157e+00
9.661597e-02
-3.264561e-01
0.000000e+00
9.452124e-01
2.030761e-01
1.256157e+00
9.661597e-02
2.045160e-01
1.741705e+00
9.699812e-02
2.030976e-01
1.740950e+00
9.654877e-02
-3.960478e-01
0.000000e+00
9.182299e-01
2.030761e-01
1.256157e+00
9.661597e-02
2.030976e-01
1.740950e+00
9.654877e-02
1.983367e-01
1.251417e+00
9.440596e-02
-4.077650e-01
0.000000e+00
9.130869e-01
1.983367e-01
1.251417e+00
9.440596e-02
2.030976e-01
1.740950e+00
9.654877e-02
2.020039e-01
1.740367e+00
9.620228e-02
-4.224448e-01
0.000000e+00
9.063886e-01
1.983367e-01
1.251417e+00
9.440596e-02
2.020039e-01
1.740367e+00
9.620228e-02
2.017232e-01
1.740227e+00
9.608407e-02
-5.807913e-02
0.000000e+00
9.983119e-01
2.133367e-01
1.266417e+00
9.842519e-02
2.133367e-01
1.746654e+00
9.842519e-02
2.081272e-01
1.261208e+00
9.796944e-02
-6.017070e-02
0.000000e+00
9.981881e-01
2.081272e-01
1.261208e+00
9.796944e-02
2.133367e-01
1.746654e+00
9.842519e-02
2.131484e-01
1.746545e+00
9.842461e-02
-7.923340e-02
0.000000e+00
9.968561e-01
2.081272e-01
1.261208e+00
9.796944e-02
2.131484e-01
1.746545e+00
9.842461e-02
2.116211e-01
1.745664e+00
9.837610e-02
-1.104854e-01
0.000000e+00
9.938778e-01
2.116211e-01
1.745664e+00
9.837610e-02
2.103379e-01
1.744936e+00
9.819304e-02
2.081272e-01
1.261208e+00
9.796944e-02
-1.492973e-01
0.000000e+00
9.887924e-01
2.081272e-01
1.261208e+00
9.796944e-02
2.103379e-01
1.744936e+00
9.819304e-02
2.081403e-01
1.743689e+00
9.787952e-02
-2.305817e-01
0.000000e+00
9.730530e-01
2.081272e-01
1.261208e+00
9.796944e-02
2.081403e-01
1.743689e+00
9.787952e-02
2.030761e-01
1.256157e+00
9.661597e-02
-2.391081e-01
0.000000e+00
9.709929e-01
2.030761e-01
1.256157e+00
9.661597e-02
2.081403e-01
1.743689e+00
9.787952e-02
2.073641e-01
1.743248e+00
9.776877e-02
-2.557855e-01
0.000000e+00
9.667336e-01
2.030761e-01
1.256157e+00
9.661597e-02
2.073641e-01
1.743248e+00
9.776877e-02
2.066084e-01
1.742819e+00
9.766095e-02
-7.360204e-01
0.000000e+00
6.769593e-01
1.925008e-01
1.736780e+00
9.000911e-02
1.909760e-01
1.736653e+00
8.842520e-02
1.903553e-01
1.243436e+00
8.770882e-02
-7.592325e-01
0.000000e+00
6.508195e-01
1.903553e-01
1.243436e+00
8.770882e-02
1.909760e-01
1.736653e+00
8.842520e-02
1.903553e-01
1.736653e+00
8.770882e-02
-7.844105e-01
0.000000e+00
6.202419e-01
1.903553e-01
1.243436e+00
8.770882e-02
1.903553e-01
1.736653e+00
8.770882e-02
1.887621e-01
1.241843e+00
8.563249e-02
-8.191521e-01
0.000000e+00
5.735765e-01
1.887621e-01
1.241843e+00
8.563249e-02
1.903553e-01
1.736653e+00
8.770882e-02
1.873559e-01
1.736653e+00
8.342520e-02
-8.511210e-01
0.000000e+00
5.249696e-01
1.887621e-01
1.241843e+00
8.563249e-02
1.873559e-01
1.736653e+00
8.342520e-02
1.873559e-01
1.240437e+00
8.342520e-02
-8.801975e-01
0.000000e+00
4.746076e-01
1.873559e-01
1.240437e+00
8.342520e-02
1.873559e-01
1.736653e+00
8.342520e-02
1.861475e-01
1.239228e+00
8.110374e-02
-9.063078e-01
0.000000e+00
4.226183e-01
1.861475e-01
1.239228e+00
8.110374e-02
1.873559e-01
1.736653e+00
8.342520e-02
1.851459e-01
1.736653e+00
7.868581e-02
-9.293506e-01
0.000000e+00
3.691985e-01
1.861475e-01
1.239228e+00
8.110374e-02
1.851459e-01
1.736653e+00
7.868581e-02
1.851459e-01
1.238227e+00
7.868581e-02
-9.492401e-01
0.000000e+00
3.145525e-01
1.851459e-01
1.238227e+00
7.868581e-02
1.851459e-01
1.736653e+00
7.868581e-02
1.843589e-01
1.237440e+00
7.618977e-02
-9.659258e-01
0.000000e+00
2.588190e-01
1.843589e-01
1.237440e+00
7.618977e-02
1.851459e-01
1.736653e+00
7.868581e-02
1.837925e-01
1.736653e+00
7.363465e-02
-9.793423e-01
0.000000e+00
2.022095e-01
1.843589e-01
1.237440e+00
7.618977e-02
1.837925e-01
1.736653e+00
7.363465e-02
1.837925e-01
1.236873e+00
7.363465e-02
-9.894404e-01
0.000000e+00
1.449400e-01
1.837925e-01
1.236873e+00
7.363465e-02
1.837925e-01
1.736653e+00
7.363465e-02
1.834508e-01
1.236531e+00
7.103987e-02
-9.961947e-01
0.000000e+00
8.715575e-02
1.834508e-01
1.236531e+00
7.103987e-02
1.837925e-01
1.736653e+00
7.363465e-02
1.833367e-01
1.736653e+00
6.842519e-02
-9.995772e-01
0.000000e+00
2.907651e-02
1.834508e-01
1.236531e+00
7.103987e-02
1.833367e-01
1.736653e+00
6.842519e-02
1.833367e-01
1.236417e+00
6.842519e-02
0.000000e+00
-5.807913e-02
9.983119e-01
3.731159e-01
1.266417e+00
9.842519e-02
2.133367e-01
1.266417e+00
9.842519e-02
2.081272e-01
1.261208e+00
9.796944e-02
0.000000e+00
-1.161583e-01
9.932307e-01
3.731159e-01
1.266417e+00
9.842519e-02
2.081272e-01
1.261208e+00
9.796944e-02
3.783253e-01
1.261208e+00
9.796944e-02
0.000000e+00
-2.305519e-01
9.730600e-01
3.783253e-01
1.261208e+00
9.796944e-02
2.081272e-01
1.261208e+00
9.796944e-02
2.030761e-01
1.256157e+00
9.661597e-02
0.000000e+00
-2.868663e-01
9.579706e-01
3.783253e-01
1.261208e+00
9.796944e-02
2.030761e-01
1.256157e+00
9.661597e-02
3.833765e-01
1.256157e+00
9.661597e-02
0.000000e+00
-3.960194e-01
9.182422e-01
3.833765e-01
1.256157e+00
9.661597e-02
2.030761e-01
1.256157e+00
9.661597e-02
1.983367e-01
1.251417e+00
9.440596e-02
0.000000e+00
-4.488580e-01
8.936031e-01
3.833765e-01
1.256157e+00
9.661597e-02
1.983367e-01
1.251417e+00
9.440596e-02
3.881159e-01
1.251417e+00
9.440596e-02
0.000000e+00
-5.494540e-01
8.355240e-01
3.881159e-01
1.251417e+00
9.440596e-02
1.983367e-01
1.251417e+00
9.440596e-02
1.940531e-01
1.247134e+00
9.140653e-02
0.000000e+00
-5.972114e-01
8.020838e-01
3.881159e-01
1.251417e+00
9.440596e-02
1.940531e-01
1.247134e+00
9.140653e-02
3.923995e-01
1.247134e+00
9.140653e-02
0.000000e+00
-6.861938e-01
7.274188e-01
3.923995e-01
1.247134e+00
9.140653e-02
1.940531e-01
1.247134e+00
9.140653e-02
1.903553e-01
1.243436e+00
8.770882e-02
0.000000e+00
-7.274188e-01
6.861938e-01
3.923995e-01
1.247134e+00
9.140653e-02
1.903553e-01
1.243436e+00
8.770882e-02
3.960972e-01
1.243436e+00
8.770882e-02
0.000000e+00
-8.511210e-01
5.249696e-01
1.873559e-01
1.240437e+00
8.342520e-02
3.990967e-01
1.240437e+00
8.342520e-02
3.976905e-01
1.241843e+00
8.563249e-02
0.000000e+00
-7.844105e-01
6.202419e-01
3.960972e-01
1.243436e+00
8.770882e-02
1.903553e-01
1.243436e+00
8.770882e-02
3.976905e-01
1.241843e+00
8.563249e-02
0.000000e+00
-8.021281e-01
5.971520e-01
3.976905e-01
1.241843e+00
8.563249e-02
1.903553e-01
1.243436e+00
8.770882e-02
1.887621e-01
1.241843e+00
8.563249e-02
0.000000e+00
-8.354833e-01
5.495159e-01
3.976905e-01
1.241843e+00
8.563249e-02
1.887621e-01
1.241843e+00
8.563249e-02
1.873559e-01
1.240437e+00
8.342520e-02
0.000000e+00
-8.801975e-01
4.746076e-01
3.990967e-01
1.240437e+00
8.342520e-02
1.873559e-01
1.240437e+00
8.342520e-02
4.003052e-01
1.239228e+00
8.110374e-02
0.000000e+00
-8.936363e-01
4.487919e-01
4.003052e-01
1.239228e+00
8.110374e-02
1.873559e-01
1.240437e+00
8.342520e-02
1.861475e-01
1.239228e+00
8.110374e-02
0.000000e+00
-9.182128e-01
3.960873e-01
4.003052e-01
1.239228e+00
8.110374e-02
1.861475e-01
1.239228e+00
8.110374e-02
4.013067e-01
1.238227e+00
7.868581e-02
0.000000e+00
-9.293506e-01
3.691985e-01
4.013067e-01
1.238227e+00
7.868581e-02
1.861475e-01
1.239228e+00
8.110374e-02
1.851459e-01
1.238227e+00
7.868581e-02
0.000000e+00
-9.492401e-01
3.145525e-01
4.013067e-01
1.238227e+00
7.868581e-02
1.851459e-01
1.238227e+00
7.868581e-02
4.020937e-01
1.237440e+00
7.618977e-02
0.000000e+00
-9.579919e-01
2.867954e-01
4.020937e-01
1.237440e+00
7.618977e-02
1.851459e-01
1.238227e+00
7.868581e-02
1.843589e-01
1.237440e+00
7.618977e-02
0.000000e+00
-9.730430e-01
2.306239e-01
4.020937e-01
1.237440e+00
7.618977e-02
1.843589e-01
1.237440e+00
7.618977e-02
4.026601e-01
1.236873e+00
7.363465e-02
0.000000e+00
-9.793423e-01
2.022095e-01
1.843589e-01
1.237440e+00
7.618977e-02
1.837925e-01
1.236873e+00
7.363465e-02
4.026601e-01
1.236873e+00
7.363465e-02
0.000000e+00
-9.894404e-01
1.449400e-01
4.026601e-01
1.236873e+00
7.363465e-02
1.837925e-01
1.236873e+00
7.363465e-02
1.834508e-01
1.236531e+00
7.103987e-02
0.000000e+00
-9.932393e-01
1.160848e-01
4.026601e-01
1.236873e+00
7.363465e-02
1.834508e-01
1.236531e+00
7.103987e-02
4.030018e-01
1.236531e+00
7.103987e-02
0.000000e+00
-9.983077e-01
5.815303e-02
4.030018e-01
1.236531e+00
7.103987e-02
1.834508e-01
1.236531e+00
7.103987e-02
1.833367e-01
1.236417e+00
6.842519e-02
0.000000e+00
-9.995772e-01
2.907651e-02
4.030018e-01
1.236531e+00
7.103987e-02
1.833367e-01
1.236417e+00
6.842519e-02
4.031159e-01
1.236417e+00
6.842519e-02
9.995772e-01
0.000000e+00
2.907651e-02
4.031159e-01
1.236417e+00
6.842519e-02
4.031159e-01
1.736653e+00
6.842519e-02
4.030018e-01
1.236531e+00
7.103987e-02
9.961947e-01
0.000000e+00
8.715575e-02
4.030018e-01
1.236531e+00
7.103987e-02
4.031159e-01
1.736653e+00
6.842519e-02
4.026601e-01
1.736653e+00
7.363465e-02
9.659258e-01
0.000000e+00
2.588190e-01
4.013067e-01
1.736653e+00
7.868581e-02
4.020937e-01
1.237440e+00
7.618977e-02
4.026601e-01
1.736653e+00
7.363465e-02
9.793423e-01
0.000000e+00
2.022095e-01
4.026601e-01
1.736653e+00
7.363465e-02
4.020937e-01
1.237440e+00
7.618977e-02
4.026601e-01
1.236873e+00
7.363465e-02
9.894404e-01
0.000000e+00
1.449400e-01
4.026601e-01
1.736653e+00
7.363465e-02
4.026601e-01
1.236873e+00
7.363465e-02
4.030018e-01
1.236531e+00
7.103987e-02
8.511210e-01
0.000000e+00
5.249696e-01
3.976905e-01
1.241843e+00
8.563249e-02
3.990967e-01
1.240437e+00
8.342520e-02
3.990967e-01
1.736653e+00
8.342520e-02
8.801975e-01
0.000000e+00
4.746076e-01
3.990967e-01
1.736653e+00
8.342520e-02
3.990967e-01
1.240437e+00
8.342520e-02
4.003052e-01
1.239228e+00
8.110374e-02
9.063078e-01
0.000000e+00
4.226183e-01
3.990967e-01
1.736653e+00
8.342520e-02
4.003052e-01
1.239228e+00
8.110374e-02
4.013067e-01
1.736653e+00
7.868581e-02
9.293506e-01
0.000000e+00
3.691985e-01
4.013067e-01
1.736653e+00
7.868581e-02
4.003052e-01
1.239228e+00
8.110374e-02
4.013067e-01
1.238227e+00
7.868581e-02
9.492401e-01
0.000000e+00
3.145525e-01
4.013067e-01
1.736653e+00
7.868581e-02
4.013067e-01
1.238227e+00
7.868581e-02
4.020937e-01
1.237440e+00
7.618977e-02
8.191521e-01
0.000000e+00
5.735765e-01
3.976905e-01
1.241843e+00
8.563249e-02
3.990967e-01
1.736653e+00
8.342520e-02
3.960972e-01
1.243436e+00
8.770882e-02
8.020838e-01
0.000000e+00
5.972114e-01
3.960972e-01
1.243436e+00
8.770882e-02
3.990967e-01
1.736653e+00
8.342520e-02
3.960972e-01
1.736653e+00
8.770882e-02
7.274188e-01
0.000000e+00
6.861938e-01
3.960972e-01
1.243436e+00
8.770882e-02
3.960972e-01
1.736653e+00
8.770882e-02
3.923995e-01
1.247134e+00
9.140653e-02
7.201372e-01
0.000000e+00
6.938317e-01
3.923995e-01
1.247134e+00
9.140653e-02
3.960972e-01
1.736653e+00
8.770882e-02
3.954766e-01
1.736653e+00
8.842520e-02
6.935324e-01
0.000000e+00
7.204255e-01
3.923995e-01
1.247134e+00
9.140653e-02
3.954766e-01
1.736653e+00
8.842520e-02
3.937708e-01
1.736832e+00
9.015864e-02
6.703126e-01
0.000000e+00
7.420788e-01
3.937708e-01
1.736832e+00
9.015864e-02
3.934726e-01
1.736863e+00
9.046166e-02
3.923995e-01
1.247134e+00
9.140653e-02
6.548740e-01
0.000000e+00
7.557381e-01
3.923995e-01
1.247134e+00
9.140653e-02
3.934726e-01
1.736863e+00
9.046166e-02
3.923881e-01
1.737129e+00
9.139324e-02
5.972096e-01
0.000000e+00
8.020852e-01
3.923995e-01
1.247134e+00
9.140653e-02
3.923881e-01
1.737129e+00
9.139324e-02
3.881159e-01
1.251417e+00
9.440596e-02
5.910017e-01
0.000000e+00
8.066703e-01
3.923881e-01
1.737129e+00
9.139324e-02
3.918305e-01
1.737266e+00
9.187224e-02
3.881159e-01
1.251417e+00
9.440596e-02
5.597466e-01
0.000000e+00
8.286638e-01
3.881159e-01
1.251417e+00
9.440596e-02
3.918305e-01
1.737266e+00
9.187224e-02
3.896601e-01
1.738039e+00
9.340122e-02
5.262278e-01
0.000000e+00
8.503436e-01
3.896601e-01
1.738039e+00
9.340122e-02
3.888944e-01
1.738312e+00
9.394068e-02
3.881159e-01
1.251417e+00
9.440596e-02
5.087210e-01
0.000000e+00
8.609315e-01
3.881159e-01
1.251417e+00
9.440596e-02
3.888944e-01
1.738312e+00
9.394068e-02
3.880920e-01
1.738678e+00
9.436037e-02
4.488784e-01
0.000000e+00
8.935928e-01
3.881159e-01
1.251417e+00
9.440596e-02
3.880920e-01
1.738678e+00
9.436037e-02
3.833765e-01
1.256157e+00
9.661597e-02
4.394952e-01
0.000000e+00
8.982449e-01
3.833765e-01
1.256157e+00
9.661597e-02
3.880920e-01
1.738678e+00
9.436037e-02
3.872581e-01
1.739058e+00
9.479653e-02
4.051020e-01
0.000000e+00
9.142715e-01
3.833765e-01
1.256157e+00
9.661597e-02
3.872581e-01
1.739058e+00
9.479653e-02
3.850737e-01
1.740055e+00
9.593903e-02
3.760145e-01
0.000000e+00
9.266138e-01
3.850737e-01
1.740055e+00
9.593903e-02
3.847154e-01
1.740244e+00
9.605908e-02
3.833765e-01
1.256157e+00
9.661597e-02
3.571457e-01
0.000000e+00
9.340487e-01
3.833765e-01
1.256157e+00
9.661597e-02
3.847154e-01
1.740244e+00
9.605908e-02
3.833437e-01
1.740967e+00
9.651865e-02
2.868927e-01
0.000000e+00
9.579628e-01
3.833765e-01
1.256157e+00
9.661597e-02
3.833437e-01
1.740967e+00
9.651865e-02
3.783253e-01
1.261208e+00
9.796944e-02
2.709297e-01
0.000000e+00
9.625992e-01
3.783253e-01
1.261208e+00
9.796944e-02
3.833437e-01
1.740967e+00
9.651865e-02
3.819308e-01
1.741711e+00
9.699205e-02
2.346032e-01
0.000000e+00
9.720913e-01
3.783253e-01
1.261208e+00
9.796944e-02
3.819308e-01
1.741711e+00
9.699205e-02
3.801478e-01
1.742651e+00
9.758943e-02
2.025516e-01
0.000000e+00
9.792716e-01
3.801478e-01
1.742651e+00
9.758943e-02
3.790829e-01
1.743255e+00
9.774701e-02
3.783253e-01
1.261208e+00
9.796944e-02
1.822811e-01
0.000000e+00
9.832465e-01
3.783253e-01
1.261208e+00
9.796944e-02
3.790829e-01
1.743255e+00
9.774701e-02
3.783091e-01
1.743693e+00
9.786151e-02
1.161891e-01
0.000000e+00
9.932271e-01
3.783253e-01
1.261208e+00
9.796944e-02
3.783091e-01
1.743693e+00
9.786151e-02
3.731159e-01
1.266417e+00
9.842519e-02
9.154357e-02
0.000000e+00
9.958011e-01
3.731159e-01
1.266417e+00
9.842519e-02
3.783091e-01
1.743693e+00
9.786151e-02
3.761127e-01
1.744938e+00
9.818652e-02
5.250315e-02
0.000000e+00
9.986207e-01
3.761127e-01
1.744938e+00
9.818652e-02
3.748316e-01
1.745664e+00
9.837610e-02
3.731159e-01
1.266417e+00
9.842519e-02
2.116111e-02
0.000000e+00
9.997761e-01
3.731159e-01
1.266417e+00
9.842519e-02
3.748316e-01
1.745664e+00
9.837610e-02
3.733042e-01
1.746545e+00
9.842461e-02
2.091534e-03
0.000000e+00
9.999979e-01
3.731159e-01
1.266417e+00
9.842519e-02
3.733042e-01
1.746545e+00
9.842461e-02
3.731159e-01
1.746654e+00
9.842519e-02
0.000000e+00
3.622639e-03
9.999934e-01
3.733042e-01
5.762898e-01
9.842461e-02
3.731159e-01
5.761811e-01
9.842519e-02
5.655512e-01
5.761811e-01
9.842519e-02
0.000000e+00
9.894448e-01
1.449101e-01
3.937818e-01
5.860159e-01
9.015842e-02
5.557031e-01
5.860292e-01
9.016168e-02
5.555893e-01
5.861431e-01
8.929676e-02
0.000000e+00
9.995772e-01
2.907651e-02
5.555512e-01
5.861811e-01
8.842520e-02
3.954766e-01
5.861811e-01
8.842520e-02
5.555893e-01
5.861431e-01
8.929676e-02
0.000000e+00
9.966304e-01
8.202241e-02
5.555893e-01
5.861431e-01
8.929676e-02
3.954766e-01
5.861811e-01
8.842520e-02
3.939518e-01
5.860549e-01
9.000911e-02
0.000000e+00
9.901794e-01
1.398029e-01
5.555893e-01
5.861431e-01
8.929676e-02
3.939518e-01
5.860549e-01
9.000911e-02
3.937818e-01
5.860159e-01
9.015842e-02
0.000000e+00
9.492379e-01
3.145591e-01
3.918305e-01
5.855682e-01
9.187224e-02
5.561543e-01
5.855780e-01
9.184540e-02
5.558919e-01
5.858403e-01
9.101339e-02
0.000000e+00
9.793484e-01
2.021799e-01
5.557031e-01
5.860292e-01
9.016168e-02
3.937818e-01
5.860159e-01
9.015842e-02
5.558919e-01
5.858403e-01
9.101339e-02
0.000000e+00
9.698855e-01
2.435613e-01
5.558919e-01
5.858403e-01
9.101339e-02
3.937818e-01
5.860159e-01
9.015842e-02
3.923827e-01
5.856948e-01
9.138729e-02
0.000000e+00
9.540750e-01
2.995678e-01
5.558919e-01
5.858403e-01
9.101339e-02
3.923827e-01
5.856948e-01
9.138729e-02
3.918305e-01
5.855682e-01
9.187224e-02
0.000000e+00
9.014192e-01
4.329473e-01
3.914583e-01
5.854557e-01
9.216456e-02
3.896529e-01
5.847864e-01
9.339494e-02
5.564881e-01
5.852442e-01
9.265138e-02
0.000000e+00
8.801774e-01
4.746449e-01
5.564881e-01
5.852442e-01
9.265138e-02
3.896529e-01
5.847864e-01
9.339494e-02
5.568910e-01
5.848414e-01
9.342519e-02
0.000000e+00
9.293480e-01
3.692049e-01
5.561543e-01
5.855780e-01
9.184540e-02
3.918305e-01
5.855682e-01
9.187224e-02
5.564881e-01
5.852442e-01
9.265138e-02
0.000000e+00
9.247189e-01
3.806506e-01
5.564881e-01
5.852442e-01
9.265138e-02
3.918305e-01
5.855682e-01
9.187224e-02
3.914583e-01
5.854557e-01
9.216456e-02
0.000000e+00
8.510988e-01
5.250057e-01
5.568910e-01
5.848414e-01
9.342519e-02
3.896529e-01
5.847864e-01
9.339494e-02
5.573597e-01
5.843726e-01
9.416097e-02
0.000000e+00
8.350572e-01
5.501631e-01
5.573597e-01
5.843726e-01
9.416097e-02
3.896529e-01
5.847864e-01
9.339494e-02
3.885024e-01
5.843600e-01
9.417894e-02
0.000000e+00
8.016904e-01
5.977395e-01
5.573597e-01
5.843726e-01
9.416097e-02
3.885024e-01
5.843600e-01
9.417894e-02
5.578908e-01
5.838416e-01
9.485307e-02
0.000000e+00
7.957597e-01
6.056125e-01
3.885024e-01
5.843600e-01
9.417894e-02
3.881042e-01
5.841765e-01
9.438334e-02
5.578908e-01
5.838416e-01
9.485307e-02
0.000000e+00
7.783009e-01
6.278915e-01
5.578908e-01
5.838416e-01
9.485307e-02
3.881042e-01
5.841765e-01
9.438334e-02
3.872725e-01
5.837932e-01
9.481029e-02
0.000000e+00
7.274574e-01
6.861529e-01
5.578908e-01
5.838416e-01
9.485307e-02
3.872725e-01
5.837932e-01
9.481029e-02
5.591233e-01
5.826090e-01
9.608565e-02
0.000000e+00
6.916828e-01
7.222015e-01
3.872725e-01
5.837932e-01
9.481029e-02
3.850737e-01
5.827798e-01
9.593903e-02
5.591233e-01
5.826090e-01
9.608565e-02
0.000000e+00
6.485167e-01
7.612004e-01
5.591233e-01
5.826090e-01
9.608565e-02
3.850737e-01
5.827798e-01
9.593903e-02
3.847294e-01
5.826076e-01
9.608407e-02
0.000000e+00
5.972113e-01
8.020840e-01
5.591233e-01
5.826090e-01
9.608565e-02
3.847294e-01
5.826076e-01
9.608407e-02
5.605512e-01
5.811811e-01
9.708545e-02
0.000000e+00
5.922854e-01
8.057283e-01
5.605512e-01
5.811811e-01
9.708545e-02
3.847294e-01
5.826076e-01
9.608407e-02
3.844487e-01
5.824674e-01
9.620228e-02
0.000000e+00
5.689145e-01
8.223968e-01
3.844487e-01
5.824674e-01
9.620228e-02
3.833550e-01
5.818849e-01
9.654877e-02
5.605512e-01
5.811811e-01
9.708545e-02
0.000000e+00
5.253056e-01
8.509137e-01
5.605512e-01
5.811811e-01
9.708545e-02
3.833550e-01
5.818849e-01
9.654877e-02
3.819366e-01
5.811296e-01
9.699812e-02
0.000000e+00
4.488277e-01
8.936183e-01
5.605512e-01
5.811811e-01
9.708545e-02
3.819366e-01
5.811296e-01
9.699812e-02
5.621310e-01
5.796013e-01
9.782213e-02
0.000000e+00
4.095705e-01
9.122785e-01
3.819366e-01
5.811296e-01
9.699812e-02
3.798442e-01
5.800153e-01
9.766095e-02
5.621310e-01
5.796013e-01
9.782213e-02
0.000000e+00
3.560306e-01
9.344742e-01
5.621310e-01
5.796013e-01
9.782213e-02
3.798442e-01
5.800153e-01
9.766095e-02
3.790885e-01
5.795864e-01
9.776877e-02
0.000000e+00
2.870037e-01
9.579294e-01
5.621310e-01
5.796013e-01
9.782213e-02
3.790885e-01
5.795864e-01
9.776877e-02
5.638147e-01
5.779176e-01
9.827328e-02
0.000000e+00
2.725148e-01
9.621516e-01
3.790885e-01
5.795864e-01
9.776877e-02
3.783123e-01
5.791460e-01
9.787952e-02
5.638147e-01
5.779176e-01
9.827328e-02
0.000000e+00
2.157638e-01
9.764456e-01
5.638147e-01
5.779176e-01
9.827328e-02
3.783123e-01
5.791460e-01
9.787952e-02
3.761147e-01
5.778989e-01
9.819304e-02
0.000000e+00
1.160098e-01
9.932480e-01
5.638147e-01
5.779176e-01
9.827328e-02
3.761147e-01
5.778989e-01
9.819304e-02
5.655512e-01
5.761811e-01
9.842519e-02
0.000000e+00
9.095717e-02
9.958548e-01
5.655512e-01
5.761811e-01
9.842519e-02
3.761147e-01
5.778989e-01
9.819304e-02
3.748316e-01
5.771708e-01
9.837610e-02
0.000000e+00
3.664911e-02
9.993282e-01
5.655512e-01
5.761811e-01
9.842519e-02
3.748316e-01
5.771708e-01
9.837610e-02
3.733042e-01
5.762898e-01
9.842461e-02
-9.995772e-01
0.000000e+00
2.907651e-02
5.555893e-01
1.736692e+00
8.929676e-02
5.555512e-01
1.736653e+00
8.842520e-02
5.555512e-01
5.861811e-01
8.842520e-02
-9.961947e-01
0.000000e+00
8.715575e-02
5.555893e-01
1.736692e+00
8.929676e-02
5.555512e-01
5.861811e-01
8.842520e-02
5.557031e-01
1.736805e+00
9.016168e-02
-9.961947e-01
0.000000e+00
8.715575e-02
5.555512e-01
5.861811e-01
8.842520e-02
5.555893e-01
5.861431e-01
8.929676e-02
5.557031e-01
1.736805e+00
9.016168e-02
-9.894404e-01
0.000000e+00
1.449400e-01
5.557031e-01
1.736805e+00
9.016168e-02
5.555893e-01
5.861431e-01
8.929676e-02
5.557031e-01
5.860292e-01
9.016168e-02
-9.793423e-01
0.000000e+00
2.022095e-01
5.557031e-01
1.736805e+00
9.016168e-02
5.557031e-01
5.860292e-01
9.016168e-02
5.558919e-01
1.736994e+00
9.101339e-02
-9.659258e-01
0.000000e+00
2.588190e-01
5.558919e-01
1.736994e+00
9.101339e-02
5.557031e-01
5.860292e-01
9.016168e-02
5.561543e-01
1.737257e+00
9.184540e-02
-9.659258e-01
0.000000e+00
2.588190e-01
5.557031e-01
5.860292e-01
9.016168e-02
5.558919e-01
5.858403e-01
9.101339e-02
5.561543e-01
1.737257e+00
9.184540e-02
-9.492401e-01
0.000000e+00
3.145525e-01
5.561543e-01
1.737257e+00
9.184540e-02
5.558919e-01
5.858403e-01
9.101339e-02
5.561543e-01
5.855780e-01
9.184540e-02
-9.293506e-01
0.000000e+00
3.691985e-01
5.561543e-01
1.737257e+00
9.184540e-02
5.561543e-01
5.855780e-01
9.184540e-02
5.564881e-01
1.737591e+00
9.265138e-02
-9.063078e-01
0.000000e+00
4.226182e-01
5.564881e-01
1.737591e+00
9.265138e-02
5.561543e-01
5.855780e-01
9.184540e-02
5.568910e-01
1.737993e+00
9.342519e-02
-8.191521e-01
0.000000e+00
5.735765e-01
5.568910e-01
5.848414e-01
9.342519e-02
5.573597e-01
5.843726e-01
9.416097e-02
5.578908e-01
1.738993e+00
9.485307e-02
-9.063078e-01
0.000000e+00
4.226182e-01
5.561543e-01
5.855780e-01
9.184540e-02
5.564881e-01
5.852442e-01
9.265138e-02
5.568910e-01
1.737993e+00
9.342519e-02
-8.801975e-01
0.000000e+00
4.746076e-01
5.568910e-01
1.737993e+00
9.342519e-02
5.564881e-01
5.852442e-01
9.265138e-02
5.568910e-01
5.848414e-01
9.342519e-02
-8.511210e-01
0.000000e+00
5.249696e-01
5.568910e-01
1.737993e+00
9.342519e-02
5.568910e-01
5.848414e-01
9.342519e-02
5.573597e-01
1.738462e+00
9.416097e-02
-8.191521e-01
0.000000e+00
5.735765e-01
5.573597e-01
1.738462e+00
9.416097e-02
5.568910e-01
5.848414e-01
9.342519e-02
5.578908e-01
1.738993e+00
9.485307e-02
-7.844105e-01
0.000000e+00
6.202420e-01
5.573597e-01
5.843726e-01
9.416097e-02
5.578908e-01
5.838416e-01
9.485307e-02
5.578908e-01
1.738993e+00
9.485307e-02
-7.274188e-01
0.000000e+00
6.861938e-01
5.578908e-01
1.738993e+00
9.485307e-02
5.578908e-01
5.838416e-01
9.485307e-02
5.591233e-01
5.826090e-01
9.608565e-02
-6.861938e-01
0.000000e+00
7.274188e-01
5.578908e-01
1.738993e+00
9.485307e-02
5.591233e-01
5.826090e-01
9.608565e-02
5.591233e-01
1.740226e+00
9.608565e-02
-5.972114e-01
0.000000e+00
8.020838e-01
5.591233e-01
1.740226e+00
9.608565e-02
5.591233e-01
5.826090e-01
9.608565e-02
5.605512e-01
5.811811e-01
9.708545e-02
-5.494540e-01
0.000000e+00
8.355240e-01
5.591233e-01
1.740226e+00
9.608565e-02
5.605512e-01
5.811811e-01
9.708545e-02
5.605512e-01
1.741654e+00
9.708545e-02
-4.488580e-01
0.000000e+00
8.936031e-01
5.605512e-01
1.741654e+00
9.708545e-02
5.605512e-01
5.811811e-01
9.708545e-02
5.621310e-01
5.796013e-01
9.782213e-02
-3.960194e-01
0.000000e+00
9.182422e-01
5.605512e-01
1.741654e+00
9.708545e-02
5.621310e-01
5.796013e-01
9.782213e-02
5.621310e-01
1.743233e+00
9.782213e-02
-2.868663e-01
0.000000e+00
9.579706e-01
5.621310e-01
1.743233e+00
9.782213e-02
5.621310e-01
5.796013e-01
9.782213e-02
5.638147e-01
5.779176e-01
9.827328e-02
-2.305519e-01
0.000000e+00
9.730600e-01
5.621310e-01
1.743233e+00
9.782213e-02
5.638147e-01
5.779176e-01
9.827328e-02
5.638147e-01
1.744917e+00
9.827328e-02
-1.161583e-01
0.000000e+00
9.932307e-01
5.638147e-01
1.744917e+00
9.827328e-02
5.638147e-01
5.779176e-01
9.827328e-02
5.655512e-01
5.761811e-01
9.842519e-02
-5.807913e-02
0.000000e+00
9.983119e-01
5.638147e-01
1.744917e+00
9.827328e-02
5.655512e-01
5.761811e-01
9.842519e-02
5.655512e-01
1.746654e+00
9.842519e-02
0.000000e+00
-9.983089e-01
5.813244e-02
3.937708e-01
1.736832e+00
9.015864e-02
3.954766e-01
1.736653e+00
8.842520e-02
5.555512e-01
1.736653e+00
8.842520e-02
0.000000e+00
-9.961901e-01
8.720905e-02
5.555512e-01
1.736653e+00
8.842520e-02
5.555893e-01
1.736692e+00
8.929676e-02
3.937708e-01
1.736832e+00
9.015864e-02
0.000000e+00
-9.894327e-01
1.449930e-01
3.937708e-01
1.736832e+00
9.015864e-02
5.555893e-01
1.736692e+00
8.929676e-02
5.557031e-01
1.736805e+00
9.016168e-02
0.000000e+00
-9.829788e-01
1.837195e-01
3.937708e-01
1.736832e+00
9.015864e-02
5.557031e-01
1.736805e+00
9.016168e-02
3.934726e-01
1.736863e+00
9.046166e-02
0.000000e+00
-9.772313e-01
2.121767e-01
3.934726e-01
1.736863e+00
9.046166e-02
5.557031e-01
1.736805e+00
9.016168e-02
5.558919e-01
1.736994e+00
9.101339e-02
0.000000e+00
-9.673274e-01
2.535304e-01
3.934726e-01
1.736863e+00
9.046166e-02
5.558919e-01
1.736994e+00
9.101339e-02
3.923881e-01
1.737129e+00
9.139324e-02
0.000000e+00
-8.016739e-01
5.977617e-01
3.888944e-01
1.738312e+00
9.394068e-02
5.578908e-01
1.738993e+00
9.485307e-02
3.880920e-01
1.738678e+00
9.436037e-02
0.000000e+00
-7.784290e-01
6.277326e-01
3.880920e-01
1.738678e+00
9.436037e-02
5.578908e-01
1.738993e+00
9.485307e-02
3.872581e-01
1.739058e+00
9.479653e-02
0.000000e+00
-9.540498e-01
2.996483e-01
3.923881e-01
1.737129e+00
9.139324e-02
5.558919e-01
1.736994e+00
9.101339e-02
3.918305e-01
1.737266e+00
9.187224e-02
0.000000e+00
-9.492388e-01
3.145563e-01
3.918305e-01
1.737266e+00
9.187224e-02
5.558919e-01
1.736994e+00
9.101339e-02
5.561543e-01
1.737257e+00
9.184540e-02
0.000000e+00
-9.289982e-01
3.700842e-01
3.918305e-01
1.737266e+00
9.187224e-02
5.561543e-01
1.737257e+00
9.184540e-02
5.564881e-01
1.737591e+00
9.265138e-02
0.000000e+00
-9.058728e-01
4.235499e-01
3.918305e-01
1.737266e+00
9.187224e-02
5.564881e-01
1.737591e+00
9.265138e-02
3.896601e-01
1.738039e+00
9.340122e-02
0.000000e+00
-8.801611e-01
4.746752e-01
3.896601e-01
1.738039e+00
9.340122e-02
5.564881e-01
1.737591e+00
9.265138e-02
5.568910e-01
1.737993e+00
9.342519e-02
0.000000e+00
-8.557076e-01
5.174596e-01
3.896601e-01
1.738039e+00
9.340122e-02
5.568910e-01
1.737993e+00
9.342519e-02
3.888944e-01
1.738312e+00
9.394068e-02
0.000000e+00
-8.403337e-01
5.420694e-01
3.888944e-01
1.738312e+00
9.394068e-02
5.568910e-01
1.737993e+00
9.342519e-02
5.573597e-01
1.738462e+00
9.416097e-02
0.000000e+00
-8.074017e-01
5.900020e-01
3.888944e-01
1.738312e+00
9.394068e-02
5.573597e-01
1.738462e+00
9.416097e-02
5.578908e-01
1.738993e+00
9.485307e-02
0.000000e+00
-5.493536e-01
8.355900e-01
5.591233e-01
1.740226e+00
9.608565e-02
5.605512e-01
1.741654e+00
9.708545e-02
3.819308e-01
1.741711e+00
9.699205e-02
0.000000e+00
-5.739235e-01
8.189089e-01
3.819308e-01
1.741711e+00
9.699205e-02
3.833437e-01
1.740967e+00
9.651865e-02
5.591233e-01
1.740226e+00
9.608565e-02
0.000000e+00
-6.207513e-01
7.840076e-01
5.591233e-01
1.740226e+00
9.608565e-02
3.833437e-01
1.740967e+00
9.651865e-02
3.847154e-01
1.740244e+00
9.605908e-02
0.000000e+00
-6.862721e-01
7.273449e-01
5.591233e-01
1.740226e+00
9.608565e-02
3.847154e-01
1.740244e+00
9.605908e-02
5.578908e-01
1.738993e+00
9.485307e-02
0.000000e+00
-6.917201e-01
7.221657e-01
5.578908e-01
1.738993e+00
9.485307e-02
3.847154e-01
1.740244e+00
9.605908e-02
3.850737e-01
1.740055e+00
9.593903e-02
0.000000e+00
-7.325606e-01
6.807018e-01
5.578908e-01
1.738993e+00
9.485307e-02
3.850737e-01
1.740055e+00
9.593903e-02
3.872581e-01
1.739058e+00
9.479653e-02
0.000000e+00
-2.724094e-01
9.621814e-01
5.638147e-01
1.744917e+00
9.827328e-02
3.783091e-01
1.743693e+00
9.786151e-02
5.621310e-01
1.743233e+00
9.782213e-02
0.000000e+00
-3.280369e-01
9.446649e-01
5.621310e-01
1.743233e+00
9.782213e-02
3.783091e-01
1.743693e+00
9.786151e-02
3.790829e-01
1.743255e+00
9.774701e-02
0.000000e+00
-3.961891e-01
9.181690e-01
5.621310e-01
1.743233e+00
9.782213e-02
3.790829e-01
1.743255e+00
9.774701e-02
5.605512e-01
1.741654e+00
9.708545e-02
0.000000e+00
-4.153256e-01
9.096729e-01
5.605512e-01
1.741654e+00
9.708545e-02
3.790829e-01
1.743255e+00
9.774701e-02
3.801478e-01
1.742651e+00
9.758943e-02
0.000000e+00
-4.672800e-01
8.841094e-01
5.605512e-01
1.741654e+00
9.708545e-02
3.801478e-01
1.742651e+00
9.758943e-02
3.819308e-01
1.741711e+00
9.699205e-02
0.000000e+00
-5.807913e-02
9.983119e-01
5.655512e-01
1.746654e+00
9.842519e-02
3.731159e-01
1.746654e+00
9.842519e-02
5.638147e-01
1.744917e+00
9.827328e-02
0.000000e+00
-6.170181e-02
9.980946e-01
5.638147e-01
1.744917e+00
9.827328e-02
3.731159e-01
1.746654e+00
9.842519e-02
3.733042e-01
1.746545e+00
9.842461e-02
0.000000e+00
-9.470746e-02
9.955051e-01
3.733042e-01
1.746545e+00
9.842461e-02
3.748316e-01
1.745664e+00
9.837610e-02
5.638147e-01
1.744917e+00
9.827328e-02
0.000000e+00
-1.486695e-01
9.888869e-01
5.638147e-01
1.744917e+00
9.827328e-02
3.748316e-01
1.745664e+00
9.837610e-02
3.761127e-01
1.744938e+00
9.818652e-02
0.000000e+00
-2.157642e-01
9.764454e-01
5.638147e-01
1.744917e+00
9.827328e-02
3.761127e-01
1.744938e+00
9.818652e-02
3.783091e-01
1.743693e+00
9.786151e-02
0.000000e+00
-3.622639e-03
9.999934e-01
2.131484e-01
1.746545e+00
9.842461e-02
2.133367e-01
1.746654e+00
9.842519e-02
2.500000e-02
1.746654e+00
9.842519e-02
0.000000e+00
-9.894448e-01
1.449101e-01
1.926708e-01
1.736819e+00
9.015842e-02
3.484808e-02
1.736805e+00
9.016168e-02
3.496195e-02
1.736692e+00
8.929676e-02
0.000000e+00
-9.995772e-01
2.907651e-02
3.500000e-02
1.736653e+00
8.842520e-02
1.909760e-01
1.736653e+00
8.842520e-02
3.496195e-02
1.736692e+00
8.929676e-02
0.000000e+00
-9.966304e-01
8.202241e-02
3.496195e-02
1.736692e+00
8.929676e-02
1.909760e-01
1.736653e+00
8.842520e-02
1.925008e-01
1.736780e+00
9.000911e-02
0.000000e+00
-9.901794e-01
1.398029e-01
3.496195e-02
1.736692e+00
8.929676e-02
1.925008e-01
1.736780e+00
9.000911e-02
1.926708e-01
1.736819e+00
9.015842e-02
0.000000e+00
-9.492379e-01
3.145591e-01
1.945907e-01
1.737259e+00
9.184467e-02
3.439693e-02
1.737257e+00
9.184540e-02
3.465926e-02
1.736994e+00
9.101339e-02
0.000000e+00
-9.793484e-01
2.021799e-01
3.484808e-02
1.736805e+00
9.016168e-02
1.926708e-01
1.736819e+00
9.015842e-02
3.465926e-02
1.736994e+00
9.101339e-02
0.000000e+00
-9.698855e-01
2.435613e-01
3.465926e-02
1.736994e+00
9.101339e-02
1.926708e-01
1.736819e+00
9.015842e-02
1.940700e-01
1.737140e+00
9.138729e-02
0.000000e+00
-9.540750e-01
2.995678e-01
3.465926e-02
1.736994e+00
9.101339e-02
1.940700e-01
1.737140e+00
9.138729e-02
1.945907e-01
1.737259e+00
9.184467e-02
0.000000e+00
-9.014192e-01
4.329473e-01
1.949943e-01
1.737379e+00
9.216456e-02
1.967998e-01
1.738048e+00
9.339494e-02
3.406308e-02
1.737591e+00
9.265138e-02
0.000000e+00
-8.801774e-01
4.746449e-01
3.406308e-02
1.737591e+00
9.265138e-02
1.967998e-01
1.738048e+00
9.339494e-02
3.366026e-02
1.737993e+00
9.342519e-02
0.000000e+00
-9.293480e-01
3.692049e-01
3.439693e-02
1.737257e+00
9.184540e-02
1.945907e-01
1.737259e+00
9.184467e-02
3.406308e-02
1.737591e+00
9.265138e-02
0.000000e+00
-9.247189e-01
3.806506e-01
3.406308e-02
1.737591e+00
9.265138e-02
1.945907e-01
1.737259e+00
9.184467e-02
1.949943e-01
1.737379e+00
9.216456e-02
0.000000e+00
-8.510988e-01
5.250057e-01
3.366026e-02
1.737993e+00
9.342519e-02
1.967998e-01
1.738048e+00
9.339494e-02
3.319152e-02
1.738462e+00
9.416097e-02
0.000000e+00
-8.350572e-01
5.501631e-01
3.319152e-02
1.738462e+00
9.416097e-02
1.967998e-01
1.738048e+00
9.339494e-02
1.979502e-01
1.738475e+00
9.417894e-02
0.000000e+00
-8.016904e-01
5.977395e-01
3.319152e-02
1.738462e+00
9.416097e-02
1.979502e-01
1.738475e+00
9.417894e-02
3.266044e-02
1.738993e+00
9.485307e-02
0.000000e+00
-7.957597e-01
6.056125e-01
1.979502e-01
1.738475e+00
9.417894e-02
1.983484e-01
1.738658e+00
9.438334e-02
3.266044e-02
1.738993e+00
9.485307e-02
0.000000e+00
-7.783009e-01
6.278915e-01
3.266044e-02
1.738993e+00
9.485307e-02
1.983484e-01
1.738658e+00
9.438334e-02
1.991801e-01
1.739041e+00
9.481029e-02
0.000000e+00
-7.274574e-01
6.861529e-01
3.266044e-02
1.738993e+00
9.485307e-02
1.991801e-01
1.739041e+00
9.481029e-02
3.142788e-02
1.740226e+00
9.608565e-02
0.000000e+00
-6.916828e-01
7.222015e-01
1.991801e-01
1.739041e+00
9.481029e-02
2.013789e-01
1.740055e+00
9.593903e-02
3.142788e-02
1.740226e+00
9.608565e-02
0.000000e+00
-6.485167e-01
7.612004e-01
3.142788e-02
1.740226e+00
9.608565e-02
2.013789e-01
1.740055e+00
9.593903e-02
2.017232e-01
1.740227e+00
9.608407e-02
0.000000e+00
-5.972113e-01
8.020840e-01
3.142788e-02
1.740226e+00
9.608565e-02
2.017232e-01
1.740227e+00
9.608407e-02
3.000000e-02
1.741654e+00
9.708545e-02
0.000000e+00
-5.922854e-01
8.057283e-01
3.000000e-02
1.741654e+00
9.708545e-02
2.017232e-01
1.740227e+00
9.608407e-02
2.020039e-01
1.740367e+00
9.620228e-02
0.000000e+00
-5.689145e-01
8.223968e-01
2.020039e-01
1.740367e+00
9.620228e-02
2.030976e-01
1.740950e+00
9.654877e-02
3.000000e-02
1.741654e+00
9.708545e-02
0.000000e+00
-5.253056e-01
8.509137e-01
3.000000e-02
1.741654e+00
9.708545e-02
2.030976e-01
1.740950e+00
9.654877e-02
2.045160e-01
1.741705e+00
9.699812e-02
0.000000e+00
-4.488277e-01
8.936183e-01
3.000000e-02
1.741654e+00
9.708545e-02
2.045160e-01
1.741705e+00
9.699812e-02
2.842020e-02
1.743233e+00
9.782213e-02
0.000000e+00
-4.095705e-01
9.122785e-01
2.045160e-01
1.741705e+00
9.699812e-02
2.066084e-01
1.742819e+00
9.766095e-02
2.842020e-02
1.743233e+00
9.782213e-02
0.000000e+00
-3.560306e-01
9.344742e-01
2.842020e-02
1.743233e+00
9.782213e-02
2.066084e-01
1.742819e+00
9.766095e-02
2.073641e-01
1.743248e+00
9.776877e-02
0.000000e+00
-2.870037e-01
9.579294e-01
2.842020e-02
1.743233e+00
9.782213e-02
2.073641e-01
1.743248e+00
9.776877e-02
2.673648e-02
1.744917e+00
9.827328e-02
0.000000e+00
-2.725148e-01
9.621516e-01
2.073641e-01
1.743248e+00
9.776877e-02
2.081403e-01
1.743689e+00
9.787952e-02
2.673648e-02
1.744917e+00
9.827328e-02
0.000000e+00
-2.157638e-01
9.764456e-01
2.673648e-02
1.744917e+00
9.827328e-02
2.081403e-01
1.743689e+00
9.787952e-02
2.103379e-01
1.744936e+00
9.819304e-02
0.000000e+00
-1.160098e-01
9.932480e-01
2.673648e-02
1.744917e+00
9.827328e-02
2.103379e-01
1.744936e+00
9.819304e-02
2.500000e-02
1.746654e+00
9.842519e-02
0.000000e+00
-9.095717e-02
9.958548e-01
2.500000e-02
1.746654e+00
9.842519e-02
2.103379e-01
1.744936e+00
9.819304e-02
2.116211e-01
1.745664e+00
9.837610e-02
0.000000e+00
-3.664911e-02
9.993282e-01
2.500000e-02
1.746654e+00
9.842519e-02
2.116211e-01
1.745664e+00
9.837610e-02
2.131484e-01
1.746545e+00
9.842461e-02
9.995772e-01
0.000000e+00
2.907651e-02
3.496195e-02
5.861431e-01
8.929676e-02
3.500000e-02
5.861811e-01
8.842520e-02
3.500000e-02
1.736653e+00
8.842520e-02
9.961947e-01
0.000000e+00
8.715575e-02
3.496195e-02
5.861431e-01
8.929676e-02
3.500000e-02
1.736653e+00
8.842520e-02
3.484808e-02
5.860292e-01
9.016168e-02
9.961947e-01
0.000000e+00
8.715575e-02
3.500000e-02
1.736653e+00
8.842520e-02
3.496195e-02
1.736692e+00
8.929676e-02
3.484808e-02
5.860292e-01
9.016168e-02
9.894404e-01
0.000000e+00
1.449400e-01
3.484808e-02
5.860292e-01
9.016168e-02
3.496195e-02
1.736692e+00
8.929676e-02
3.484808e-02
1.736805e+00
9.016168e-02
9.793423e-01
0.000000e+00
2.022095e-01
3.484808e-02
5.860292e-01
9.016168e-02
3.484808e-02
1.736805e+00
9.016168e-02
3.465926e-02
5.858403e-01
9.101339e-02
9.659258e-01
0.000000e+00
2.588190e-01
3.465926e-02
5.858403e-01
9.101339e-02
3.484808e-02
1.736805e+00
9.016168e-02
3.439693e-02
5.855780e-01
9.184540e-02
9.659258e-01
0.000000e+00
2.588190e-01
3.484808e-02
1.736805e+00
9.016168e-02
3.465926e-02
1.736994e+00
9.101339e-02
3.439693e-02
5.855780e-01
9.184540e-02
9.492401e-01
0.000000e+00
3.145525e-01
3.439693e-02
5.855780e-01
9.184540e-02
3.465926e-02
1.736994e+00
9.101339e-02
3.439693e-02
1.737257e+00
9.184540e-02
9.293506e-01
0.000000e+00
3.691985e-01
3.439693e-02
5.855780e-01
9.184540e-02
3.439693e-02
1.737257e+00
9.184540e-02
3.406308e-02
5.852442e-01
9.265138e-02
9.063078e-01
0.000000e+00
4.226182e-01
3.406308e-02
5.852442e-01
9.265138e-02
3.439693e-02
1.737257e+00
9.184540e-02
3.366026e-02
5.848414e-01
9.342519e-02
9.063078e-01
0.000000e+00
4.226183e-01
3.366026e-02
5.848414e-01
9.342519e-02
3.439693e-02
1.737257e+00
9.184540e-02
3.406308e-02
1.737591e+00
9.265138e-02
8.801975e-01
0.000000e+00
4.746076e-01
3.366026e-02
5.848414e-01
9.342519e-02
3.406308e-02
1.737591e+00
9.265138e-02
3.366026e-02
1.737993e+00
9.342519e-02
8.191521e-01
0.000000e+00
5.735765e-01
3.319152e-02
1.738462e+00
9.416097e-02
3.266044e-02
5.838416e-01
9.485307e-02
3.366026e-02
1.737993e+00
9.342519e-02
8.191521e-01
0.000000e+00
5.735765e-01
3.366026e-02
1.737993e+00
9.342519e-02
3.266044e-02
5.838416e-01
9.485307e-02
3.319152e-02
5.843726e-01
9.416097e-02
8.511210e-01
0.000000e+00
5.249696e-01
3.366026e-02
1.737993e+00
9.342519e-02
3.319152e-02
5.843726e-01
9.416097e-02
3.366026e-02
5.848414e-01
9.342519e-02
7.844105e-01
0.000000e+00
6.202420e-01
3.319152e-02
1.738462e+00
9.416097e-02
3.266044e-02
1.738993e+00
9.485307e-02
3.266044e-02
5.838416e-01
9.485307e-02
7.274188e-01
0.000000e+00
6.861938e-01
3.266044e-02
5.838416e-01
9.485307e-02
3.266044e-02
1.738993e+00
9.485307e-02
3.142788e-02
1.740226e+00
9.608565e-02
6.861938e-01
0.000000e+00
7.274188e-01
3.266044e-02
5.838416e-01
9.485307e-02
3.142788e-02
1.740226e+00
9.608565e-02
3.142788e-02
5.826090e-01
9.608565e-02
5.972114e-01
0.000000e+00
8.020838e-01
3.142788e-02
5.826090e-01
9.608565e-02
3.142788e-02
1.740226e+00
9.608565e-02
3.000000e-02
1.741654e+00
9.708545e-02
5.494540e-01
0.000000e+00
8.355240e-01
3.142788e-02
5.826090e-01
9.608565e-02
3.000000e-02
1.741654e+00
9.708545e-02
3.000000e-02
5.811811e-01
9.708545e-02
4.488580e-01
0.000000e+00
8.936031e-01
3.000000e-02
5.811811e-01
9.708545e-02
3.000000e-02
1.741654e+00
9.708545e-02
2.842020e-02
1.743233e+00
9.782213e-02
3.960194e-01
0.000000e+00
9.182422e-01
3.000000e-02
5.811811e-01
9.708545e-02
2.842020e-02
1.743233e+00
9.782213e-02
2.842020e-02
5.796013e-01
9.782213e-02
2.868663e-01
0.000000e+00
9.579706e-01
2.842020e-02
5.796013e-01
9.782213e-02
2.842020e-02
1.743233e+00
9.782213e-02
2.673648e-02
1.744917e+00
9.827328e-02
2.305519e-01
0.000000e+00
9.730600e-01
2.842020e-02
5.796013e-01
9.782213e-02
2.673648e-02
1.744917e+00
9.827328e-02
2.673648e-02
5.779176e-01
9.827328e-02
1.161583e-01
0.000000e+00
9.932307e-01
2.673648e-02
5.779176e-01
9.827328e-02
2.673648e-02
1.744917e+00
9.827328e-02
2.500000e-02
1.746654e+00
9.842519e-02
5.807913e-02
0.000000e+00
9.983119e-01
2.673648e-02
5.779176e-01
9.827328e-02
2.500000e-02
1.746654e+00
9.842519e-02
2.500000e-02
5.761811e-01
9.842519e-02
0.000000e+00
9.983089e-01
5.813244e-02
1.926818e-01
5.860027e-01
9.015864e-02
1.909760e-01
5.861811e-01
8.842520e-02
3.500000e-02
5.861811e-01
8.842520e-02
0.000000e+00
9.961901e-01
8.720905e-02
3.500000e-02
5.861811e-01
8.842520e-02
3.496195e-02
5.861431e-01
8.929676e-02
1.926818e-01
5.860027e-01
9.015864e-02
0.000000e+00
9.894327e-01
1.449930e-01
1.926818e-01
5.860027e-01
9.015864e-02
3.496195e-02
5.861431e-01
8.929676e-02
3.484808e-02
5.860292e-01
9.016168e-02
0.000000e+00
9.829788e-01
1.837195e-01
1.926818e-01
5.860027e-01
9.015864e-02
3.484808e-02
5.860292e-01
9.016168e-02
1.929800e-01
5.859715e-01
9.046166e-02
0.000000e+00
9.772313e-01
2.121767e-01
1.929800e-01
5.859715e-01
9.046166e-02
3.484808e-02
5.860292e-01
9.016168e-02
3.465926e-02
5.858403e-01
9.101339e-02
0.000000e+00
9.673274e-01
2.535304e-01
1.929800e-01
5.859715e-01
9.046166e-02
3.465926e-02
5.858403e-01
9.101339e-02
1.940645e-01
5.857052e-01
9.139324e-02
0.000000e+00
9.540498e-01
2.996483e-01
1.940645e-01
5.857052e-01
9.139324e-02
3.465926e-02
5.858403e-01
9.101339e-02
1.945902e-01
5.855761e-01
9.184480e-02
0.000000e+00
9.492388e-01
3.145563e-01
1.945902e-01
5.855761e-01
9.184480e-02
3.465926e-02
5.858403e-01
9.101339e-02
3.439693e-02
5.855780e-01
9.184540e-02
0.000000e+00
9.289982e-01
3.700842e-01
1.945902e-01
5.855761e-01
9.184480e-02
3.439693e-02
5.855780e-01
9.184540e-02
3.406308e-02
5.852442e-01
9.265138e-02
0.000000e+00
9.058728e-01
4.235499e-01
1.945902e-01
5.855761e-01
9.184480e-02
3.406308e-02
5.852442e-01
9.265138e-02
1.967925e-01
5.847953e-01
9.340122e-02
0.000000e+00
8.801611e-01
4.746752e-01
1.967925e-01
5.847953e-01
9.340122e-02
3.406308e-02
5.852442e-01
9.265138e-02
3.366026e-02
5.848414e-01
9.342519e-02
0.000000e+00
8.557076e-01
5.174596e-01
1.967925e-01
5.847953e-01
9.340122e-02
3.366026e-02
5.848414e-01
9.342519e-02
1.975582e-01
5.845225e-01
9.394068e-02
0.000000e+00
8.403337e-01
5.420694e-01
1.975582e-01
5.845225e-01
9.394068e-02
3.366026e-02
5.848414e-01
9.342519e-02
3.319152e-02
5.843726e-01
9.416097e-02
0.000000e+00
8.074017e-01
5.900020e-01
1.975582e-01
5.845225e-01
9.394068e-02
3.319152e-02
5.843726e-01
9.416097e-02
3.266044e-02
5.838416e-01
9.485307e-02
0.000000e+00
7.325607e-01
6.807018e-01
2.013789e-01
5.827798e-01
9.593903e-02
1.991945e-01
5.837761e-01
9.479653e-02
3.266044e-02
5.838416e-01
9.485307e-02
0.000000e+00
7.784290e-01
6.277326e-01
3.266044e-02
5.838416e-01
9.485307e-02
1.991945e-01
5.837761e-01
9.479653e-02
1.983606e-01
5.841565e-01
9.436037e-02
0.000000e+00
8.016739e-01
5.977616e-01
3.266044e-02
5.838416e-01
9.485307e-02
1.983606e-01
5.841565e-01
9.436037e-02
1.975582e-01
5.845225e-01
9.394068e-02
0.000000e+00
6.917201e-01
7.221657e-01
2.013789e-01
5.827798e-01
9.593903e-02
3.266044e-02
5.838416e-01
9.485307e-02
2.017372e-01
5.825909e-01
9.605908e-02
0.000000e+00
6.862721e-01
7.273448e-01
2.017372e-01
5.825909e-01
9.605908e-02
3.266044e-02
5.838416e-01
9.485307e-02
3.142788e-02
5.826090e-01
9.608565e-02
0.000000e+00
6.207513e-01
7.840076e-01
2.017372e-01
5.825909e-01
9.605908e-02
3.142788e-02
5.826090e-01
9.608565e-02
2.031089e-01
5.818678e-01
9.651865e-02
0.000000e+00
5.740216e-01
8.188401e-01
2.031089e-01
5.818678e-01
9.651865e-02
3.142788e-02
5.826090e-01
9.608565e-02
3.000000e-02
5.811811e-01
9.708545e-02
0.000000e+00
5.253286e-01
8.508995e-01
2.031089e-01
5.818678e-01
9.651865e-02
3.000000e-02
5.811811e-01
9.708545e-02
2.045218e-01
5.811231e-01
9.699205e-02
0.000000e+00
2.724094e-01
9.621814e-01
2.673648e-02
5.779176e-01
9.827328e-02
2.081434e-01
5.791414e-01
9.786151e-02
2.842020e-02
5.796013e-01
9.782213e-02
0.000000e+00
3.280369e-01
9.446649e-01
2.842020e-02
5.796013e-01
9.782213e-02
2.081434e-01
5.791414e-01
9.786151e-02
2.073697e-01
5.795798e-01
9.774701e-02
0.000000e+00
3.961891e-01
9.181690e-01
2.842020e-02
5.796013e-01
9.782213e-02
2.073697e-01
5.795798e-01
9.774701e-02
3.000000e-02
5.811811e-01
9.708545e-02
0.000000e+00
4.153256e-01
9.096729e-01
3.000000e-02
5.811811e-01
9.708545e-02
2.073697e-01
5.795798e-01
9.774701e-02
2.063048e-01
5.801832e-01
9.758943e-02
0.000000e+00
4.672800e-01
8.841094e-01
3.000000e-02
5.811811e-01
9.708545e-02
2.063048e-01
5.801832e-01
9.758943e-02
2.045218e-01
5.811231e-01
9.699205e-02
0.000000e+00
5.807913e-02
9.983119e-01
2.500000e-02
5.761811e-01
9.842519e-02
2.133367e-01
5.761811e-01
9.842519e-02
2.673648e-02
5.779176e-01
9.827328e-02
0.000000e+00
6.170181e-02
9.980946e-01
2.673648e-02
5.779176e-01
9.827328e-02
2.133367e-01
5.761811e-01
9.842519e-02
2.131484e-01
5.762898e-01
9.842461e-02
0.000000e+00
9.470746e-02
9.955051e-01
2.131484e-01
5.762898e-01
9.842461e-02
2.116211e-01
5.771708e-01
9.837610e-02
2.673648e-02
5.779176e-01
9.827328e-02
0.000000e+00
1.486695e-01
9.888869e-01
2.673648e-02
5.779176e-01
9.827328e-02
2.116211e-01
5.771708e-01
9.837610e-02
2.103399e-01
5.778968e-01
9.818652e-02
0.000000e+00
2.157642e-01
9.764454e-01
2.673648e-02
5.779176e-01
9.827328e-02
2.103399e-01
5.778968e-01
9.818652e-02
2.081434e-01
5.791414e-01
9.786151e-02
