0.000000e+00
0.000000e+00
1.000000e+00
3.874872e-01
5.561811e-01
9.842519e-02
2.198673e-01
7.859703e-01
9.842519e-02
2.198673e-01
5.561811e-01
9.842519e-02
0.000000e+00
0.000000e+00
1.000000e+00
5.905512e-01
5.561811e-01
9.842519e-02
3.874872e-01
5.561811e-01
9.842519e-02
5.905512e-01
0.000000e+00
9.842519e-02
0.000000e+00
0.000000e+00
1.000000e+00
5.905512e-01
0.000000e+00
9.842519e-02
3.874872e-01
5.561811e-01
9.842519e-02
2.198673e-01
5.561811e-01
9.842519e-02
0.000000e+00
0.000000e+00
1.000000e+00
5.905512e-01
0.000000e+00
9.842519e-02
2.198673e-01
5.561811e-01
9.842519e-02
0.000000e+00
0.000000e+00
9.842519e-02
0.000000e+00
0.000000e+00
1.000000e+00
0.000000e+00
0.000000e+00
9.842519e-02
2.198673e-01
5.561811e-01
9.842519e-02
5.000000e-03
5.561811e-01
9.842519e-02
0.000000e+00
0.000000e+00
1.000000e+00
0.000000e+00
0.000000e+00
9.842519e-02
5.000000e-03
5.561811e-01
9.842519e-02
0.000000e+00
1.771654e+00
9.842519e-02
0.000000e+00
0.000000e+00
1.000000e+00
2.198673e-01
1.766654e+00
9.842519e-02
2.198673e-01
1.486685e+00
9.842519e-02
4.798276e-01
1.766654e+00
9.842519e-02
0.000000e+00
0.000000e+00
1.000000e+00
5.000000e-03
5.561811e-01
9.842519e-02
5.000000e-03
1.766654e+00
9.842519e-02
0.000000e+00
1.771654e+00
9.842519e-02
0.000000e+00
0.000000e+00
1.000000e+00
0.000000e+00
1.771654e+00
9.842519e-02
5.000000e-03
1.766654e+00
9.842519e-02
2.198673e-01
1.766654e+00
9.842519e-02
0.000000e+00
0.000000e+00
1.000000e+00
0.000000e+00
1.771654e+00
9.842519e-02
2.198673e-01
1.766654e+00
9.842519e-02
5.905512e-01
1.771654e+00
9.842519e-02
0.000000e+00
0.000000e+00
1.000000e+00
5.905512e-01
1.771654e+00
9.842519e-02
2.198673e-01
1.766654e+00
9.842519e-02
4.798276e-01
1.766654e+00
9.842519e-02
0.000000e+00
0.000000e+00
1.000000e+00
5.855512e-01
1.596697e+00
9.842519e-02
2.198673e-01
1.211411e+00
9.842519e-02
2.198673e-01
1.097274e+00
9.842519e-02
0.000000e+00
0.000000e+00
1.000000e+00
2.198673e-01
1.097274e+00
9.842519e-02
5.905512e-01
5.891057e-01
9.842519e-02
5.855512e-01
1.596697e+00
9.842519e-02
0.000000e+00
0.000000e+00
1.000000e+00
5.855512e-01
1.596697e+00
9.842519e-02
5.905512e-01
5.891057e-01
9.842519e-02
5.905512e-01
1.771654e+00
9.842519e-02
0.000000e+00
0.000000e+00
1.000000e+00
5.855512e-01
1.596697e+00
9.842519e-02
5.905512e-01
1.771654e+00
9.842519e-02
5.855512e-01
1.766654e+00
9.842519e-02
0.000000e+00
0.000000e+00
1.000000e+00
5.855512e-01
1.766654e+00
9.842519e-02
5.905512e-01
1.771654e+00
9.842519e-02
4.798276e-01
1.766654e+00
9.842519e-02
0.000000e+00
0.000000e+00
-1.000000e+00
5.555512e-01
1.608667e+00
0.000000e+00
5.555512e-01
1.736653e+00
0.000000e+00
5.905512e-01
1.771654e+00
0.000000e+00
0.000000e+00
0.000000e+00
-1.000000e+00
4.929100e-01
1.736653e+00
0.000000e+00
1.898673e-01
1.410287e+00
0.000000e+00
1.898673e-01
1.736653e+00
0.000000e+00
0.000000e+00
0.000000e+00
-1.000000e+00
1.898673e-01
5.861811e-01
0.000000e+00
5.905512e-01
0.000000e+00
0.000000e+00
3.500000e-02
5.861811e-01
0.000000e+00
0.000000e+00
0.000000e+00
-1.000000e+00
3.500000e-02
5.861811e-01
0.000000e+00
5.905512e-01
0.000000e+00
0.000000e+00
0.000000e+00
0.000000e+00
0.000000e+00
0.000000e+00
0.000000e+00
-1.000000e+00
3.500000e-02
5.861811e-01
0.000000e+00
0.000000e+00
0.000000e+00
0.000000e+00
0.000000e+00
1.771654e+00
0.000000e+00
0.000000e+00
0.000000e+00
-1.000000e+00
1.898673e-01
5.861811e-01
0.000000e+00
1.898673e-01
8.780032e-01
0.000000e+00
5.905512e-01
0.000000e+00
0.000000e+00
0.000000e+00
0.000000e+00
-1.000000e+00
5.905512e-01
0.000000e+00
0.000000e+00
1.898673e-01
8.780032e-01
0.000000e+00
4.027371e-01
5.861811e-01
0.000000e+00
0.000000e+00
0.000000e+00
-1.000000e+00
5.905512e-01
0.000000e+00
0.000000e+00
4.027371e-01
5.861811e-01
0.000000e+00
5.555512e-01
5.861811e-01
0.000000e+00
0.000000e+00
0.000000e+00
-1.000000e+00
1.898673e-01
1.087495e+00
0.000000e+00
1.898673e-01
1.223382e+00
0.000000e+00
5.555512e-01
5.861811e-01
0.000000e+00
0.000000e+00
0.000000e+00
-1.000000e+00
5.555512e-01
5.861811e-01
0.000000e+00
1.898673e-01
1.223382e+00
0.000000e+00
5.555512e-01
1.608667e+00
0.000000e+00
0.000000e+00
0.000000e+00
-1.000000e+00
5.555512e-01
5.861811e-01
0.000000e+00
5.555512e-01
1.608667e+00
0.000000e+00
5.905512e-01
0.000000e+00
0.000000e+00
0.000000e+00
0.000000e+00
-1.000000e+00
5.905512e-01
0.000000e+00
0.000000e+00
5.555512e-01
1.608667e+00
0.000000e+00
5.905512e-01
1.771654e+00
0.000000e+00
0.000000e+00
0.000000e+00
-1.000000e+00
5.555512e-01
1.736653e+00
0.000000e+00
4.929100e-01
1.736653e+00
0.000000e+00
5.905512e-01
1.771654e+00
0.000000e+00
0.000000e+00
0.000000e+00
-1.000000e+00
5.905512e-01
1.771654e+00
0.000000e+00
4.929100e-01
1.736653e+00
0.000000e+00
1.898673e-01
1.736653e+00
0.000000e+00
0.000000e+00
0.000000e+00
-1.000000e+00
5.905512e-01
1.771654e+00
0.000000e+00
1.898673e-01
1.736653e+00
0.000000e+00
0.000000e+00
1.771654e+00
0.000000e+00
0.000000e+00
0.000000e+00
-1.000000e+00
0.000000e+00
1.771654e+00
0.000000e+00
1.898673e-01
1.736653e+00
0.000000e+00
3.500000e-02
1.736653e+00
0.000000e+00
0.000000e+00
0.000000e+00
-1.000000e+00
0.000000e+00
1.771654e+00
0.000000e+00
3.500000e-02
1.736653e+00
0.000000e+00
3.500000e-02
5.861811e-01
0.000000e+00
-1.000000e+00
0.000000e+00
0.000000e+00
0.000000e+00
0.000000e+00
9.842519e-02
0.000000e+00
1.771654e+00
9.842519e-02
0.000000e+00
0.000000e+00
0.000000e+00
-1.000000e+00
0.000000e+00
0.000000e+00
0.000000e+00
0.000000e+00
0.000000e+00
0.000000e+00
1.771654e+00
9.842519e-02
0.000000e+00
1.771654e+00
0.000000e+00
0.000000e+00
-1.000000e+00
0.000000e+00
5.905512e-01
0.000000e+00
9.842519e-02
0.000000e+00
0.000000e+00
9.842519e-02
5.905512e-01
0.000000e+00
0.000000e+00
0.000000e+00
-1.000000e+00
0.000000e+00
5.905512e-01
0.000000e+00
0.000000e+00
0.000000e+00
0.000000e+00
9.842519e-02
0.000000e+00
0.000000e+00
0.000000e+00
1.000000e+00
0.000000e+00
0.000000e+00
5.905512e-01
1.771654e+00
0.000000e+00
5.905512e-01
5.683896e-01
9.582871e-02
5.905512e-01
0.000000e+00
0.000000e+00
1.000000e+00
0.000000e+00
0.000000e+00
5.905512e-01
0.000000e+00
0.000000e+00
5.905512e-01
5.683896e-01
9.582871e-02
5.905512e-01
5.654516e-01
9.695689e-02
1.000000e+00
0.000000e+00
0.000000e+00
5.905512e-01
1.771654e+00
0.000000e+00
5.905512e-01
1.771654e+00
9.842519e-02
5.905512e-01
5.891057e-01
9.842519e-02
1.000000e+00
0.000000e+00
0.000000e+00
5.905512e-01
5.654516e-01
9.695689e-02
5.905512e-01
5.608742e-01
9.805585e-02
5.905512e-01
0.000000e+00
0.000000e+00
1.000000e+00
0.000000e+00
0.000000e+00
5.905512e-01
0.000000e+00
0.000000e+00
5.905512e-01
5.608742e-01
9.805585e-02
5.905512e-01
5.561811e-01
9.842519e-02
1.000000e+00
0.000000e+00
0.000000e+00
5.905512e-01
0.000000e+00
0.000000e+00
5.905512e-01
5.561811e-01
9.842519e-02
5.905512e-01
0.000000e+00
9.842519e-02
1.000000e+00
0.000000e+00
0.000000e+00
5.905512e-01
5.891057e-01
9.842519e-02
5.905512e-01
5.802661e-01
9.796944e-02
5.905512e-01
1.771654e+00
0.000000e+00
1.000000e+00
0.000000e+00
0.000000e+00
5.905512e-01
1.771654e+00
0.000000e+00
5.905512e-01
5.802661e-01
9.796944e-02
5.905512e-01
5.717890e-01
9.644146e-02
1.000000e+00
0.000000e+00
0.000000e+00
5.905512e-01
1.771654e+00
0.000000e+00
5.905512e-01
5.717890e-01
9.644146e-02
5.905512e-01
5.683896e-01
9.582871e-02
0.000000e+00
1.000000e+00
0.000000e+00
0.000000e+00
1.771654e+00
9.842519e-02
5.905512e-01
1.771654e+00
9.842519e-02
0.000000e+00
1.771654e+00
0.000000e+00
0.000000e+00
1.000000e+00
0.000000e+00
0.000000e+00
1.771654e+00
0.000000e+00
5.905512e-01
1.771654e+00
9.842519e-02
5.905512e-01
1.771654e+00
0.000000e+00
-1.000000e+00
-8.904542e-17
0.000000e+00
1.898673e-01
1.736653e+00
6.842519e-02
1.898673e-01
1.736653e+00
0.000000e+00
1.898673e-01
1.410287e+00
6.842519e-02
-1.000000e+00
-8.904542e-17
0.000000e+00
1.898673e-01
1.410287e+00
6.842519e-02
1.898673e-01
1.736653e+00
0.000000e+00
1.898673e-01
1.410287e+00
0.000000e+00
7.328073e-01
-6.804362e-01
0.000000e+00
1.898673e-01
1.410287e+00
6.842519e-02
1.898673e-01
1.410287e+00
0.000000e+00
4.929100e-01
1.736653e+00
6.842519e-02
7.328073e-01
-6.804362e-01
0.000000e+00
4.929100e-01
1.736653e+00
6.842519e-02
1.898673e-01
1.410287e+00
0.000000e+00
4.929100e-01
1.736653e+00
0.000000e+00
0.000000e+00
-1.000000e+00
0.000000e+00
4.929100e-01
1.736653e+00
6.842519e-02
4.929100e-01
1.736653e+00
0.000000e+00
5.555512e-01
1.736653e+00
6.842519e-02
0.000000e+00
-1.000000e+00
0.000000e+00
5.555512e-01
1.736653e+00
6.842519e-02
4.929100e-01
1.736653e+00
0.000000e+00
5.555512e-01
1.736653e+00
0.000000e+00
-1.000000e+00
1.067243e-15
0.000000e+00
5.555512e-01
1.736653e+00
6.842519e-02
5.555512e-01
1.736653e+00
0.000000e+00
5.555512e-01
1.608667e+00
6.842519e-02
-1.000000e+00
1.067243e-15
0.000000e+00
5.555512e-01
1.608667e+00
6.842519e-02
5.555512e-01
1.736653e+00
0.000000e+00
5.555512e-01
1.608667e+00
0.000000e+00
-7.253165e-01
6.884155e-01
0.000000e+00
5.555512e-01
1.608667e+00
6.842519e-02
5.555512e-01
1.608667e+00
0.000000e+00
1.898673e-01
1.223382e+00
6.842519e-02
-7.253165e-01
6.884155e-01
0.000000e+00
1.898673e-01
1.223382e+00
6.842519e-02
5.555512e-01
1.608667e+00
0.000000e+00
1.898673e-01
1.223382e+00
0.000000e+00
-1.000000e+00
-8.904542e-17
0.000000e+00
1.898673e-01
1.223382e+00
6.842519e-02
1.898673e-01
1.223382e+00
0.000000e+00
1.898673e-01
1.087495e+00
6.842519e-02
-1.000000e+00
-8.904542e-17
0.000000e+00
1.898673e-01
1.087495e+00
6.842519e-02
1.898673e-01
1.223382e+00
0.000000e+00
1.898673e-01
1.087495e+00
0.000000e+00
-8.078983e-01
-5.893219e-01
0.000000e+00
1.898673e-01
1.087495e+00
6.842519e-02
1.898673e-01
1.087495e+00
0.000000e+00
5.555512e-01
5.861811e-01
6.842519e-02
-8.078983e-01
-5.893219e-01
0.000000e+00
5.555512e-01
5.861811e-01
6.842519e-02
1.898673e-01
1.087495e+00
0.000000e+00
5.555512e-01
5.861811e-01
0.000000e+00
0.000000e+00
1.000000e+00
0.000000e+00
5.555512e-01
5.861811e-01
6.842519e-02
5.555512e-01
5.861811e-01
0.000000e+00
4.027371e-01
5.861811e-01
6.842519e-02
0.000000e+00
1.000000e+00
0.000000e+00
4.027371e-01
5.861811e-01
6.842519e-02
5.555512e-01
5.861811e-01
0.000000e+00
4.027371e-01
5.861811e-01
0.000000e+00
8.078983e-01
5.893219e-01
0.000000e+00
4.027371e-01
5.861811e-01
6.842519e-02
4.027371e-01
5.861811e-01
0.000000e+00
1.898673e-01
8.780032e-01
6.842519e-02
8.078983e-01
5.893219e-01
0.000000e+00
1.898673e-01
8.780032e-01
6.842519e-02
4.027371e-01
5.861811e-01
0.000000e+00
1.898673e-01
8.780032e-01
0.000000e+00
-1.000000e+00
-8.904542e-17
0.000000e+00
1.898673e-01
8.780032e-01
6.842519e-02
1.898673e-01
8.780032e-01
0.000000e+00
1.898673e-01
5.861811e-01
6.842519e-02
-1.000000e+00
-8.904542e-17
0.000000e+00
1.898673e-01
5.861811e-01
6.842519e-02
1.898673e-01
8.780032e-01
0.000000e+00
1.898673e-01
5.861811e-01
0.000000e+00
0.000000e+00
1.000000e+00
0.000000e+00
1.898673e-01
5.861811e-01
6.842519e-02
1.898673e-01
5.861811e-01
0.000000e+00
3.500000e-02
5.861811e-01
6.842519e-02
0.000000e+00
1.000000e+00
0.000000e+00
3.500000e-02
5.861811e-01
6.842519e-02
1.898673e-01
5.861811e-01
0.000000e+00
3.500000e-02
5.861811e-01
0.000000e+00
1.000000e+00
0.000000e+00
0.000000e+00
3.500000e-02
5.861811e-01
6.842519e-02
3.500000e-02
5.861811e-01
0.000000e+00
3.500000e-02
1.736653e+00
6.842519e-02
1.000000e+00
0.000000e+00
0.000000e+00
3.500000e-02
1.736653e+00
6.842519e-02
3.500000e-02
5.861811e-01
0.000000e+00
3.500000e-02
1.736653e+00
0.000000e+00
0.000000e+00
-1.000000e+00
0.000000e+00
3.500000e-02
1.736653e+00
6.842519e-02
3.500000e-02
1.736653e+00
0.000000e+00
1.898673e-01
1.736653e+00
6.842519e-02
0.000000e+00
-1.000000e+00
0.000000e+00
1.898673e-01
1.736653e+00
6.842519e-02
3.500000e-02
1.736653e+00
0.000000e+00
1.898673e-01
1.736653e+00
0.000000e+00
7.297314e-01
-6.775801e-01
9.152772e-02
1.900752e-01
1.410816e+00
7.195132e-02
4.929100e-01
1.736653e+00
6.842519e-02
4.927489e-01
1.737023e+00
7.311823e-02
7.312379e-01
-6.789790e-01
6.541060e-02
1.900752e-01
1.410816e+00
7.195132e-02
1.899597e-01
1.410522e+00
7.077897e-02
4.929100e-01
1.736653e+00
6.842519e-02
7.322423e-01
-6.799116e-01
3.925982e-02
4.929100e-01
1.736653e+00
6.842519e-02
1.899597e-01
1.410522e+00
7.077897e-02
1.898904e-01
1.410345e+00
6.960300e-02
7.327446e-01
-6.803779e-01
1.308885e-02
4.929100e-01
1.736653e+00
6.842519e-02
1.898904e-01
1.410345e+00
6.960300e-02
1.898673e-01
1.410287e+00
6.842519e-02
7.120581e-01
-6.611699e-01
2.362787e-01
1.913356e-01
1.414026e+00
7.769570e-02
1.907584e-01
1.412556e+00
7.568286e-02
4.927489e-01
1.737023e+00
7.311823e-02
7.193443e-01
-6.679354e-01
1.908038e-01
1.907584e-01
1.412556e+00
7.568286e-02
1.903230e-01
1.411447e+00
7.363465e-02
4.927489e-01
1.737023e+00
7.311823e-02
7.231059e-01
-6.714282e-01
1.621790e-01
4.927489e-01
1.737023e+00
7.311823e-02
1.903230e-01
1.411447e+00
7.363465e-02
1.902468e-01
1.411253e+00
7.311673e-02
7.252235e-01
-6.733944e-01
1.434945e-01
4.927489e-01
1.737023e+00
7.311823e-02
1.902468e-01
1.411253e+00
7.311673e-02
1.900752e-01
1.410816e+00
7.195132e-02
7.159052e-01
-6.647421e-01
2.135364e-01
4.927489e-01
1.737023e+00
7.311823e-02
4.926958e-01
1.737145e+00
7.362612e-02
1.913356e-01
1.414026e+00
7.769570e-02
7.067204e-01
-6.562136e-01
2.644429e-01
1.913356e-01
1.414026e+00
7.769570e-02
4.926958e-01
1.737145e+00
7.362612e-02
4.922697e-01
1.738122e+00
7.769570e-02
6.942593e-01
-6.446431e-01
3.200614e-01
1.913356e-01
1.414026e+00
7.769570e-02
4.922697e-01
1.738122e+00
7.769570e-02
1.916765e-01
1.414894e+00
7.868581e-02
6.810405e-01
-6.323690e-01
3.691793e-01
1.916765e-01
1.414894e+00
7.868581e-02
4.922697e-01
1.738122e+00
7.769570e-02
1.931371e-01
1.418613e+00
8.204491e-02
6.810488e-01
-6.323767e-01
3.691506e-01
4.922697e-01
1.738122e+00
7.769570e-02
4.920953e-01
1.738522e+00
7.866136e-02
1.931371e-01
1.418613e+00
8.204491e-02
6.659420e-01
-6.183495e-01
4.173310e-01
1.931371e-01
1.418613e+00
8.204491e-02
4.920953e-01
1.738522e+00
7.866136e-02
4.914841e-01
1.739923e+00
8.204491e-02
6.470375e-01
-6.007961e-01
4.694533e-01
1.931371e-01
1.418613e+00
8.204491e-02
4.914841e-01
1.739923e+00
8.204491e-02
1.939568e-01
1.420701e+00
8.338264e-02
6.281523e-01
-5.832605e-01
5.150067e-01
1.939568e-01
1.420701e+00
8.338264e-02
4.914841e-01
1.739923e+00
8.204491e-02
1.955968e-01
1.424877e+00
8.605875e-02
6.281540e-01
-5.832622e-01
5.150026e-01
4.914841e-01
1.739923e+00
8.204491e-02
4.911267e-01
1.740743e+00
8.338228e-02
1.955968e-01
1.424877e+00
8.605875e-02
6.075286e-01
-5.641107e-01
5.591851e-01
1.955968e-01
1.424877e+00
8.605875e-02
4.911267e-01
1.740743e+00
8.338228e-02
4.904115e-01
1.742383e+00
8.605875e-02
5.827077e-01
-5.410637e-01
6.063842e-01
1.955968e-01
1.424877e+00
8.605875e-02
4.904115e-01
1.742383e+00
8.605875e-02
1.970210e-01
1.428504e+00
8.758611e-02
5.586255e-01
-5.187026e-01
6.472135e-01
1.970210e-01
1.428504e+00
8.758611e-02
4.904115e-01
1.742383e+00
8.605875e-02
1.988030e-01
1.433043e+00
8.949704e-02
5.585874e-01
-5.186672e-01
6.472746e-01
4.904115e-01
1.742383e+00
8.605875e-02
4.898493e-01
1.743672e+00
8.770882e-02
1.988030e-01
1.433043e+00
8.949704e-02
5.329903e-01
-4.948995e-01
6.862913e-01
1.988030e-01
1.433043e+00
8.949704e-02
4.898493e-01
1.743672e+00
8.770882e-02
4.890431e-01
1.745521e+00
8.955768e-02
5.028552e-01
-4.669180e-01
7.274092e-01
1.988030e-01
1.433043e+00
8.949704e-02
4.890431e-01
1.745521e+00
8.955768e-02
2.005836e-01
1.437577e+00
9.140653e-02
4.743266e-01
-4.404281e-01
7.622581e-01
2.005836e-01
1.437577e+00
9.140653e-02
4.890431e-01
1.745521e+00
8.955768e-02
2.023260e-01
1.442014e+00
9.255978e-02
4.743266e-01
-4.404281e-01
7.622581e-01
4.890431e-01
1.745521e+00
8.955768e-02
4.882368e-01
1.747370e+00
9.140653e-02
2.023260e-01
1.442014e+00
9.255978e-02
4.444552e-01
-4.126916e-01
7.950756e-01
2.023260e-01
1.442014e+00
9.255978e-02
4.882368e-01
1.747370e+00
9.140653e-02
4.874898e-01
1.749083e+00
9.260598e-02
4.097960e-01
-3.805094e-01
8.290235e-01
2.023260e-01
1.442014e+00
9.255978e-02
4.874898e-01
1.749083e+00
9.260598e-02
2.049409e-01
1.448673e+00
9.429055e-02
3.773827e-01
-3.504125e-01
8.572009e-01
2.049409e-01
1.448673e+00
9.429055e-02
4.874898e-01
1.749083e+00
9.260598e-02
2.062475e-01
1.452001e+00
9.515539e-02
3.774254e-01
-3.504522e-01
8.571659e-01
4.874898e-01
1.749083e+00
9.260598e-02
4.863688e-01
1.751654e+00
9.440596e-02
2.062475e-01
1.452001e+00
9.515539e-02
3.440541e-01
-3.194658e-01
8.829317e-01
2.062475e-01
1.452001e+00
9.515539e-02
4.863688e-01
1.751654e+00
9.440596e-02
4.857492e-01
1.753075e+00
9.506856e-02
3.059120e-01
-2.840496e-01
9.086989e-01
2.062475e-01
1.452001e+00
9.515539e-02
4.857492e-01
1.753075e+00
9.506856e-02
2.097102e-01
1.460819e+00
9.631398e-02
2.705916e-01
-2.512534e-01
9.293287e-01
2.097102e-01
1.460819e+00
9.631398e-02
4.857492e-01
1.753075e+00
9.506856e-02
2.107002e-01
1.463340e+00
9.664522e-02
1.565439e-01
-1.453563e-01
9.769164e-01
4.838619e-01
1.757402e+00
9.688639e-02
4.820993e-01
1.761444e+00
9.796944e-02
2.151786e-01
1.474745e+00
9.801500e-02
2.705458e-01
-2.512109e-01
9.293536e-01
4.857492e-01
1.753075e+00
9.506856e-02
4.843020e-01
1.756393e+00
9.661597e-02
2.107002e-01
1.463340e+00
9.664522e-02
2.345554e-01
-2.177926e-01
9.473913e-01
2.107002e-01
1.463340e+00
9.664522e-02
4.843020e-01
1.756393e+00
9.661597e-02
4.838619e-01
1.757402e+00
9.688639e-02
1.938154e-01
-1.799641e-01
9.643902e-01
2.107002e-01
1.463340e+00
9.664522e-02
4.838619e-01
1.757402e+00
9.688639e-02
2.146578e-01
1.473418e+00
9.796944e-02
1.565439e-01
-1.453563e-01
9.769164e-01
2.146578e-01
1.473418e+00
9.796944e-02
4.838619e-01
1.757402e+00
9.688639e-02
2.151786e-01
1.474745e+00
9.801500e-02
1.188834e-01
-1.103872e-01
9.867530e-01
4.820993e-01
1.761444e+00
9.796944e-02
4.818725e-01
1.761964e+00
9.801494e-02
2.151786e-01
1.474745e+00
9.801500e-02
7.667277e-02
-7.119324e-02
9.945113e-01
2.151786e-01
1.474745e+00
9.801500e-02
4.818725e-01
1.761964e+00
9.801494e-02
4.798276e-01
1.766654e+00
9.842519e-02
3.833365e-02
-3.559408e-02
9.986309e-01
2.151786e-01
1.474745e+00
9.801500e-02
4.798276e-01
1.766654e+00
9.842519e-02
2.198673e-01
1.486685e+00
9.842519e-02
-9.992290e-01
-2.969707e-17
3.925982e-02
1.899597e-01
1.410522e+00
7.077897e-02
1.898673e-01
1.736653e+00
6.842519e-02
1.898904e-01
1.410345e+00
6.960300e-02
-9.999143e-01
-5.937379e-17
1.308885e-02
1.898904e-01
1.410345e+00
6.960300e-02
1.898673e-01
1.736653e+00
6.842519e-02
1.898673e-01
1.410287e+00
6.842519e-02
-9.978585e-01
-2.971744e-17
6.541060e-02
1.899597e-01
1.410522e+00
7.077897e-02
1.900752e-01
1.410816e+00
7.195132e-02
1.898673e-01
1.736653e+00
6.842519e-02
-9.958024e-01
-2.974804e-17
9.152891e-02
1.898673e-01
1.736653e+00
6.842519e-02
1.900752e-01
1.410816e+00
7.195132e-02
1.902468e-01
1.411253e+00
7.311673e-02
-9.966843e-01
-2.974318e-17
8.136583e-02
1.898673e-01
1.736653e+00
6.842519e-02
1.902468e-01
1.411253e+00
7.311673e-02
1.899814e-01
1.736768e+00
7.103987e-02
-9.902672e-01
0.000000e+00
1.391796e-01
1.899814e-01
1.736768e+00
7.103987e-02
1.902468e-01
1.411253e+00
7.311673e-02
1.903230e-01
1.411447e+00
7.363465e-02
-9.894404e-01
0.000000e+00
1.449400e-01
1.899814e-01
1.736768e+00
7.103987e-02
1.903230e-01
1.411447e+00
7.363465e-02
1.903230e-01
1.737109e+00
7.363465e-02
-9.805013e-01
0.000000e+00
1.965125e-01
1.903230e-01
1.411447e+00
7.363465e-02
1.907584e-01
1.412556e+00
7.568286e-02
1.903230e-01
1.737109e+00
7.363465e-02
-9.702957e-01
0.000000e+00
2.419219e-01
1.903230e-01
1.737109e+00
7.363465e-02
1.907584e-01
1.412556e+00
7.568286e-02
1.913356e-01
1.414026e+00
7.769570e-02
-9.688696e-01
0.000000e+00
2.475718e-01
1.903230e-01
1.737109e+00
7.363465e-02
1.913356e-01
1.414026e+00
7.769570e-02
1.908895e-01
1.737676e+00
7.618977e-02
-9.528376e-01
0.000000e+00
3.034805e-01
1.908895e-01
1.737676e+00
7.618977e-02
1.913356e-01
1.414026e+00
7.769570e-02
1.916765e-01
1.414894e+00
7.868581e-02
-9.492401e-01
0.000000e+00
3.145525e-01
1.908895e-01
1.737676e+00
7.618977e-02
1.916765e-01
1.414894e+00
7.868581e-02
1.916765e-01
1.738463e+00
7.868581e-02
-9.249974e-01
0.000000e+00
3.799735e-01
1.916765e-01
1.738463e+00
7.868581e-02
1.916765e-01
1.414894e+00
7.868581e-02
1.931371e-01
1.418613e+00
8.204491e-02
-9.135412e-01
0.000000e+00
4.067464e-01
1.916765e-01
1.738463e+00
7.868581e-02
1.931371e-01
1.418613e+00
8.204491e-02
1.926780e-01
1.739464e+00
8.110374e-02
-8.883598e-01
0.000000e+00
4.591480e-01
1.926780e-01
1.739464e+00
8.110374e-02
1.931371e-01
1.418613e+00
8.204491e-02
1.939568e-01
1.420701e+00
8.338264e-02
-8.802065e-01
0.000000e+00
4.745910e-01
1.926780e-01
1.739464e+00
8.110374e-02
1.939568e-01
1.420701e+00
8.338264e-02
1.938865e-01
1.740673e+00
8.342520e-02
-8.480656e-01
0.000000e+00
5.298913e-01
1.938865e-01
1.740673e+00
8.342520e-02
1.939568e-01
1.420701e+00
8.338264e-02
1.955968e-01
1.424877e+00
8.605875e-02
-8.322712e-01
0.000000e+00
5.543687e-01
1.938865e-01
1.740673e+00
8.342520e-02
1.955968e-01
1.424877e+00
8.605875e-02
1.952927e-01
1.742079e+00
8.563249e-02
-7.986869e-01
0.000000e+00
6.017469e-01
1.952927e-01
1.742079e+00
8.563249e-02
1.955968e-01
1.424877e+00
8.605875e-02
1.970210e-01
1.428504e+00
8.758611e-02
-7.844602e-01
0.000000e+00
6.201791e-01
1.952927e-01
1.742079e+00
8.563249e-02
1.970210e-01
1.428504e+00
8.758611e-02
1.968859e-01
1.743672e+00
8.770882e-02
-7.470438e-01
0.000000e+00
6.647748e-01
1.968859e-01
1.743672e+00
8.770882e-02
1.970210e-01
1.428504e+00
8.758611e-02
1.988030e-01
1.433043e+00
8.949704e-02
-7.070642e-01
0.000000e+00
7.071494e-01
1.968859e-01
1.743672e+00
8.770882e-02
1.988030e-01
1.433043e+00
8.949704e-02
2.005836e-01
1.747370e+00
9.140653e-02
-6.647449e-01
0.000000e+00
7.470704e-01
1.988030e-01
1.433043e+00
8.949704e-02
2.005836e-01
1.437577e+00
9.140653e-02
2.005836e-01
1.747370e+00
9.140653e-02
-6.248372e-01
0.000000e+00
7.807550e-01
2.005836e-01
1.747370e+00
9.140653e-02
2.005836e-01
1.437577e+00
9.140653e-02
2.023260e-01
1.442014e+00
9.255978e-02
-5.783920e-01
0.000000e+00
8.157590e-01
2.005836e-01
1.747370e+00
9.140653e-02
2.023260e-01
1.442014e+00
9.255978e-02
2.048673e-01
1.751654e+00
9.440596e-02
-5.298990e-01
0.000000e+00
8.480608e-01
2.023260e-01
1.442014e+00
9.255978e-02
2.049409e-01
1.448673e+00
9.429055e-02
2.048673e-01
1.751654e+00
9.440596e-02
-4.847519e-01
0.000000e+00
8.746518e-01
2.048673e-01
1.751654e+00
9.440596e-02
2.049409e-01
1.448673e+00
9.429055e-02
2.062475e-01
1.452001e+00
9.515539e-02
-4.331610e-01
0.000000e+00
9.013166e-01
2.048673e-01
1.751654e+00
9.440596e-02
2.062475e-01
1.452001e+00
9.515539e-02
2.096067e-01
1.756393e+00
9.661597e-02
-3.800357e-01
0.000000e+00
9.249718e-01
2.096067e-01
1.756393e+00
9.661597e-02
2.062475e-01
1.452001e+00
9.515539e-02
2.097102e-01
1.460819e+00
9.631398e-02
-2.869307e-01
0.000000e+00
9.579514e-01
2.096067e-01
1.756393e+00
9.661597e-02
2.097102e-01
1.460819e+00
9.631398e-02
2.146578e-01
1.761444e+00
9.796944e-02
-2.757207e-01
0.000000e+00
9.612378e-01
2.097102e-01
1.460819e+00
9.631398e-02
2.107002e-01
1.463340e+00
9.664522e-02
2.146578e-01
1.761444e+00
9.796944e-02
-2.192234e-01
0.000000e+00
9.756747e-01
2.146578e-01
1.761444e+00
9.796944e-02
2.107002e-01
1.463340e+00
9.664522e-02
2.146578e-01
1.473418e+00
9.796944e-02
-1.161583e-01
0.000000e+00
9.932307e-01
2.146578e-01
1.761444e+00
9.796944e-02
2.146578e-01
1.473418e+00
9.796944e-02
2.198673e-01
1.766654e+00
9.842519e-02
-1.103898e-01
0.000000e+00
9.938884e-01
2.198673e-01
1.766654e+00
9.842519e-02
2.146578e-01
1.473418e+00
9.796944e-02
2.151786e-01
1.474745e+00
9.801500e-02
-5.231068e-02
-2.825771e-32
9.986309e-01
2.198673e-01
1.766654e+00
9.842519e-02
2.151786e-01
1.474745e+00
9.801500e-02
2.198673e-01
1.486685e+00
9.842519e-02
0.000000e+00
-5.231814e-02
9.986305e-01
5.855512e-01
1.766654e+00
9.842519e-02
4.798276e-01
1.766654e+00
9.842519e-02
4.818725e-01
1.761964e+00
9.801494e-02
0.000000e+00
-1.103973e-01
9.938875e-01
5.855512e-01
1.766654e+00
9.842519e-02
4.818725e-01
1.761964e+00
9.801494e-02
5.803418e-01
1.761444e+00
9.796944e-02
0.000000e+00
-1.679457e-01
9.857963e-01
4.818725e-01
1.761964e+00
9.801494e-02
4.820993e-01
1.761444e+00
9.796944e-02
5.803418e-01
1.761444e+00
9.796944e-02
0.000000e+00
-2.192851e-01
9.756608e-01
5.803418e-01
1.761444e+00
9.796944e-02
4.820993e-01
1.761444e+00
9.796944e-02
4.838619e-01
1.757402e+00
9.688639e-02
0.000000e+00
-2.757173e-01
9.612387e-01
5.803418e-01
1.761444e+00
9.796944e-02
4.838619e-01
1.757402e+00
9.688639e-02
5.752906e-01
1.756393e+00
9.661597e-02
0.000000e+00
-3.311020e-01
9.435949e-01
4.838619e-01
1.757402e+00
9.688639e-02
4.843020e-01
1.756393e+00
9.661597e-02
5.752906e-01
1.756393e+00
9.661597e-02
0.000000e+00
-3.800064e-01
9.249839e-01
5.752906e-01
1.756393e+00
9.661597e-02
4.843020e-01
1.756393e+00
9.661597e-02
4.857492e-01
1.753075e+00
9.506856e-02
0.000000e+00
-4.331932e-01
9.013011e-01
5.752906e-01
1.756393e+00
9.661597e-02
4.857492e-01
1.753075e+00
9.506856e-02
5.705512e-01
1.751654e+00
9.440596e-02
0.000000e+00
-4.848423e-01
8.746016e-01
4.857492e-01
1.753075e+00
9.506856e-02
4.863688e-01
1.751654e+00
9.440596e-02
5.705512e-01
1.751654e+00
9.440596e-02
0.000000e+00
-5.299246e-01
8.480448e-01
5.705512e-01
1.751654e+00
9.440596e-02
4.863688e-01
1.751654e+00
9.440596e-02
4.874898e-01
1.749083e+00
9.260598e-02
0.000000e+00
-5.783612e-01
8.157808e-01
5.705512e-01
1.751654e+00
9.440596e-02
4.874898e-01
1.749083e+00
9.260598e-02
5.662675e-01
1.747370e+00
9.140653e-02
0.000000e+00
-9.986320e-01
5.228807e-02
4.929100e-01
1.736653e+00
6.842519e-02
5.555512e-01
1.736653e+00
6.842519e-02
4.927489e-01
1.737023e+00
7.311823e-02
0.000000e+00
-9.966844e-01
8.136463e-02
4.927489e-01
1.737023e+00
7.311823e-02
5.555512e-01
1.736653e+00
6.842519e-02
5.556653e-01
1.736768e+00
7.103987e-02
0.000000e+00
-9.902707e-01
1.391539e-01
4.927489e-01
1.737023e+00
7.311823e-02
5.556653e-01
1.736768e+00
7.103987e-02
4.926958e-01
1.737145e+00
7.362612e-02
0.000000e+00
-9.894440e-01
1.449155e-01
4.926958e-01
1.737145e+00
7.362612e-02
5.556653e-01
1.736768e+00
7.103987e-02
5.560070e-01
1.737109e+00
7.363465e-02
0.000000e+00
-9.756751e-01
2.192217e-01
4.926958e-01
1.737145e+00
7.362612e-02
5.560070e-01
1.737109e+00
7.363465e-02
4.922697e-01
1.738122e+00
7.769570e-02
0.000000e+00
-9.688696e-01
2.475718e-01
4.922697e-01
1.738122e+00
7.769570e-02
5.560070e-01
1.737109e+00
7.363465e-02
5.565734e-01
1.737676e+00
7.618977e-02
0.000000e+00
-9.528469e-01
3.034512e-01
4.922697e-01
1.738122e+00
7.769570e-02
5.565734e-01
1.737676e+00
7.618977e-02
4.920953e-01
1.738522e+00
7.866136e-02
0.000000e+00
-9.492497e-01
3.145233e-01
4.920953e-01
1.738522e+00
7.866136e-02
5.565734e-01
1.737676e+00
7.618977e-02
5.573604e-01
1.738463e+00
7.868581e-02
0.000000e+00
-9.250091e-01
3.799450e-01
4.920953e-01
1.738522e+00
7.866136e-02
5.573604e-01
1.738463e+00
7.868581e-02
4.914841e-01
1.739923e+00
8.204491e-02
0.000000e+00
-9.135412e-01
4.067464e-01
4.914841e-01
1.739923e+00
8.204491e-02
5.573604e-01
1.738463e+00
7.868581e-02
5.583619e-01
1.739464e+00
8.110374e-02
0.000000e+00
-8.883619e-01
4.591439e-01
4.914841e-01
1.739923e+00
8.204491e-02
5.583619e-01
1.739464e+00
8.110374e-02
4.911267e-01
1.740743e+00
8.338228e-02
0.000000e+00
-8.802087e-01
4.745868e-01
4.911267e-01
1.740743e+00
8.338228e-02
5.583619e-01
1.739464e+00
8.110374e-02
5.595704e-01
1.740673e+00
8.342520e-02
0.000000e+00
-8.480681e-01
5.298872e-01
4.911267e-01
1.740743e+00
8.338228e-02
5.595704e-01
1.740673e+00
8.342520e-02
4.904115e-01
1.742383e+00
8.605875e-02
0.000000e+00
-8.322712e-01
5.543687e-01
4.904115e-01
1.742383e+00
8.605875e-02
5.595704e-01
1.740673e+00
8.342520e-02
5.609766e-01
1.742079e+00
8.563249e-02
0.000000e+00
-7.986386e-01
6.018108e-01
4.904115e-01
1.742383e+00
8.605875e-02
5.609766e-01
1.742079e+00
8.563249e-02
4.898493e-01
1.743672e+00
8.770882e-02
0.000000e+00
-7.844105e-01
6.202420e-01
4.898493e-01
1.743672e+00
8.770882e-02
5.609766e-01
1.742079e+00
8.563249e-02
5.625699e-01
1.743672e+00
8.770882e-02
0.000000e+00
-7.470305e-01
6.647897e-01
4.898493e-01
1.743672e+00
8.770882e-02
5.625699e-01
1.743672e+00
8.770882e-02
4.890431e-01
1.745521e+00
8.955768e-02
0.000000e+00
-7.071068e-01
7.071068e-01
4.890431e-01
1.745521e+00
8.955768e-02
5.625699e-01
1.743672e+00
8.770882e-02
5.662675e-01
1.747370e+00
9.140653e-02
0.000000e+00
-6.647897e-01
7.470305e-01
4.890431e-01
1.745521e+00
8.955768e-02
5.662675e-01
1.747370e+00
9.140653e-02
4.882368e-01
1.747370e+00
9.140653e-02
0.000000e+00
-6.248078e-01
7.807786e-01
4.882368e-01
1.747370e+00
9.140653e-02
5.662675e-01
1.747370e+00
9.140653e-02
4.874898e-01
1.749083e+00
9.260598e-02
0.000000e+00
-9.995772e-01
2.907651e-02
3.500000e-02
1.736653e+00
6.842519e-02
1.898673e-01
1.736653e+00
6.842519e-02
3.488584e-02
1.736768e+00
7.103987e-02
0.000000e+00
-9.983077e-01
5.815303e-02
3.488584e-02
1.736768e+00
7.103987e-02
1.898673e-01
1.736653e+00
6.842519e-02
1.899814e-01
1.736768e+00
7.103987e-02
0.000000e+00
-9.932393e-01
1.160848e-01
3.488584e-02
1.736768e+00
7.103987e-02
1.899814e-01
1.736768e+00
7.103987e-02
3.454423e-02
1.737109e+00
7.363465e-02
0.000000e+00
-9.894404e-01
1.449400e-01
3.454423e-02
1.737109e+00
7.363465e-02
1.899814e-01
1.736768e+00
7.103987e-02
1.903230e-01
1.737109e+00
7.363465e-02
0.000000e+00
-9.793423e-01
2.022095e-01
3.454423e-02
1.737109e+00
7.363465e-02
1.903230e-01
1.737109e+00
7.363465e-02
3.397778e-02
1.737676e+00
7.618977e-02
0.000000e+00
-9.730430e-01
2.306239e-01
1.903230e-01
1.737109e+00
7.363465e-02
1.908895e-01
1.737676e+00
7.618977e-02
3.397778e-02
1.737676e+00
7.618977e-02
0.000000e+00
-9.579919e-01
2.867954e-01
3.397778e-02
1.737676e+00
7.618977e-02
1.908895e-01
1.737676e+00
7.618977e-02
1.916765e-01
1.738463e+00
7.868581e-02
0.000000e+00
-9.492401e-01
3.145525e-01
3.397778e-02
1.737676e+00
7.618977e-02
1.916765e-01
1.738463e+00
7.868581e-02
3.319078e-02
1.738463e+00
7.868581e-02
0.000000e+00
-9.293506e-01
3.691985e-01
3.319078e-02
1.738463e+00
7.868581e-02
1.916765e-01
1.738463e+00
7.868581e-02
3.218923e-02
1.739464e+00
8.110374e-02
0.000000e+00
-9.182128e-01
3.960873e-01
1.916765e-01
1.738463e+00
7.868581e-02
1.926780e-01
1.739464e+00
8.110374e-02
3.218923e-02
1.739464e+00
8.110374e-02
0.000000e+00
-8.936363e-01
4.487918e-01
3.218923e-02
1.739464e+00
8.110374e-02
1.926780e-01
1.739464e+00
8.110374e-02
1.938865e-01
1.740673e+00
8.342520e-02
0.000000e+00
-8.801975e-01
4.746076e-01
3.218923e-02
1.739464e+00
8.110374e-02
1.938865e-01
1.740673e+00
8.342520e-02
3.098076e-02
1.740673e+00
8.342520e-02
0.000000e+00
-8.511210e-01
5.249696e-01
3.098076e-02
1.740673e+00
8.342520e-02
1.938865e-01
1.740673e+00
8.342520e-02
2.957456e-02
1.742079e+00
8.563249e-02
0.000000e+00
-8.354833e-01
5.495159e-01
1.938865e-01
1.740673e+00
8.342520e-02
1.952927e-01
1.742079e+00
8.563249e-02
2.957456e-02
1.742079e+00
8.563249e-02
0.000000e+00
-8.021281e-01
5.971520e-01
2.957456e-02
1.742079e+00
8.563249e-02
1.952927e-01
1.742079e+00
8.563249e-02
1.968859e-01
1.743672e+00
8.770882e-02
0.000000e+00
-7.844105e-01
6.202420e-01
2.957456e-02
1.742079e+00
8.563249e-02
1.968859e-01
1.743672e+00
8.770882e-02
2.798133e-02
1.743672e+00
8.770882e-02
0.000000e+00
-7.274188e-01
6.861938e-01
2.798133e-02
1.743672e+00
8.770882e-02
1.968859e-01
1.743672e+00
8.770882e-02
2.005836e-01
1.747370e+00
9.140653e-02
0.000000e+00
-6.861938e-01
7.274188e-01
2.798133e-02
1.743672e+00
8.770882e-02
2.005836e-01
1.747370e+00
9.140653e-02
2.428363e-02
1.747370e+00
9.140653e-02
0.000000e+00
-5.972114e-01
8.020838e-01
2.428363e-02
1.747370e+00
9.140653e-02
2.005836e-01
1.747370e+00
9.140653e-02
2.048673e-01
1.751654e+00
9.440596e-02
0.000000e+00
-5.494540e-01
8.355240e-01
2.428363e-02
1.747370e+00
9.140653e-02
2.048673e-01
1.751654e+00
9.440596e-02
2.000000e-02
1.751654e+00
9.440596e-02
0.000000e+00
-4.488580e-01
8.936031e-01
2.000000e-02
1.751654e+00
9.440596e-02
2.048673e-01
1.751654e+00
9.440596e-02
2.096067e-01
1.756393e+00
9.661597e-02
0.000000e+00
-3.960194e-01
9.182422e-01
2.000000e-02
1.751654e+00
9.440596e-02
2.096067e-01
1.756393e+00
9.661597e-02
1.526060e-02
1.756393e+00
9.661597e-02
0.000000e+00
-2.868663e-01
9.579706e-01
1.526060e-02
1.756393e+00
9.661597e-02
2.096067e-01
1.756393e+00
9.661597e-02
2.146578e-01
1.761444e+00
9.796944e-02
0.000000e+00
-2.305519e-01
9.730600e-01
1.526060e-02
1.756393e+00
9.661597e-02
2.146578e-01
1.761444e+00
9.796944e-02
1.020944e-02
1.761444e+00
9.796944e-02
0.000000e+00
-1.161583e-01
9.932307e-01
1.020944e-02
1.761444e+00
9.796944e-02
2.146578e-01
1.761444e+00
9.796944e-02
2.198673e-01
1.766654e+00
9.842519e-02
0.000000e+00
-5.807913e-02
9.983119e-01
1.020944e-02
1.761444e+00
9.796944e-02
2.198673e-01
1.766654e+00
9.842519e-02
5.000000e-03
1.766654e+00
9.842519e-02
-1.161583e-01
2.596367e-31
9.932307e-01
5.803418e-01
1.761444e+00
9.796944e-02
5.803418e-01
1.598776e+00
9.796944e-02
5.855512e-01
1.766654e+00
9.842519e-02
-1.103975e-01
2.595579e-31
9.938875e-01
5.855512e-01
1.766654e+00
9.842519e-02
5.803418e-01
1.598776e+00
9.796944e-02
5.808619e-01
1.598568e+00
9.801494e-02
-5.231838e-02
5.189407e-31
9.986305e-01
5.855512e-01
1.766654e+00
9.842519e-02
5.808619e-01
1.598568e+00
9.801494e-02
5.855512e-01
1.596697e+00
9.842519e-02
-4.488580e-01
0.000000e+00
8.936031e-01
5.752906e-01
1.756393e+00
9.661597e-02
5.705512e-01
1.751654e+00
9.440596e-02
5.705512e-01
1.602682e+00
9.440596e-02
-4.331934e-01
0.000000e+00
9.013010e-01
5.705512e-01
1.602682e+00
9.440596e-02
5.719721e-01
1.602115e+00
9.506854e-02
5.752906e-01
1.756393e+00
9.661597e-02
-3.800066e-01
0.000000e+00
9.249838e-01
5.752906e-01
1.756393e+00
9.661597e-02
5.719721e-01
1.602115e+00
9.506854e-02
5.752906e-01
1.600791e+00
9.661597e-02
-2.868663e-01
0.000000e+00
9.579706e-01
5.752906e-01
1.756393e+00
9.661597e-02
5.752906e-01
1.600791e+00
9.661597e-02
5.803418e-01
1.761444e+00
9.796944e-02
-2.757176e-01
0.000000e+00
9.612387e-01
5.803418e-01
1.761444e+00
9.796944e-02
5.752906e-01
1.600791e+00
9.661597e-02
5.762997e-01
1.600388e+00
9.688637e-02
-2.192854e-01
0.000000e+00
9.756607e-01
5.803418e-01
1.761444e+00
9.796944e-02
5.762997e-01
1.600388e+00
9.688637e-02
5.803418e-01
1.598776e+00
9.796944e-02
-7.071068e-01
0.000000e+00
7.071068e-01
5.625699e-01
1.605867e+00
8.770882e-02
5.644187e-01
1.605129e+00
8.955768e-02
5.662675e-01
1.747370e+00
9.140653e-02
-6.647897e-01
0.000000e+00
7.470305e-01
5.662675e-01
1.747370e+00
9.140653e-02
5.644187e-01
1.605129e+00
8.955768e-02
5.662675e-01
1.604391e+00
9.140653e-02
-5.972114e-01
0.000000e+00
8.020838e-01
5.662675e-01
1.747370e+00
9.140653e-02
5.662675e-01
1.604391e+00
9.140653e-02
5.705512e-01
1.751654e+00
9.440596e-02
-5.783612e-01
0.000000e+00
8.157808e-01
5.705512e-01
1.751654e+00
9.440596e-02
5.662675e-01
1.604391e+00
9.140653e-02
5.679805e-01
1.603708e+00
9.260597e-02
-5.299248e-01
0.000000e+00
8.480447e-01
5.705512e-01
1.751654e+00
9.440596e-02
5.679805e-01
1.603708e+00
9.260597e-02
5.705512e-01
1.602682e+00
9.440596e-02
-7.274188e-01
0.000000e+00
6.861938e-01
5.662675e-01
1.747370e+00
9.140653e-02
5.625699e-01
1.743672e+00
8.770882e-02
5.625699e-01
1.605867e+00
8.770882e-02
-7.844105e-01
0.000000e+00
6.202419e-01
5.625699e-01
1.605867e+00
8.770882e-02
5.625699e-01
1.743672e+00
8.770882e-02
5.609766e-01
1.742079e+00
8.563249e-02
-7.986386e-01
0.000000e+00
6.018108e-01
5.625699e-01
1.605867e+00
8.770882e-02
5.609766e-01
1.742079e+00
8.563249e-02
5.612807e-01
1.606381e+00
8.605875e-02
-8.322842e-01
0.000000e+00
5.543491e-01
5.612807e-01
1.606381e+00
8.605875e-02
5.609766e-01
1.742079e+00
8.563249e-02
5.596405e-01
1.607036e+00
8.338227e-02
-8.511333e-01
0.000000e+00
5.249494e-01
5.609766e-01
1.742079e+00
8.563249e-02
5.595704e-01
1.740673e+00
8.342520e-02
5.596405e-01
1.607036e+00
8.338227e-02
-8.802087e-01
0.000000e+00
4.745868e-01
5.596405e-01
1.607036e+00
8.338227e-02
5.595704e-01
1.740673e+00
8.342520e-02
5.583619e-01
1.739464e+00
8.110374e-02
-8.883619e-01
0.000000e+00
4.591438e-01
5.596405e-01
1.607036e+00
8.338227e-02
5.583619e-01
1.739464e+00
8.110374e-02
5.588210e-01
1.607363e+00
8.204491e-02
-9.135537e-01
0.000000e+00
4.067182e-01
5.588210e-01
1.607363e+00
8.204491e-02
5.583619e-01
1.739464e+00
8.110374e-02
5.574195e-01
1.607922e+00
7.866136e-02
-9.293619e-01
0.000000e+00
3.691699e-01
5.583619e-01
1.739464e+00
8.110374e-02
5.573604e-01
1.738463e+00
7.868581e-02
5.574195e-01
1.607922e+00
7.866136e-02
-9.492497e-01
0.000000e+00
3.145233e-01
5.574195e-01
1.607922e+00
7.866136e-02
5.573604e-01
1.738463e+00
7.868581e-02
5.565734e-01
1.737676e+00
7.618977e-02
-9.528469e-01
0.000000e+00
3.034512e-01
5.574195e-01
1.607922e+00
7.866136e-02
5.565734e-01
1.737676e+00
7.618977e-02
5.570195e-01
1.608081e+00
7.769570e-02
-9.688756e-01
0.000000e+00
2.475479e-01
5.570195e-01
1.608081e+00
7.769570e-02
5.565734e-01
1.737676e+00
7.618977e-02
5.560425e-01
1.608471e+00
7.362612e-02
-9.995772e-01
3.560487e-16
2.907651e-02
5.556653e-01
1.736768e+00
7.103987e-02
5.555512e-01
1.736653e+00
6.842519e-02
5.555512e-01
1.608667e+00
6.842519e-02
-9.793473e-01
0.000000e+00
2.021853e-01
5.565734e-01
1.737676e+00
7.618977e-02
5.560070e-01
1.737109e+00
7.363465e-02
5.560425e-01
1.608471e+00
7.362612e-02
-9.894440e-01
0.000000e+00
1.449155e-01
5.560425e-01
1.608471e+00
7.362612e-02
5.560070e-01
1.737109e+00
7.363465e-02
5.556653e-01
1.736768e+00
7.103987e-02
-9.902707e-01
0.000000e+00
1.391539e-01
5.560425e-01
1.608471e+00
7.362612e-02
5.556653e-01
1.736768e+00
7.103987e-02
5.559205e-01
1.608520e+00
7.311823e-02
-9.966844e-01
0.000000e+00
8.136463e-02
5.559205e-01
1.608520e+00
7.311823e-02
5.556653e-01
1.736768e+00
7.103987e-02
5.555512e-01
1.608667e+00
6.842519e-02
9.995772e-01
0.000000e+00
2.907651e-02
3.488584e-02
5.860670e-01
7.103987e-02
3.500000e-02
5.861811e-01
6.842519e-02
3.500000e-02
1.736653e+00
6.842519e-02
9.961947e-01
0.000000e+00
8.715575e-02
3.488584e-02
5.860670e-01
7.103987e-02
3.500000e-02
1.736653e+00
6.842519e-02
3.454423e-02
5.857254e-01
7.363465e-02
9.961947e-01
0.000000e+00
8.715575e-02
3.500000e-02
1.736653e+00
6.842519e-02
3.488584e-02
1.736768e+00
7.103987e-02
3.454423e-02
5.857254e-01
7.363465e-02
9.894404e-01
0.000000e+00
1.449400e-01
3.454423e-02
5.857254e-01
7.363465e-02
3.488584e-02
1.736768e+00
7.103987e-02
3.454423e-02
1.737109e+00
7.363465e-02
9.793423e-01
0.000000e+00
2.022095e-01
3.454423e-02
5.857254e-01
7.363465e-02
3.454423e-02
1.737109e+00
7.363465e-02
3.397778e-02
5.851589e-01
7.618977e-02
9.659258e-01
0.000000e+00
2.588190e-01
3.397778e-02
5.851589e-01
7.618977e-02
3.454423e-02
1.737109e+00
7.363465e-02
3.319078e-02
5.843719e-01
7.868581e-02
9.659258e-01
0.000000e+00
2.588190e-01
3.454423e-02
1.737109e+00
7.363465e-02
3.397778e-02
1.737676e+00
7.618977e-02
3.319078e-02
5.843719e-01
7.868581e-02
9.492401e-01
0.000000e+00
3.145525e-01
3.319078e-02
5.843719e-01
7.868581e-02
3.397778e-02
1.737676e+00
7.618977e-02
3.319078e-02
1.738463e+00
7.868581e-02
9.293506e-01
0.000000e+00
3.691985e-01
3.319078e-02
5.843719e-01
7.868581e-02
3.319078e-02
1.738463e+00
7.868581e-02
3.218923e-02
5.833703e-01
8.110374e-02
9.063078e-01
0.000000e+00
4.226182e-01
3.218923e-02
5.833703e-01
8.110374e-02
3.319078e-02
1.738463e+00
7.868581e-02
3.098076e-02
5.821618e-01
8.342520e-02
8.191521e-01
0.000000e+00
5.735765e-01
3.098076e-02
1.740673e+00
8.342520e-02
2.957456e-02
1.742079e+00
8.563249e-02
2.798133e-02
5.791625e-01
8.770882e-02
9.063078e-01
0.000000e+00
4.226182e-01
3.319078e-02
1.738463e+00
7.868581e-02
3.218923e-02
1.739464e+00
8.110374e-02
3.098076e-02
5.821618e-01
8.342520e-02
8.801975e-01
0.000000e+00
4.746076e-01
3.098076e-02
5.821618e-01
8.342520e-02
3.218923e-02
1.739464e+00
8.110374e-02
3.098076e-02
1.740673e+00
8.342520e-02
8.511210e-01
0.000000e+00
5.249696e-01
3.098076e-02
5.821618e-01
8.342520e-02
3.098076e-02
1.740673e+00
8.342520e-02
2.957456e-02
5.807557e-01
8.563249e-02
8.191521e-01
0.000000e+00
5.735765e-01
2.957456e-02
5.807557e-01
8.563249e-02
3.098076e-02
1.740673e+00
8.342520e-02
2.798133e-02
5.791625e-01
8.770882e-02
7.844105e-01
0.000000e+00
6.202420e-01
2.957456e-02
1.742079e+00
8.563249e-02
2.798133e-02
1.743672e+00
8.770882e-02
2.798133e-02
5.791625e-01
8.770882e-02
7.274188e-01
0.000000e+00
6.861938e-01
2.798133e-02
5.791625e-01
8.770882e-02
2.798133e-02
1.743672e+00
8.770882e-02
2.428363e-02
1.747370e+00
9.140653e-02
6.861938e-01
0.000000e+00
7.274188e-01
2.798133e-02
5.791625e-01
8.770882e-02
2.428363e-02
1.747370e+00
9.140653e-02
2.428363e-02
5.754647e-01
9.140653e-02
5.972114e-01
0.000000e+00
8.020838e-01
2.428363e-02
5.754647e-01
9.140653e-02
2.428363e-02
1.747370e+00
9.140653e-02
2.000000e-02
1.751654e+00
9.440596e-02
5.494540e-01
0.000000e+00
8.355240e-01
2.428363e-02
5.754647e-01
9.140653e-02
2.000000e-02
1.751654e+00
9.440596e-02
2.000000e-02
5.711811e-01
9.440596e-02
4.488580e-01
0.000000e+00
8.936031e-01
2.000000e-02
5.711811e-01
9.440596e-02
2.000000e-02
1.751654e+00
9.440596e-02
1.526060e-02
1.756393e+00
9.661597e-02
3.960194e-01
0.000000e+00
9.182422e-01
2.000000e-02
5.711811e-01
9.440596e-02
1.526060e-02
1.756393e+00
9.661597e-02
1.526060e-02
5.664417e-01
9.661597e-02
2.868663e-01
0.000000e+00
9.579706e-01
1.526060e-02
5.664417e-01
9.661597e-02
1.526060e-02
1.756393e+00
9.661597e-02
1.020944e-02
1.761444e+00
9.796944e-02
2.305519e-01
0.000000e+00
9.730600e-01
1.526060e-02
5.664417e-01
9.661597e-02
1.020944e-02
1.761444e+00
9.796944e-02
1.020944e-02
5.613905e-01
9.796944e-02
1.161583e-01
0.000000e+00
9.932307e-01
1.020944e-02
5.613905e-01
9.796944e-02
1.020944e-02
1.761444e+00
9.796944e-02
5.000000e-03
1.766654e+00
9.842519e-02
5.807913e-02
0.000000e+00
9.983119e-01
1.020944e-02
5.613905e-01
9.796944e-02
5.000000e-03
1.766654e+00
9.842519e-02
5.000000e-03
5.561811e-01
9.842519e-02
-3.794739e-02
3.601679e-02
9.986305e-01
5.855512e-01
1.596697e+00
9.842519e-02
5.808619e-01
1.598568e+00
9.801494e-02
2.198673e-01
1.211411e+00
9.842519e-02
-7.589478e-02
7.203358e-02
9.945105e-01
2.198673e-01
1.211411e+00
9.842519e-02
5.808619e-01
1.598568e+00
9.801494e-02
2.151779e-01
1.213283e+00
9.801494e-02
-1.176738e-01
1.116871e-01
9.867517e-01
2.151779e-01
1.213283e+00
9.801494e-02
5.808619e-01
1.598568e+00
9.801494e-02
2.146578e-01
1.213490e+00
9.796944e-02
-1.218140e-01
1.156166e-01
9.857962e-01
2.146578e-01
1.213490e+00
9.796944e-02
5.808619e-01
1.598568e+00
9.801494e-02
5.803418e-01
1.598776e+00
9.796944e-02
-1.590513e-01
1.509595e-01
9.756607e-01
2.146578e-01
1.213490e+00
9.796944e-02
5.803418e-01
1.598776e+00
9.796944e-02
2.106158e-01
1.215103e+00
9.688637e-02
-1.918791e-01
1.821171e-01
9.643733e-01
2.106158e-01
1.215103e+00
9.688637e-02
5.803418e-01
1.598776e+00
9.796944e-02
5.762997e-01
1.600388e+00
9.688637e-02
-2.322018e-01
2.203884e-01
9.473707e-01
2.106158e-01
1.215103e+00
9.688637e-02
5.762997e-01
1.600388e+00
9.688637e-02
2.096067e-01
1.215505e+00
9.661597e-02
-2.401540e-01
2.279360e-01
9.435949e-01
2.096067e-01
1.215505e+00
9.661597e-02
5.762997e-01
1.600388e+00
9.688637e-02
5.752906e-01
1.600791e+00
9.661597e-02
-2.756251e-01
2.616025e-01
9.249837e-01
2.096067e-01
1.215505e+00
9.661597e-02
5.752906e-01
1.600791e+00
9.661597e-02
2.062882e-01
1.216830e+00
9.506854e-02
-3.027646e-01
2.873613e-01
9.087118e-01
2.062882e-01
1.216830e+00
9.506854e-02
5.752906e-01
1.600791e+00
9.661597e-02
5.719721e-01
1.602115e+00
9.506854e-02
-3.405603e-01
3.232341e-01
8.829147e-01
2.062882e-01
1.216830e+00
9.506854e-02
5.719721e-01
1.602115e+00
9.506854e-02
2.048673e-01
1.217397e+00
9.440596e-02
-3.516643e-01
3.337731e-01
8.746015e-01
2.048673e-01
1.217397e+00
9.440596e-02
5.719721e-01
1.602115e+00
9.506854e-02
5.705512e-01
1.602682e+00
9.440596e-02
-3.843632e-01
3.648084e-01
8.480447e-01
2.048673e-01
1.217397e+00
9.440596e-02
5.705512e-01
1.602682e+00
9.440596e-02
2.022966e-01
1.218422e+00
9.260597e-02
-4.056252e-01
3.849888e-01
8.290065e-01
2.022966e-01
1.218422e+00
9.260597e-02
5.705512e-01
1.602682e+00
9.440596e-02
5.679805e-01
1.603708e+00
9.260597e-02
-4.398904e-01
4.175107e-01
7.950982e-01
2.022966e-01
1.218422e+00
9.260597e-02
5.679805e-01
1.603708e+00
9.260597e-02
2.005836e-01
1.219106e+00
9.140653e-02
-4.531835e-01
4.301275e-01
7.807785e-01
2.005836e-01
1.219106e+00
9.140653e-02
5.679805e-01
1.603708e+00
9.260597e-02
5.662675e-01
1.604391e+00
9.140653e-02
-4.821830e-01
4.576516e-01
7.470305e-01
2.005836e-01
1.219106e+00
9.140653e-02
5.662675e-01
1.604391e+00
9.140653e-02
1.987348e-01
1.219844e+00
8.955768e-02
-4.977467e-01
4.724235e-01
7.273681e-01
1.987348e-01
1.219844e+00
8.955768e-02
5.662675e-01
1.604391e+00
9.140653e-02
5.644187e-01
1.605129e+00
8.955768e-02
-5.275720e-01
5.007315e-01
6.862476e-01
1.987348e-01
1.219844e+00
8.955768e-02
5.644187e-01
1.605129e+00
8.955768e-02
1.968859e-01
1.220581e+00
8.770882e-02
-5.418336e-01
5.142675e-01
6.647897e-01
1.968859e-01
1.220581e+00
8.770882e-02
5.644187e-01
1.605129e+00
8.955768e-02
5.625699e-01
1.605867e+00
8.770882e-02
-5.663208e-01
5.375090e-01
6.247918e-01
1.968859e-01
1.220581e+00
8.770882e-02
5.625699e-01
1.605867e+00
8.770882e-02
1.955968e-01
1.221096e+00
8.605875e-02
-5.767161e-01
5.473753e-01
6.064478e-01
5.625699e-01
1.605867e+00
8.770882e-02
5.612807e-01
1.606381e+00
8.605875e-02
1.955968e-01
1.221096e+00
8.605875e-02
-6.013184e-01
5.707260e-01
5.591851e-01
1.955968e-01
1.221096e+00
8.605875e-02
5.612807e-01
1.606381e+00
8.605875e-02
5.596405e-01
1.607036e+00
8.338227e-02
-6.151268e-01
5.838319e-01
5.298671e-01
1.955968e-01
1.221096e+00
8.605875e-02
5.596405e-01
1.607036e+00
8.338227e-02
1.939566e-01
1.221750e+00
8.338227e-02
-6.343921e-01
6.021170e-01
4.847698e-01
1.939566e-01
1.221750e+00
8.338227e-02
5.596405e-01
1.607036e+00
8.338227e-02
1.931371e-01
1.222077e+00
8.204491e-02
-6.404251e-01
6.078431e-01
4.694491e-01
5.596405e-01
1.607036e+00
8.338227e-02
5.588210e-01
1.607363e+00
8.204491e-02
1.931371e-01
1.222077e+00
8.204491e-02
-6.591347e-01
6.256008e-01
4.173310e-01
1.931371e-01
1.222077e+00
8.204491e-02
5.588210e-01
1.607363e+00
8.204491e-02
5.574195e-01
1.607922e+00
7.866136e-02
-6.709329e-01
6.367987e-01
3.799165e-01
1.931371e-01
1.222077e+00
8.204491e-02
5.574195e-01
1.607922e+00
7.866136e-02
1.917356e-01
1.222636e+00
7.866136e-02
-6.844295e-01
6.496086e-01
3.310058e-01
1.917356e-01
1.222636e+00
7.866136e-02
5.574195e-01
1.607922e+00
7.866136e-02
1.913356e-01
1.222796e+00
7.769570e-02
-6.871697e-01
6.522095e-01
3.200322e-01
5.574195e-01
1.607922e+00
7.866136e-02
5.570195e-01
1.608081e+00
7.769570e-02
1.913356e-01
1.222796e+00
7.769570e-02
-6.994962e-01
6.639089e-01
2.644428e-01
1.913356e-01
1.222796e+00
7.769570e-02
5.570195e-01
1.608081e+00
7.769570e-02
5.560425e-01
1.608471e+00
7.362612e-02
-7.076772e-01
6.716737e-01
2.191975e-01
1.913356e-01
1.222796e+00
7.769570e-02
5.560425e-01
1.608471e+00
7.362612e-02
1.903585e-01
1.223186e+00
7.362612e-02
-7.150240e-01
6.786467e-01
1.678672e-01
1.903585e-01
1.223186e+00
7.362612e-02
5.560425e-01
1.608471e+00
7.362612e-02
1.902366e-01
1.223234e+00
7.311823e-02
-7.157174e-01
6.793048e-01
1.621535e-01
5.560425e-01
1.608471e+00
7.362612e-02
5.559205e-01
1.608520e+00
7.311823e-02
1.902366e-01
1.223234e+00
7.311823e-02
-7.213395e-01
6.846409e-01
1.045761e-01
1.902366e-01
1.223234e+00
7.311823e-02
5.559205e-01
1.608520e+00
7.311823e-02
5.555512e-01
1.608667e+00
6.842519e-02
-7.243243e-01
6.874738e-01
5.228807e-02
1.902366e-01
1.223234e+00
7.311823e-02
5.555512e-01
1.608667e+00
6.842519e-02
1.898673e-01
1.223382e+00
6.842519e-02
0.000000e+00
9.492401e-01
3.145525e-01
3.319078e-02
5.843719e-01
7.868581e-02
1.916765e-01
5.843719e-01
7.868581e-02
1.908895e-01
5.851589e-01
7.618977e-02
0.000000e+00
9.995772e-01
2.907651e-02
1.898673e-01
5.861811e-01
6.842519e-02
3.500000e-02
5.861811e-01
6.842519e-02
1.899814e-01
5.860670e-01
7.103987e-02
0.000000e+00
9.983077e-01
5.815303e-02
1.899814e-01
5.860670e-01
7.103987e-02
3.500000e-02
5.861811e-01
6.842519e-02
3.488584e-02
5.860670e-01
7.103987e-02
0.000000e+00
9.932393e-01
1.160848e-01
1.899814e-01
5.860670e-01
7.103987e-02
3.488584e-02
5.860670e-01
7.103987e-02
1.903230e-01
5.857254e-01
7.363465e-02
0.000000e+00
9.894404e-01
1.449400e-01
1.903230e-01
5.857254e-01
7.363465e-02
3.488584e-02
5.860670e-01
7.103987e-02
3.454423e-02
5.857254e-01
7.363465e-02
0.000000e+00
9.793423e-01
2.022095e-01
1.903230e-01
5.857254e-01
7.363465e-02
3.454423e-02
5.857254e-01
7.363465e-02
1.908895e-01
5.851589e-01
7.618977e-02
0.000000e+00
9.730430e-01
2.306239e-01
1.908895e-01
5.851589e-01
7.618977e-02
3.454423e-02
5.857254e-01
7.363465e-02
3.397778e-02
5.851589e-01
7.618977e-02
0.000000e+00
9.579919e-01
2.867954e-01
1.908895e-01
5.851589e-01
7.618977e-02
3.397778e-02
5.851589e-01
7.618977e-02
3.319078e-02
5.843719e-01
7.868581e-02
0.000000e+00
9.293506e-01
3.691985e-01
1.916765e-01
5.843719e-01
7.868581e-02
3.319078e-02
5.843719e-01
7.868581e-02
1.926780e-01
5.833703e-01
8.110374e-02
0.000000e+00
9.182128e-01
3.960873e-01
1.926780e-01
5.833703e-01
8.110374e-02
3.319078e-02
5.843719e-01
7.868581e-02
3.218923e-02
5.833703e-01
8.110374e-02
0.000000e+00
8.936363e-01
4.487918e-01
1.926780e-01
5.833703e-01
8.110374e-02
3.218923e-02
5.833703e-01
8.110374e-02
1.938865e-01
5.821618e-01
8.342520e-02
0.000000e+00
8.801975e-01
4.746076e-01
1.938865e-01
5.821618e-01
8.342520e-02
3.218923e-02
5.833703e-01
8.110374e-02
3.098076e-02
5.821618e-01
8.342520e-02
0.000000e+00
8.511210e-01
5.249696e-01
1.938865e-01
5.821618e-01
8.342520e-02
3.098076e-02
5.821618e-01
8.342520e-02
1.952927e-01
5.807557e-01
8.563249e-02
0.000000e+00
8.354833e-01
5.495159e-01
3.098076e-02
5.821618e-01
8.342520e-02
2.957456e-02
5.807557e-01
8.563249e-02
1.952927e-01
5.807557e-01
8.563249e-02
0.000000e+00
8.021281e-01
5.971520e-01
1.952927e-01
5.807557e-01
8.563249e-02
2.957456e-02
5.807557e-01
8.563249e-02
2.798133e-02
5.791625e-01
8.770882e-02
0.000000e+00
7.844105e-01
6.202420e-01
1.952927e-01
5.807557e-01
8.563249e-02
2.798133e-02
5.791625e-01
8.770882e-02
1.968859e-01
5.791625e-01
8.770882e-02
0.000000e+00
7.274188e-01
6.861938e-01
1.968859e-01
5.791625e-01
8.770882e-02
2.798133e-02
5.791625e-01
8.770882e-02
2.428363e-02
5.754647e-01
9.140653e-02
0.000000e+00
6.861938e-01
7.274188e-01
1.968859e-01
5.791625e-01
8.770882e-02
2.428363e-02
5.754647e-01
9.140653e-02
2.005836e-01
5.754647e-01
9.140653e-02
0.000000e+00
5.972114e-01
8.020838e-01
2.005836e-01
5.754647e-01
9.140653e-02
2.428363e-02
5.754647e-01
9.140653e-02
2.000000e-02
5.711811e-01
9.440596e-02
0.000000e+00
5.494540e-01
8.355240e-01
2.005836e-01
5.754647e-01
9.140653e-02
2.000000e-02
5.711811e-01
9.440596e-02
2.048673e-01
5.711811e-01
9.440596e-02
0.000000e+00
4.488580e-01
8.936031e-01
2.048673e-01
5.711811e-01
9.440596e-02
2.000000e-02
5.711811e-01
9.440596e-02
1.526060e-02
5.664417e-01
9.661597e-02
0.000000e+00
3.960194e-01
9.182422e-01
2.048673e-01
5.711811e-01
9.440596e-02
1.526060e-02
5.664417e-01
9.661597e-02
2.096067e-01
5.664417e-01
9.661597e-02
0.000000e+00
2.868663e-01
9.579706e-01
2.096067e-01
5.664417e-01
9.661597e-02
1.526060e-02
5.664417e-01
9.661597e-02
1.020944e-02
5.613905e-01
9.796944e-02
0.000000e+00
2.305519e-01
9.730600e-01
2.096067e-01
5.664417e-01
9.661597e-02
1.020944e-02
5.613905e-01
9.796944e-02
2.146578e-01
5.613905e-01
9.796944e-02
0.000000e+00
1.161583e-01
9.932307e-01
2.146578e-01
5.613905e-01
9.796944e-02
1.020944e-02
5.613905e-01
9.796944e-02
5.000000e-03
5.561811e-01
9.842519e-02
0.000000e+00
5.807913e-02
9.983119e-01
2.146578e-01
5.613905e-01
9.796944e-02
5.000000e-03
5.561811e-01
9.842519e-02
2.198673e-01
5.561811e-01
9.842519e-02
-5.231838e-02
-3.644970e-33
9.986305e-01
2.198673e-01
1.211411e+00
9.842519e-02
2.151779e-01
1.213283e+00
9.801494e-02
2.198673e-01
1.097274e+00
9.842519e-02
-1.103975e-01
-1.823100e-33
9.938875e-01
2.198673e-01
1.097274e+00
9.842519e-02
2.151779e-01
1.213283e+00
9.801494e-02
2.146578e-01
1.095576e+00
9.796944e-02
-1.679460e-01
0.000000e+00
9.857962e-01
2.151779e-01
1.213283e+00
9.801494e-02
2.146578e-01
1.213490e+00
9.796944e-02
2.146578e-01
1.095576e+00
9.796944e-02
-2.192854e-01
0.000000e+00
9.756607e-01
2.146578e-01
1.095576e+00
9.796944e-02
2.146578e-01
1.213490e+00
9.796944e-02
2.106158e-01
1.215103e+00
9.688637e-02
-2.757176e-01
0.000000e+00
9.612387e-01
2.146578e-01
1.095576e+00
9.796944e-02
2.106158e-01
1.215103e+00
9.688637e-02
2.096067e-01
1.093930e+00
9.661597e-02
-3.311024e-01
0.000000e+00
9.435949e-01
2.106158e-01
1.215103e+00
9.688637e-02
2.096067e-01
1.215505e+00
9.661597e-02
2.096067e-01
1.093930e+00
9.661597e-02
-3.800066e-01
0.000000e+00
9.249838e-01
2.096067e-01
1.093930e+00
9.661597e-02
2.096067e-01
1.215505e+00
9.661597e-02
2.062882e-01
1.216830e+00
9.506854e-02
-4.331934e-01
0.000000e+00
9.013010e-01
2.096067e-01
1.093930e+00
9.661597e-02
2.062882e-01
1.216830e+00
9.506854e-02
2.048673e-01
1.092385e+00
9.440596e-02
-4.848425e-01
0.000000e+00
8.746015e-01
2.062882e-01
1.216830e+00
9.506854e-02
2.048673e-01
1.217397e+00
9.440596e-02
2.048673e-01
1.092385e+00
9.440596e-02
-5.299248e-01
0.000000e+00
8.480447e-01
2.048673e-01
1.092385e+00
9.440596e-02
2.048673e-01
1.217397e+00
9.440596e-02
2.022966e-01
1.218422e+00
9.260597e-02
-5.783612e-01
0.000000e+00
8.157808e-01
2.048673e-01
1.092385e+00
9.440596e-02
2.022966e-01
1.218422e+00
9.260597e-02
2.005836e-01
1.090988e+00
9.140653e-02
-6.248080e-01
0.000000e+00
7.807785e-01
2.022966e-01
1.218422e+00
9.260597e-02
2.005836e-01
1.219106e+00
9.140653e-02
2.005836e-01
1.090988e+00
9.140653e-02
-6.647897e-01
0.000000e+00
7.470305e-01
2.005836e-01
1.090988e+00
9.140653e-02
2.005836e-01
1.219106e+00
9.140653e-02
1.987348e-01
1.219844e+00
8.955768e-02
-7.071068e-01
0.000000e+00
7.071068e-01
2.005836e-01
1.090988e+00
9.140653e-02
1.987348e-01
1.219844e+00
8.955768e-02
1.968859e-01
1.089783e+00
8.770882e-02
-7.470305e-01
0.000000e+00
6.647897e-01
1.987348e-01
1.219844e+00
8.955768e-02
1.968859e-01
1.220581e+00
8.770882e-02
1.968859e-01
1.089783e+00
8.770882e-02
-7.807914e-01
0.000000e+00
6.247918e-01
1.968859e-01
1.089783e+00
8.770882e-02
1.968859e-01
1.220581e+00
8.770882e-02
1.955968e-01
1.221096e+00
8.605875e-02
-7.986386e-01
0.000000e+00
6.018108e-01
1.968859e-01
1.089783e+00
8.770882e-02
1.955968e-01
1.221096e+00
8.605875e-02
1.952927e-01
1.089264e+00
8.563249e-02
-8.322842e-01
0.000000e+00
5.543491e-01
1.952927e-01
1.089264e+00
8.563249e-02
1.955968e-01
1.221096e+00
8.605875e-02
1.939566e-01
1.221750e+00
8.338227e-02
-8.511333e-01
0.000000e+00
5.249494e-01
1.952927e-01
1.089264e+00
8.563249e-02
1.939566e-01
1.221750e+00
8.338227e-02
1.938865e-01
1.088805e+00
8.342520e-02
-8.746303e-01
0.000000e+00
4.847905e-01
1.938865e-01
1.088805e+00
8.342520e-02
1.939566e-01
1.221750e+00
8.338227e-02
1.931371e-01
1.222077e+00
8.204491e-02
-8.883511e-01
0.000000e+00
4.591648e-01
1.938865e-01
1.088805e+00
8.342520e-02
1.931371e-01
1.222077e+00
8.204491e-02
1.926780e-01
1.088411e+00
8.110374e-02
-9.135537e-01
0.000000e+00
4.067182e-01
1.926780e-01
1.088411e+00
8.110374e-02
1.931371e-01
1.222077e+00
8.204491e-02
1.917356e-01
1.222636e+00
7.866136e-02
-9.293619e-01
0.000000e+00
3.691699e-01
1.926780e-01
1.088411e+00
8.110374e-02
1.917356e-01
1.222636e+00
7.866136e-02
1.916765e-01
1.088085e+00
7.868581e-02
-9.436185e-01
0.000000e+00
3.310348e-01
1.916765e-01
1.088085e+00
7.868581e-02
1.917356e-01
1.222636e+00
7.866136e-02
1.913356e-01
1.222796e+00
7.769570e-02
-9.528376e-01
0.000000e+00
3.034805e-01
1.916765e-01
1.088085e+00
7.868581e-02
1.913356e-01
1.222796e+00
7.769570e-02
1.908895e-01
1.087829e+00
7.618977e-02
-9.688756e-01
0.000000e+00
2.475479e-01
1.908895e-01
1.087829e+00
7.618977e-02
1.913356e-01
1.222796e+00
7.769570e-02
1.903585e-01
1.223186e+00
7.362612e-02
-9.793473e-01
0.000000e+00
2.021853e-01
1.908895e-01
1.087829e+00
7.618977e-02
1.903585e-01
1.223186e+00
7.362612e-02
1.903230e-01
1.087644e+00
7.363465e-02
-9.858055e-01
0.000000e+00
1.678916e-01
1.903230e-01
1.087644e+00
7.363465e-02
1.903585e-01
1.223186e+00
7.362612e-02
1.902366e-01
1.223234e+00
7.311823e-02
-9.902673e-01
0.000000e+00
1.391784e-01
1.903230e-01
1.087644e+00
7.363465e-02
1.902366e-01
1.223234e+00
7.311823e-02
1.899814e-01
1.087532e+00
7.103987e-02
-9.966844e-01
-2.974318e-17
8.136463e-02
1.899814e-01
1.087532e+00
7.103987e-02
1.902366e-01
1.223234e+00
7.311823e-02
1.898673e-01
1.223382e+00
6.842519e-02
-9.995772e-01
-2.970693e-17
2.907651e-02
1.899814e-01
1.087532e+00
7.103987e-02
1.898673e-01
1.223382e+00
6.842519e-02
1.898673e-01
1.087495e+00
6.842519e-02
-9.948181e-01
-2.976360e-17
1.016709e-01
1.901239e-01
8.772158e-01
7.234098e-02
1.898673e-01
5.861811e-01
6.842519e-02
1.903230e-01
8.766050e-01
7.363465e-02
-9.961947e-01
-2.975730e-17
8.715575e-02
1.903230e-01
8.766050e-01
7.363465e-02
1.898673e-01
5.861811e-01
6.842519e-02
1.899814e-01
5.860670e-01
7.103987e-02
-9.894404e-01
0.000000e+00
1.449400e-01
1.903230e-01
8.766050e-01
7.363465e-02
1.899814e-01
5.860670e-01
7.103987e-02
1.903230e-01
5.857254e-01
7.363465e-02
-9.973561e-01
-2.972580e-17
7.266821e-02
1.901239e-01
8.772158e-01
7.234098e-02
1.899814e-01
8.776529e-01
7.103987e-02
1.898673e-01
5.861811e-01
6.842519e-02
-9.990482e-01
-2.970065e-17
4.361938e-02
1.898673e-01
5.861811e-01
6.842519e-02
1.899814e-01
8.776529e-01
7.103987e-02
1.898958e-01
8.779156e-01
6.973378e-02
-9.998943e-01
-5.937617e-17
1.454287e-02
1.898673e-01
5.861811e-01
6.842519e-02
1.898958e-01
8.779156e-01
6.973378e-02
1.898673e-01
8.780032e-01
6.842519e-02
-9.659258e-01
0.000000e+00
2.588190e-01
1.916765e-01
8.724530e-01
7.868581e-02
1.908895e-01
8.748672e-01
7.618977e-02
1.903230e-01
5.857254e-01
7.363465e-02
-9.762960e-01
0.000000e+00
2.164396e-01
1.903230e-01
5.857254e-01
7.363465e-02
1.908895e-01
8.748672e-01
7.618977e-02
1.905784e-01
8.758217e-01
7.491838e-02
-9.821783e-01
0.000000e+00
1.879517e-01
1.903230e-01
5.857254e-01
7.363465e-02
1.905784e-01
8.758217e-01
7.491838e-02
1.903230e-01
8.766050e-01
7.363465e-02
-9.659258e-01
0.000000e+00
2.588190e-01
1.903230e-01
5.857254e-01
7.363465e-02
1.908895e-01
5.851589e-01
7.618977e-02
1.916765e-01
8.724530e-01
7.868581e-02
-9.492401e-01
0.000000e+00
3.145525e-01
1.916765e-01
8.724530e-01
7.868581e-02
1.908895e-01
5.851589e-01
7.618977e-02
1.916765e-01
5.843719e-01
7.868581e-02
-9.293506e-01
0.000000e+00
3.691985e-01
1.916765e-01
8.724530e-01
7.868581e-02
1.916765e-01
5.843719e-01
7.868581e-02
1.926780e-01
8.693804e-01
8.110374e-02
-9.063078e-01
0.000000e+00
4.226182e-01
1.926780e-01
8.693804e-01
8.110374e-02
1.916765e-01
5.843719e-01
7.868581e-02
1.938865e-01
8.656731e-01
8.342520e-02
-9.063078e-01
0.000000e+00
4.226182e-01
1.916765e-01
5.843719e-01
7.868581e-02
1.926780e-01
5.833703e-01
8.110374e-02
1.938865e-01
8.656731e-01
8.342520e-02
-8.801975e-01
0.000000e+00
4.746076e-01
1.938865e-01
8.656731e-01
8.342520e-02
1.926780e-01
5.833703e-01
8.110374e-02
1.938865e-01
5.821618e-01
8.342520e-02
-8.355240e-01
0.000000e+00
5.494540e-01
1.938865e-01
8.656731e-01
8.342520e-02
1.938865e-01
5.821618e-01
8.342520e-02
1.968859e-01
8.564716e-01
8.770882e-02
-8.191521e-01
0.000000e+00
5.735765e-01
1.968859e-01
8.564716e-01
8.770882e-02
1.938865e-01
5.821618e-01
8.342520e-02
1.952927e-01
5.807557e-01
8.563249e-02
-7.844105e-01
0.000000e+00
6.202420e-01
1.952927e-01
5.807557e-01
8.563249e-02
1.968859e-01
5.791625e-01
8.770882e-02
1.968859e-01
8.564716e-01
8.770882e-02
-7.274188e-01
0.000000e+00
6.861938e-01
1.968859e-01
8.564716e-01
8.770882e-02
1.968859e-01
5.791625e-01
8.770882e-02
2.005836e-01
5.754647e-01
9.140653e-02
-6.861938e-01
0.000000e+00
7.274188e-01
1.968859e-01
8.564716e-01
8.770882e-02
2.005836e-01
5.754647e-01
9.140653e-02
2.005836e-01
8.451279e-01
9.140653e-02
-5.972114e-01
0.000000e+00
8.020838e-01
2.005836e-01
8.451279e-01
9.140653e-02
2.005836e-01
5.754647e-01
9.140653e-02
2.048673e-01
5.711811e-01
9.440596e-02
-5.494540e-01
0.000000e+00
8.355240e-01
2.005836e-01
8.451279e-01
9.140653e-02
2.048673e-01
5.711811e-01
9.440596e-02
2.048673e-01
8.319868e-01
9.440596e-02
-4.488580e-01
0.000000e+00
8.936031e-01
2.048673e-01
8.319868e-01
9.440596e-02
2.048673e-01
5.711811e-01
9.440596e-02
2.096067e-01
5.664417e-01
9.661597e-02
-3.960194e-01
0.000000e+00
9.182422e-01
2.048673e-01
8.319868e-01
9.440596e-02
2.096067e-01
5.664417e-01
9.661597e-02
2.096067e-01
8.174474e-01
9.661597e-02
-2.868663e-01
0.000000e+00
9.579706e-01
2.096067e-01
8.174474e-01
9.661597e-02
2.096067e-01
5.664417e-01
9.661597e-02
2.146578e-01
5.613905e-01
9.796944e-02
-2.305519e-01
0.000000e+00
9.730600e-01
2.096067e-01
8.174474e-01
9.661597e-02
2.146578e-01
5.613905e-01
9.796944e-02
2.146578e-01
8.019517e-01
9.796944e-02
-1.161583e-01
-8.436702e-33
9.932307e-01
2.146578e-01
8.019517e-01
9.796944e-02
2.146578e-01
5.613905e-01
9.796944e-02
2.198673e-01
5.561811e-01
9.842519e-02
-5.807913e-02
-8.436701e-33
9.983119e-01
2.146578e-01
8.019517e-01
9.796944e-02
2.198673e-01
5.561811e-01
9.842519e-02
2.198673e-01
7.859703e-01
9.842519e-02
-7.066032e-01
-5.154321e-01
4.848112e-01
5.619836e-01
5.829113e-01
8.204491e-02
5.634579e-01
5.821618e-01
8.342520e-02
1.938865e-01
1.088805e+00
8.342520e-02
-6.307912e-01
-4.601311e-01
6.248053e-01
5.669986e-01
5.803621e-01
8.599561e-02
5.693585e-01
5.791625e-01
8.770882e-02
1.968859e-01
1.089783e+00
8.770882e-02
-3.243287e-01
-2.365818e-01
9.158821e-01
5.879532e-01
5.697103e-01
9.500328e-02
5.905512e-01
5.683896e-01
9.582871e-02
5.905512e-01
5.717890e-01
9.644146e-02
-4.692204e-02
-3.422731e-02
9.983119e-01
5.905512e-01
5.891057e-01
9.842519e-02
2.198673e-01
1.097274e+00
9.842519e-02
2.146578e-01
1.095576e+00
9.796944e-02
-3.625731e-01
-2.644792e-01
8.936395e-01
2.096067e-01
1.093930e+00
9.661597e-02
2.048673e-01
1.092385e+00
9.440596e-02
5.853404e-01
5.710384e-01
9.417315e-02
-9.384407e-02
-6.845462e-02
9.932307e-01
5.905512e-01
5.891057e-01
9.842519e-02
2.146578e-01
1.095576e+00
9.796944e-02
5.905512e-01
5.802661e-01
9.796944e-02
-1.862625e-01
-1.358693e-01
9.730600e-01
5.905512e-01
5.802661e-01
9.796944e-02
2.146578e-01
1.095576e+00
9.796944e-02
2.096067e-01
1.093930e+00
9.661597e-02
-2.318242e-01
-1.691043e-01
9.579464e-01
5.905512e-01
5.802661e-01
9.796944e-02
2.096067e-01
1.093930e+00
9.661597e-02
5.905512e-01
5.717890e-01
9.644146e-02
-3.199462e-01
-2.333850e-01
9.182407e-01
5.905512e-01
5.717890e-01
9.644146e-02
2.096067e-01
1.093930e+00
9.661597e-02
5.853404e-01
5.710384e-01
9.417315e-02
-3.498572e-01
-2.552036e-01
9.013717e-01
5.905512e-01
5.717890e-01
9.644146e-02
5.853404e-01
5.710384e-01
9.417315e-02
5.879532e-01
5.697103e-01
9.500328e-02
-5.876804e-01
-4.286838e-01
6.861938e-01
1.968859e-01
1.089783e+00
8.770882e-02
5.693585e-01
5.791625e-01
8.770882e-02
2.005836e-01
1.090988e+00
9.140653e-02
-5.712703e-01
-4.167135e-01
7.071068e-01
5.693585e-01
5.791625e-01
8.770882e-02
5.729956e-01
5.773136e-01
8.955768e-02
2.005836e-01
1.090988e+00
9.140653e-02
-5.370825e-01
-3.917752e-01
7.470305e-01
2.005836e-01
1.090988e+00
9.140653e-02
5.729956e-01
5.773136e-01
8.955768e-02
5.766327e-01
5.754647e-01
9.140653e-02
-4.824861e-01
-3.519498e-01
8.020839e-01
2.005836e-01
1.090988e+00
9.140653e-02
5.766327e-01
5.754647e-01
9.140653e-02
2.048673e-01
1.092385e+00
9.440596e-02
-4.673285e-01
-3.408930e-01
8.157182e-01
2.048673e-01
1.092385e+00
9.440596e-02
5.766327e-01
5.754647e-01
9.140653e-02
5.801131e-01
5.736956e-01
9.251229e-02
-4.281437e-01
-3.123097e-01
8.480304e-01
2.048673e-01
1.092385e+00
9.440596e-02
5.801131e-01
5.736956e-01
9.251229e-02
5.853404e-01
5.710384e-01
9.417315e-02
-6.590695e-01
-4.807586e-01
5.783585e-01
5.669986e-01
5.803621e-01
8.599561e-02
1.968859e-01
1.089783e+00
8.770882e-02
5.634579e-01
5.821618e-01
8.342520e-02
-6.617916e-01
-4.827442e-01
5.735765e-01
5.634579e-01
5.821618e-01
8.342520e-02
1.968859e-01
1.089783e+00
8.770882e-02
1.952927e-01
1.089264e+00
8.563249e-02
-6.876192e-01
-5.015842e-01
5.249696e-01
5.634579e-01
5.821618e-01
8.342520e-02
1.952927e-01
1.089264e+00
8.563249e-02
1.938865e-01
1.088805e+00
8.342520e-02
-7.281721e-01
-5.311656e-01
4.331610e-01
5.619836e-01
5.829113e-01
8.204491e-02
1.938865e-01
1.088805e+00
8.342520e-02
5.591103e-01
5.843719e-01
7.868581e-02
-7.322045e-01
-5.341070e-01
4.226183e-01
5.591103e-01
5.843719e-01
7.868581e-02
1.938865e-01
1.088805e+00
8.342520e-02
1.926780e-01
1.088411e+00
8.110374e-02
-7.508207e-01
-5.476866e-01
3.691985e-01
5.591103e-01
5.843719e-01
7.868581e-02
1.926780e-01
1.088411e+00
8.110374e-02
1.916765e-01
1.088085e+00
7.868581e-02
-8.075567e-01
-5.890728e-01
2.907651e-02
1.898673e-01
1.087495e+00
6.842519e-02
5.555512e-01
5.861811e-01
6.842519e-02
1.899814e-01
1.087532e+00
7.103987e-02
-8.066643e-01
-5.884218e-01
5.524747e-02
1.899814e-01
1.087532e+00
7.103987e-02
5.555512e-01
5.861811e-01
6.842519e-02
5.557331e-01
5.860887e-01
7.077897e-02
-8.027059e-01
-5.855343e-01
1.131940e-01
1.899814e-01
1.087532e+00
7.103987e-02
5.557331e-01
5.860887e-01
7.077897e-02
1.903230e-01
1.087644e+00
7.363465e-02
-8.003587e-01
-5.838222e-01
1.362993e-01
5.557331e-01
5.860887e-01
7.077897e-02
5.562778e-01
5.858118e-01
7.311823e-02
1.903230e-01
1.087644e+00
7.363465e-02
-7.964279e-01
-5.809548e-01
1.679109e-01
1.903230e-01
1.087644e+00
7.363465e-02
5.562778e-01
5.858118e-01
7.311823e-02
5.564830e-01
5.857074e-01
7.363102e-02
-7.912098e-01
-5.771486e-01
2.022046e-01
1.903230e-01
1.087644e+00
7.363465e-02
5.564830e-01
5.857074e-01
7.363102e-02
1.908895e-01
1.087829e+00
7.618977e-02
-7.871919e-01
-5.742177e-01
2.249513e-01
1.908895e-01
1.087829e+00
7.618977e-02
5.564830e-01
5.857074e-01
7.363102e-02
5.573043e-01
5.852900e-01
7.568286e-02
-7.752953e-01
-5.655397e-01
2.812153e-01
1.908895e-01
1.087829e+00
7.618977e-02
5.573043e-01
5.852900e-01
7.568286e-02
1.916765e-01
1.088085e+00
7.868581e-02
-7.712085e-01
-5.625585e-01
2.979353e-01
1.916765e-01
1.088085e+00
7.868581e-02
5.573043e-01
5.852900e-01
7.568286e-02
5.584397e-01
5.847128e-01
7.769570e-02
-7.623395e-01
-5.560891e-01
3.310639e-01
1.916765e-01
1.088085e+00
7.868581e-02
5.584397e-01
5.847128e-01
7.769570e-02
5.591103e-01
5.843719e-01
7.868581e-02
8.078129e-01
5.892596e-01
1.454287e-02
4.027371e-01
5.861811e-01
6.842519e-02
1.898673e-01
8.780032e-01
6.842519e-02
1.898958e-01
8.779156e-01
6.973378e-02
8.012899e-01
5.845014e-01
1.276427e-01
1.903230e-01
8.766050e-01
7.363465e-02
4.026900e-01
5.860887e-01
7.077897e-02
1.901239e-01
8.772158e-01
7.234098e-02
8.059300e-01
5.878860e-01
6.976266e-02
1.901239e-01
8.772158e-01
7.234098e-02
4.026900e-01
5.860887e-01
7.077897e-02
4.027371e-01
5.861811e-01
6.842519e-02
8.057624e-01
5.877639e-01
7.266821e-02
1.901239e-01
8.772158e-01
7.234098e-02
4.027371e-01
5.861811e-01
6.842519e-02
1.899814e-01
8.776529e-01
7.103987e-02
8.071293e-01
5.887610e-01
4.361938e-02
1.899814e-01
8.776529e-01
7.103987e-02
4.027371e-01
5.861811e-01
6.842519e-02
1.898958e-01
8.779156e-01
6.973378e-02
7.882419e-01
5.749835e-01
2.192458e-01
4.019907e-01
5.847128e-01
7.769570e-02
4.025054e-01
5.857254e-01
7.363465e-02
1.903230e-01
8.766050e-01
7.363465e-02
7.964263e-01
5.809537e-01
1.679228e-01
1.903230e-01
8.766050e-01
7.363465e-02
4.025054e-01
5.857254e-01
7.363465e-02
4.025389e-01
5.857914e-01
7.311564e-02
8.003580e-01
5.838217e-01
1.363062e-01
1.903230e-01
8.766050e-01
7.363465e-02
4.025389e-01
5.857914e-01
7.311564e-02
4.026900e-01
5.860887e-01
7.077897e-02
7.855787e-01
5.730408e-01
2.334318e-01
1.903230e-01
8.766050e-01
7.363465e-02
1.905784e-01
8.758217e-01
7.491838e-02
4.019907e-01
5.847128e-01
7.769570e-02
7.797585e-01
5.687954e-01
2.616267e-01
4.019907e-01
5.847128e-01
7.769570e-02
1.905784e-01
8.758217e-01
7.491838e-02
1.908895e-01
8.748672e-01
7.618977e-02
7.698035e-01
5.615336e-01
3.034513e-01
4.019907e-01
5.847128e-01
7.769570e-02
1.908895e-01
8.748672e-01
7.618977e-02
4.017873e-01
5.843128e-01
7.866137e-02
7.668973e-01
5.594137e-01
3.145234e-01
4.017873e-01
5.843128e-01
7.866137e-02
1.908895e-01
8.748672e-01
7.618977e-02
1.916765e-01
8.724530e-01
7.868581e-02
7.473133e-01
5.451281e-01
3.799451e-01
4.017873e-01
5.843128e-01
7.866137e-02
1.916765e-01
8.724530e-01
7.868581e-02
4.010749e-01
5.829113e-01
8.204491e-02
7.380483e-01
5.383699e-01
4.067464e-01
4.010749e-01
5.829113e-01
8.204491e-02
1.916765e-01
8.724530e-01
7.868581e-02
1.926780e-01
8.693804e-01
8.110374e-02
7.177060e-01
5.235311e-01
4.591440e-01
4.010749e-01
5.829113e-01
8.204491e-02
1.926780e-01
8.693804e-01
8.110374e-02
4.006583e-01
5.820917e-01
8.338229e-02
7.111191e-01
5.187263e-01
4.745870e-01
4.006583e-01
5.820917e-01
8.338229e-02
1.926780e-01
8.693804e-01
8.110374e-02
1.938865e-01
8.656731e-01
8.342520e-02
6.851527e-01
4.997851e-01
5.298873e-01
4.006583e-01
5.820917e-01
8.338229e-02
1.938865e-01
8.656731e-01
8.342520e-02
3.998246e-01
5.804516e-01
8.605875e-02
6.590775e-01
4.807646e-01
5.783443e-01
3.998246e-01
5.804516e-01
8.605875e-02
1.938865e-01
8.656731e-01
8.342520e-02
1.968859e-01
8.564716e-01
8.770882e-02
6.308044e-01
4.601406e-01
6.247851e-01
3.998246e-01
5.804516e-01
8.605875e-02
1.968859e-01
8.564716e-01
8.770882e-02
3.991340e-01
5.790930e-01
8.764952e-02
6.035293e-01
4.402448e-01
6.647834e-01
3.991340e-01
5.790930e-01
8.764952e-02
1.968859e-01
8.564716e-01
8.770882e-02
3.982705e-01
5.773943e-01
8.963840e-02
5.712703e-01
4.167135e-01
7.071068e-01
3.982705e-01
5.773943e-01
8.963840e-02
1.968859e-01
8.564716e-01
8.770882e-02
2.005836e-01
8.451279e-01
9.140653e-02
5.370774e-01
3.917715e-01
7.470362e-01
3.982705e-01
5.773943e-01
8.963840e-02
2.005836e-01
8.451279e-01
9.140653e-02
3.972595e-01
5.754054e-01
9.133705e-02
5.047629e-01
3.681996e-01
7.807966e-01
3.972595e-01
5.754054e-01
9.133705e-02
2.005836e-01
8.451279e-01
9.140653e-02
3.964508e-01
5.738147e-01
9.269571e-02
4.672434e-01
3.408310e-01
8.157927e-01
3.964508e-01
5.738147e-01
9.269571e-02
2.005836e-01
8.451279e-01
9.140653e-02
2.048673e-01
8.319868e-01
9.440596e-02
4.280955e-01
3.122746e-01
8.480676e-01
3.964508e-01
5.738147e-01
9.269571e-02
2.048673e-01
8.319868e-01
9.440596e-02
3.950903e-01
5.711383e-01
9.433581e-02
3.916620e-01
2.856981e-01
8.746299e-01
3.950903e-01
5.711383e-01
9.433581e-02
2.048673e-01
8.319868e-01
9.440596e-02
3.944105e-01
5.698009e-01
9.515539e-02
3.499500e-01
2.552713e-01
9.013166e-01
3.944105e-01
5.698009e-01
9.515539e-02
2.048673e-01
8.319868e-01
9.440596e-02
2.096067e-01
8.174474e-01
9.661597e-02
3.069581e-01
2.239108e-01
9.250085e-01
3.944105e-01
5.698009e-01
9.515539e-02
2.096067e-01
8.174474e-01
9.661597e-02
3.926906e-01
5.664174e-01
9.655685e-02
2.674437e-01
1.950870e-01
9.436180e-01
3.926906e-01
5.664174e-01
9.655685e-02
2.096067e-01
8.174474e-01
9.661597e-02
3.921997e-01
5.654516e-01
9.695689e-02
2.227201e-01
1.624633e-01
9.612499e-01
3.921997e-01
5.654516e-01
9.695689e-02
2.096067e-01
8.174474e-01
9.661597e-02
2.146578e-01
8.019517e-01
9.796944e-02
1.771100e-01
1.291930e-01
9.756747e-01
3.921997e-01
5.654516e-01
9.695689e-02
2.146578e-01
8.019517e-01
9.796944e-02
3.901310e-01
5.613822e-01
9.793387e-02
1.356405e-01
9.894308e-02
9.858052e-01
3.901310e-01
5.613822e-01
9.793387e-02
2.146578e-01
8.019517e-01
9.796944e-02
3.898728e-01
5.608742e-01
9.805585e-02
8.916549e-02
6.504183e-02
9.938909e-01
3.898728e-01
5.608742e-01
9.805585e-02
2.146578e-01
8.019517e-01
9.796944e-02
2.198673e-01
7.859703e-01
9.842519e-02
4.224345e-02
3.081451e-02
9.986320e-01
3.898728e-01
5.608742e-01
9.805585e-02
2.198673e-01
7.859703e-01
9.842519e-02
3.874872e-01
5.561811e-01
9.842519e-02
0.000000e+00
5.228807e-02
9.986320e-01
3.874872e-01
5.561811e-01
9.842519e-02
5.905512e-01
5.561811e-01
9.842519e-02
5.905512e-01
5.608742e-01
9.805585e-02
0.000000e+00
2.135379e-01
9.769348e-01
5.905512e-01
5.654516e-01
9.695689e-02
3.901310e-01
5.613822e-01
9.793387e-02
5.905512e-01
5.608742e-01
9.805585e-02
0.000000e+00
1.621550e-01
9.867654e-01
5.905512e-01
5.608742e-01
9.805585e-02
3.901310e-01
5.613822e-01
9.793387e-02
3.898728e-01
5.608742e-01
9.805585e-02
0.000000e+00
1.045761e-01
9.945168e-01
5.905512e-01
5.608742e-01
9.805585e-02
3.898728e-01
5.608742e-01
9.805585e-02
3.874872e-01
5.561811e-01
9.842519e-02
0.000000e+00
3.906991e-01
9.205184e-01
5.905512e-01
5.654516e-01
9.695689e-02
5.905512e-01
5.683896e-01
9.582871e-02
5.879532e-01
5.697103e-01
9.500328e-02
0.000000e+00
5.298193e-01
8.481106e-01
3.964508e-01
5.738147e-01
9.269571e-02
3.950903e-01
5.711383e-01
9.433581e-02
5.853404e-01
5.710384e-01
9.417315e-02
0.000000e+00
4.847205e-01
8.746691e-01
5.853404e-01
5.710384e-01
9.417315e-02
3.950903e-01
5.711383e-01
9.433581e-02
3.944105e-01
5.698009e-01
9.515539e-02
0.000000e+00
4.692834e-01
8.830476e-01
5.853404e-01
5.710384e-01
9.417315e-02
3.944105e-01
5.698009e-01
9.515539e-02
5.879532e-01
5.697103e-01
9.500328e-02
0.000000e+00
4.172139e-01
9.088083e-01
5.879532e-01
5.697103e-01
9.500328e-02
3.944105e-01
5.698009e-01
9.515539e-02
3.926906e-01
5.664174e-01
9.655685e-02
0.000000e+00
3.690312e-01
9.294170e-01
5.879532e-01
5.697103e-01
9.500328e-02
3.926906e-01
5.664174e-01
9.655685e-02
5.905512e-01
5.654516e-01
9.695689e-02
0.000000e+00
3.200337e-01
9.474062e-01
5.905512e-01
5.654516e-01
9.695689e-02
3.926906e-01
5.664174e-01
9.655685e-02
3.921997e-01
5.654516e-01
9.695689e-02
0.000000e+00
2.644443e-01
9.644010e-01
5.905512e-01
5.654516e-01
9.695689e-02
3.921997e-01
5.654516e-01
9.695689e-02
3.901310e-01
5.613822e-01
9.793387e-02
0.000000e+00
5.592444e-01
8.290029e-01
5.853404e-01
5.710384e-01
9.417315e-02
5.801131e-01
5.736956e-01
9.251229e-02
3.964508e-01
5.738147e-01
9.269571e-02
0.000000e+00
6.065500e-01
7.950453e-01
3.964508e-01
5.738147e-01
9.269571e-02
5.801131e-01
5.736956e-01
9.251229e-02
5.766327e-01
5.754647e-01
9.140653e-02
0.000000e+00
6.247852e-01
7.807966e-01
3.964508e-01
5.738147e-01
9.269571e-02
5.766327e-01
5.754647e-01
9.140653e-02
3.972595e-01
5.754054e-01
9.133705e-02
0.000000e+00
6.647834e-01
7.470362e-01
3.972595e-01
5.754054e-01
9.133705e-02
5.766327e-01
5.754647e-01
9.140653e-02
3.982705e-01
5.773943e-01
8.963840e-02
0.000000e+00
6.862476e-01
7.273681e-01
5.766327e-01
5.754647e-01
9.140653e-02
5.729956e-01
5.773136e-01
8.955768e-02
3.982705e-01
5.773943e-01
8.963840e-02
0.000000e+00
7.273681e-01
6.862476e-01
3.982705e-01
5.773943e-01
8.963840e-02
5.729956e-01
5.773136e-01
8.955768e-02
5.693585e-01
5.791625e-01
8.770882e-02
0.000000e+00
7.470363e-01
6.647833e-01
3.982705e-01
5.773943e-01
8.963840e-02
5.693585e-01
5.791625e-01
8.770882e-02
3.991340e-01
5.790930e-01
8.764952e-02
0.000000e+00
7.807967e-01
6.247851e-01
3.991340e-01
5.790930e-01
8.764952e-02
5.693585e-01
5.791625e-01
8.770882e-02
3.998246e-01
5.804516e-01
8.605875e-02
0.000000e+00
7.951128e-01
6.064615e-01
5.693585e-01
5.791625e-01
8.770882e-02
5.669986e-01
5.803621e-01
8.599561e-02
3.998246e-01
5.804516e-01
8.605875e-02
0.000000e+00
8.290199e-01
5.592191e-01
3.998246e-01
5.804516e-01
8.605875e-02
5.669986e-01
5.803621e-01
8.599561e-02
5.634579e-01
5.821618e-01
8.342520e-02
0.000000e+00
8.480680e-01
5.298873e-01
3.998246e-01
5.804516e-01
8.605875e-02
5.634579e-01
5.821618e-01
8.342520e-02
4.006583e-01
5.820917e-01
8.338229e-02
0.000000e+00
8.746302e-01
4.847907e-01
4.006583e-01
5.820917e-01
8.338229e-02
5.634579e-01
5.821618e-01
8.342520e-02
4.010749e-01
5.829113e-01
8.204491e-02
0.000000e+00
8.829485e-01
4.694700e-01
5.634579e-01
5.821618e-01
8.342520e-02
5.619836e-01
5.829113e-01
8.204491e-02
4.010749e-01
5.829113e-01
8.204491e-02
0.000000e+00
9.087417e-01
4.173590e-01
4.010749e-01
5.829113e-01
8.204491e-02
5.619836e-01
5.829113e-01
8.204491e-02
5.591103e-01
5.843719e-01
7.868581e-02
0.000000e+00
9.250091e-01
3.799451e-01
4.010749e-01
5.829113e-01
8.204491e-02
5.591103e-01
5.843719e-01
7.868581e-02
4.017873e-01
5.843128e-01
7.866137e-02
0.000000e+00
9.436185e-01
3.310350e-01
4.017873e-01
5.843128e-01
7.866137e-02
5.591103e-01
5.843719e-01
7.868581e-02
4.019907e-01
5.847128e-01
7.769570e-02
0.000000e+00
9.473968e-01
3.200614e-01
5.591103e-01
5.843719e-01
7.868581e-02
5.584397e-01
5.847128e-01
7.769570e-02
4.019907e-01
5.847128e-01
7.769570e-02
0.000000e+00
9.579883e-01
2.868072e-01
4.019907e-01
5.847128e-01
7.769570e-02
5.584397e-01
5.847128e-01
7.769570e-02
5.573043e-01
5.852900e-01
7.568286e-02
0.000000e+00
9.702957e-01
2.419219e-01
4.019907e-01
5.847128e-01
7.769570e-02
5.573043e-01
5.852900e-01
7.568286e-02
4.025054e-01
5.857254e-01
7.363465e-02
0.000000e+00
9.805023e-01
1.965075e-01
4.025054e-01
5.857254e-01
7.363465e-02
5.573043e-01
5.852900e-01
7.568286e-02
5.564830e-01
5.857074e-01
7.363102e-02
0.000000e+00
9.858010e-01
1.679178e-01
4.025054e-01
5.857254e-01
7.363465e-02
5.564830e-01
5.857074e-01
7.363102e-02
4.025389e-01
5.857914e-01
7.311564e-02
0.000000e+00
9.996575e-01
2.617097e-02
5.557331e-01
5.860887e-01
7.077897e-02
5.555512e-01
5.861811e-01
6.842519e-02
4.027371e-01
5.861811e-01
6.842519e-02
0.000000e+00
9.867613e-01
1.621797e-01
5.564830e-01
5.857074e-01
7.363102e-02
5.562778e-01
5.858118e-01
7.311823e-02
4.025389e-01
5.857914e-01
7.311564e-02
0.000000e+00
9.914432e-01
1.305390e-01
4.025389e-01
5.857914e-01
7.311564e-02
5.562778e-01
5.858118e-01
7.311823e-02
5.557331e-01
5.860887e-01
7.077897e-02
0.000000e+00
9.945218e-01
1.045294e-01
4.025389e-01
5.857914e-01
7.311564e-02
5.557331e-01
5.860887e-01
7.077897e-02
4.026900e-01
5.860887e-01
7.077897e-02
0.000000e+00
9.986292e-01
5.234194e-02
4.026900e-01
5.860887e-01
7.077897e-02
5.557331e-01
5.860887e-01
7.077897e-02
4.027371e-01
5.861811e-01
6.842519e-02
