-1.000000e+00
0.000000e+00
0.000000e+00
0.000000e+00
0.000000e+00
9.842519e-02
0.000000e+00
1.771654e+00
9.842519e-02
0.000000e+00
0.000000e+00
0.000000e+00
-1.000000e+00
0.000000e+00
0.000000e+00
0.000000e+00
0.000000e+00
0.000000e+00
0.000000e+00
1.771654e+00
9.842519e-02
0.000000e+00
1.771654e+00
0.000000e+00
0.000000e+00
-1.000000e+00
0.000000e+00
5.905512e-01
0.000000e+00
9.842519e-02
0.000000e+00
0.000000e+00
9.842519e-02
5.905512e-01
0.000000e+00
0.000000e+00
0.000000e+00
-1.000000e+00
0.000000e+00
5.905512e-01
0.000000e+00
0.000000e+00
0.000000e+00
0.000000e+00
9.842519e-02
0.000000e+00
0.000000e+00
0.000000e+00
1.000000e+00
0.000000e+00
0.000000e+00
5.905512e-01
1.771654e+00
9.842519e-02
5.905512e-01
0.000000e+00
9.842519e-02
5.905512e-01
1.771654e+00
0.000000e+00
1.000000e+00
0.000000e+00
0.000000e+00
5.905512e-01
1.771654e+00
0.000000e+00
5.905512e-01
0.000000e+00
9.842519e-02
5.905512e-01
0.000000e+00
0.000000e+00
0.000000e+00
1.000000e+00
0.000000e+00
0.000000e+00
1.771654e+00
9.842519e-02
5.905512e-01
1.771654e+00
9.842519e-02
0.000000e+00
1.771654e+00
0.000000e+00
0.000000e+00
1.000000e+00
0.000000e+00
0.000000e+00
1.771654e+00
0.000000e+00
5.905512e-01
1.771654e+00
9.842519e-02
5.905512e-01
1.771654e+00
0.000000e+00
0.000000e+00
0.000000e+00
1.000000e+00
2.093857e-01
1.756654e+00
9.842519e-02
5.905512e-01
1.771654e+00
9.842519e-02
0.000000e+00
1.771654e+00
9.842519e-02
0.000000e+00
0.000000e+00
1.000000e+00
2.093857e-01
1.756654e+00
9.842519e-02
2.093857e-01
7.612942e-01
9.842519e-02
5.905512e-01
1.771654e+00
9.842519e-02
0.000000e+00
0.000000e+00
1.000000e+00
5.905512e-01
1.771654e+00
9.842519e-02
2.093857e-01
7.612942e-01
9.842519e-02
5.755512e-01
7.612942e-01
9.842519e-02
0.000000e+00
0.000000e+00
1.000000e+00
5.905512e-01
1.771654e+00
9.842519e-02
5.755512e-01
7.612942e-01
9.842519e-02
5.905512e-01
0.000000e+00
9.842519e-02
0.000000e+00
0.000000e+00
1.000000e+00
5.905512e-01
0.000000e+00
9.842519e-02
5.755512e-01
7.612942e-01
9.842519e-02
5.755512e-01
5.661811e-01
9.842519e-02
0.000000e+00
0.000000e+00
1.000000e+00
5.905512e-01
0.000000e+00
9.842519e-02
5.755512e-01
5.661811e-01
9.842519e-02
0.000000e+00
0.000000e+00
9.842519e-02
0.000000e+00
0.000000e+00
1.000000e+00
0.000000e+00
0.000000e+00
9.842519e-02
5.755512e-01
5.661811e-01
9.842519e-02
1.500000e-02
5.661811e-01
9.842519e-02
0.000000e+00
0.000000e+00
1.000000e+00
0.000000e+00
0.000000e+00
9.842519e-02
1.500000e-02
5.661811e-01
9.842519e-02
0.000000e+00
1.771654e+00
9.842519e-02
0.000000e+00
0.000000e+00
1.000000e+00
0.000000e+00
1.771654e+00
9.842519e-02
1.500000e-02
5.661811e-01
9.842519e-02
1.500000e-02
1.756654e+00
9.842519e-02
0.000000e+00
0.000000e+00
1.000000e+00
0.000000e+00
1.771654e+00
9.842519e-02
1.500000e-02
1.756654e+00
9.842519e-02
2.093857e-01
1.756654e+00
9.842519e-02
0.000000e+00
0.000000e+00
-1.000000e+00
3.500000e-02
5.861811e-01
0.000000e+00
0.000000e+00
0.000000e+00
0.000000e+00
0.000000e+00
1.771654e+00
0.000000e+00
0.000000e+00
0.000000e+00
-1.000000e+00
5.555512e-01
7.412943e-01
0.000000e+00
5.905512e-01
1.771654e+00
0.000000e+00
5.905512e-01
0.000000e+00
0.000000e+00
0.000000e+00
0.000000e+00
-1.000000e+00
0.000000e+00
0.000000e+00
0.000000e+00
3.500000e-02
5.861811e-01
0.000000e+00
5.905512e-01
0.000000e+00
0.000000e+00
0.000000e+00
0.000000e+00
-1.000000e+00
5.905512e-01
0.000000e+00
0.000000e+00
3.500000e-02
5.861811e-01
0.000000e+00
5.555512e-01
5.861811e-01
0.000000e+00
0.000000e+00
0.000000e+00
-1.000000e+00
5.905512e-01
0.000000e+00
0.000000e+00
5.555512e-01
5.861811e-01
0.000000e+00
5.555512e-01
7.412943e-01
0.000000e+00
0.000000e+00
0.000000e+00
-1.000000e+00
5.555512e-01
7.412943e-01
0.000000e+00
1.893857e-01
7.412943e-01
0.000000e+00
5.905512e-01
1.771654e+00
0.000000e+00
0.000000e+00
0.000000e+00
-1.000000e+00
5.905512e-01
1.771654e+00
0.000000e+00
1.893857e-01
7.412943e-01
0.000000e+00
1.893857e-01
1.736653e+00
0.000000e+00
0.000000e+00
0.000000e+00
-1.000000e+00
5.905512e-01
1.771654e+00
0.000000e+00
1.893857e-01
1.736653e+00
0.000000e+00
0.000000e+00
1.771654e+00
0.000000e+00
0.000000e+00
0.000000e+00
-1.000000e+00
0.000000e+00
1.771654e+00
0.000000e+00
1.893857e-01
1.736653e+00
0.000000e+00
3.500000e-02
1.736653e+00
0.000000e+00
0.000000e+00
0.000000e+00
-1.000000e+00
0.000000e+00
1.771654e+00
0.000000e+00
3.500000e-02
1.736653e+00
0.000000e+00
3.500000e-02
5.861811e-01
0.000000e+00
1.000000e+00
0.000000e+00
0.000000e+00
3.500000e-02
5.861811e-01
7.842520e-02
3.500000e-02
5.861811e-01
0.000000e+00
3.500000e-02
1.736653e+00
7.842520e-02
1.000000e+00
0.000000e+00
0.000000e+00
3.500000e-02
1.736653e+00
7.842520e-02
3.500000e-02
5.861811e-01
0.000000e+00
3.500000e-02
1.736653e+00
0.000000e+00
0.000000e+00
-1.000000e+00
0.000000e+00
3.500000e-02
1.736653e+00
7.842520e-02
3.500000e-02
1.736653e+00
0.000000e+00
1.893857e-01
1.736653e+00
7.842520e-02
0.000000e+00
-1.000000e+00
0.000000e+00
1.893857e-01
1.736653e+00
7.842520e-02
3.500000e-02
1.736653e+00
0.000000e+00
1.893857e-01
1.736653e+00
0.000000e+00
-1.000000e+00
0.000000e+00
0.000000e+00
1.893857e-01
1.736653e+00
7.842520e-02
1.893857e-01
1.736653e+00
0.000000e+00
1.893857e-01
7.412943e-01
7.842520e-02
-1.000000e+00
0.000000e+00
0.000000e+00
1.893857e-01
7.412943e-01
7.842520e-02
1.893857e-01
1.736653e+00
0.000000e+00
1.893857e-01
7.412943e-01
0.000000e+00
0.000000e+00
-1.000000e+00
0.000000e+00
1.893857e-01
7.412943e-01
7.842520e-02
1.893857e-01
7.412943e-01
0.000000e+00
5.555512e-01
7.412943e-01
7.842520e-02
0.000000e+00
-1.000000e+00
0.000000e+00
5.555512e-01
7.412943e-01
7.842520e-02
1.893857e-01
7.412943e-01
0.000000e+00
5.555512e-01
7.412943e-01
0.000000e+00
-1.000000e+00
0.000000e+00
0.000000e+00
5.555512e-01
7.412943e-01
7.842520e-02
5.555512e-01
7.412943e-01
0.000000e+00
5.555512e-01
5.861811e-01
7.842520e-02
-1.000000e+00
0.000000e+00
0.000000e+00
5.555512e-01
5.861811e-01
7.842520e-02
5.555512e-01
7.412943e-01
0.000000e+00
5.555512e-01
5.861811e-01
0.000000e+00
0.000000e+00
1.000000e+00
0.000000e+00
5.555512e-01
5.861811e-01
7.842520e-02
5.555512e-01
5.861811e-01
0.000000e+00
3.500000e-02
5.861811e-01
7.842520e-02
0.000000e+00
1.000000e+00
0.000000e+00
3.500000e-02
5.861811e-01
7.842520e-02
5.555512e-01
5.861811e-01
0.000000e+00
3.500000e-02
5.861811e-01
0.000000e+00
-9.995772e-01
0.000000e+00
2.907651e-02
1.893857e-01
1.736653e+00
7.842520e-02
1.893857e-01
7.412943e-01
7.842520e-02
1.894618e-01
1.736730e+00
8.016831e-02
-9.983077e-01
0.000000e+00
5.815303e-02
1.894618e-01
1.736730e+00
8.016831e-02
1.893857e-01
7.412943e-01
7.842520e-02
1.894618e-01
7.413704e-01
8.016831e-02
-9.932393e-01
0.000000e+00
1.160848e-01
1.894618e-01
1.736730e+00
8.016831e-02
1.894618e-01
7.413704e-01
8.016831e-02
1.896895e-01
1.736957e+00
8.189816e-02
-9.894404e-01
0.000000e+00
1.449400e-01
1.896895e-01
1.736957e+00
8.189816e-02
1.894618e-01
7.413704e-01
8.016831e-02
1.896895e-01
7.415981e-01
8.189816e-02
-9.793423e-01
0.000000e+00
2.022095e-01
1.896895e-01
1.736957e+00
8.189816e-02
1.896895e-01
7.415981e-01
8.189816e-02
1.900671e-01
1.737335e+00
8.360157e-02
-9.730430e-01
0.000000e+00
2.306239e-01
1.900671e-01
1.737335e+00
8.360157e-02
1.896895e-01
7.415981e-01
8.189816e-02
1.900671e-01
7.419757e-01
8.360157e-02
-9.579919e-01
0.000000e+00
2.867954e-01
1.900671e-01
1.737335e+00
8.360157e-02
1.900671e-01
7.419757e-01
8.360157e-02
1.905918e-01
1.737860e+00
8.526560e-02
-9.492401e-01
0.000000e+00
3.145525e-01
1.905918e-01
1.737860e+00
8.526560e-02
1.900671e-01
7.419757e-01
8.360157e-02
1.905918e-01
7.425004e-01
8.526560e-02
-9.293506e-01
0.000000e+00
3.691985e-01
1.905918e-01
1.737860e+00
8.526560e-02
1.905918e-01
7.425004e-01
8.526560e-02
1.912595e-01
1.738527e+00
8.687756e-02
-9.182128e-01
0.000000e+00
3.960873e-01
1.912595e-01
1.738527e+00
8.687756e-02
1.905918e-01
7.425004e-01
8.526560e-02
1.912595e-01
7.431681e-01
8.687756e-02
-8.936363e-01
0.000000e+00
4.487918e-01
1.912595e-01
1.738527e+00
8.687756e-02
1.912595e-01
7.431681e-01
8.687756e-02
1.920651e-01
1.739333e+00
8.842520e-02
-8.801975e-01
0.000000e+00
4.746076e-01
1.920651e-01
1.739333e+00
8.842520e-02
1.912595e-01
7.431681e-01
8.687756e-02
1.920651e-01
7.439738e-01
8.842520e-02
-8.511210e-01
0.000000e+00
5.249696e-01
1.920651e-01
1.739333e+00
8.842520e-02
1.920651e-01
7.439738e-01
8.842520e-02
1.930026e-01
1.740270e+00
8.989673e-02
-8.354833e-01
0.000000e+00
5.495159e-01
1.930026e-01
1.740270e+00
8.989673e-02
1.920651e-01
7.439738e-01
8.842520e-02
1.930026e-01
7.449113e-01
8.989673e-02
-8.021281e-01
0.000000e+00
5.971520e-01
1.930026e-01
1.740270e+00
8.989673e-02
1.930026e-01
7.449113e-01
8.989673e-02
1.940648e-01
1.741333e+00
9.128095e-02
-7.844105e-01
0.000000e+00
6.202420e-01
1.930026e-01
7.449113e-01
8.989673e-02
1.940648e-01
7.459734e-01
9.128095e-02
1.940648e-01
1.741333e+00
9.128095e-02
-7.274188e-01
0.000000e+00
6.861938e-01
1.940648e-01
1.741333e+00
9.128095e-02
1.940648e-01
7.459734e-01
9.128095e-02
1.965299e-01
7.484385e-01
9.374609e-02
-6.861938e-01
0.000000e+00
7.274188e-01
1.940648e-01
1.741333e+00
9.128095e-02
1.965299e-01
7.484385e-01
9.374609e-02
1.965299e-01
1.743798e+00
9.374609e-02
-5.972114e-01
0.000000e+00
8.020838e-01
1.965299e-01
1.743798e+00
9.374609e-02
1.965299e-01
7.484385e-01
9.374609e-02
1.993857e-01
7.512943e-01
9.574571e-02
-5.494540e-01
0.000000e+00
8.355240e-01
1.965299e-01
1.743798e+00
9.374609e-02
1.993857e-01
7.512943e-01
9.574571e-02
1.993857e-01
1.746654e+00
9.574571e-02
-4.488580e-01
0.000000e+00
8.936031e-01
1.993857e-01
1.746654e+00
9.574571e-02
1.993857e-01
7.512943e-01
9.574571e-02
2.025452e-01
7.544538e-01
9.721905e-02
-3.960194e-01
0.000000e+00
9.182422e-01
1.993857e-01
1.746654e+00
9.574571e-02
2.025452e-01
7.544538e-01
9.721905e-02
2.025452e-01
1.749813e+00
9.721905e-02
-2.868663e-01
0.000000e+00
9.579706e-01
2.025452e-01
1.749813e+00
9.721905e-02
2.025452e-01
7.544538e-01
9.721905e-02
2.059127e-01
7.578213e-01
9.812135e-02
-2.305519e-01
0.000000e+00
9.730600e-01
2.025452e-01
1.749813e+00
9.721905e-02
2.059127e-01
7.578213e-01
9.812135e-02
2.059127e-01
1.753181e+00
9.812135e-02
-1.161583e-01
0.000000e+00
9.932307e-01
2.059127e-01
1.753181e+00
9.812135e-02
2.059127e-01
7.578213e-01
9.812135e-02
2.093857e-01
7.612942e-01
9.842519e-02
-5.807913e-02
0.000000e+00
9.983119e-01
2.059127e-01
1.753181e+00
9.812135e-02
2.093857e-01
7.612942e-01
9.842519e-02
2.093857e-01
1.756654e+00
9.842519e-02
0.000000e+00
-9.995772e-01
2.907651e-02
3.500000e-02
1.736653e+00
7.842520e-02
1.893857e-01
1.736653e+00
7.842520e-02
3.492389e-02
1.736730e+00
8.016831e-02
0.000000e+00
-9.983077e-01
5.815303e-02
3.492389e-02
1.736730e+00
8.016831e-02
1.893857e-01
1.736653e+00
7.842520e-02
1.894618e-01
1.736730e+00
8.016831e-02
0.000000e+00
-9.932393e-01
1.160848e-01
3.492389e-02
1.736730e+00
8.016831e-02
1.894618e-01
1.736730e+00
8.016831e-02
3.469615e-02
1.736957e+00
8.189816e-02
0.000000e+00
-9.894404e-01
1.449400e-01
3.469615e-02
1.736957e+00
8.189816e-02
1.894618e-01
1.736730e+00
8.016831e-02
1.896895e-01
1.736957e+00
8.189816e-02
0.000000e+00
-9.793423e-01
2.022095e-01
3.469615e-02
1.736957e+00
8.189816e-02
1.896895e-01
1.736957e+00
8.189816e-02
3.431852e-02
1.737335e+00
8.360157e-02
0.000000e+00
-9.730430e-01
2.306239e-01
3.431852e-02
1.737335e+00
8.360157e-02
1.896895e-01
1.736957e+00
8.189816e-02
1.900671e-01
1.737335e+00
8.360157e-02
0.000000e+00
-9.579919e-01
2.867954e-01
3.431852e-02
1.737335e+00
8.360157e-02
1.900671e-01
1.737335e+00
8.360157e-02
3.379385e-02
1.737860e+00
8.526560e-02
0.000000e+00
-9.492401e-01
3.145525e-01
3.379385e-02
1.737860e+00
8.526560e-02
1.900671e-01
1.737335e+00
8.360157e-02
1.905918e-01
1.737860e+00
8.526560e-02
0.000000e+00
-9.293506e-01
3.691985e-01
3.379385e-02
1.737860e+00
8.526560e-02
1.905918e-01
1.737860e+00
8.526560e-02
3.312616e-02
1.738527e+00
8.687756e-02
0.000000e+00
-9.182128e-01
3.960873e-01
3.312616e-02
1.738527e+00
8.687756e-02
1.905918e-01
1.737860e+00
8.526560e-02
1.912595e-01
1.738527e+00
8.687756e-02
0.000000e+00
-8.936363e-01
4.487918e-01
3.312616e-02
1.738527e+00
8.687756e-02
1.912595e-01
1.738527e+00
8.687756e-02
3.232051e-02
1.739333e+00
8.842520e-02
0.000000e+00
-8.801975e-01
4.746076e-01
3.232051e-02
1.739333e+00
8.842520e-02
1.912595e-01
1.738527e+00
8.687756e-02
1.920651e-01
1.739333e+00
8.842520e-02
0.000000e+00
-8.511210e-01
5.249696e-01
3.232051e-02
1.739333e+00
8.842520e-02
1.920651e-01
1.739333e+00
8.842520e-02
3.138304e-02
1.740270e+00
8.989673e-02
0.000000e+00
-8.354833e-01
5.495159e-01
1.920651e-01
1.739333e+00
8.842520e-02
1.930026e-01
1.740270e+00
8.989673e-02
3.138304e-02
1.740270e+00
8.989673e-02
0.000000e+00
-8.021281e-01
5.971520e-01
3.138304e-02
1.740270e+00
8.989673e-02
1.930026e-01
1.740270e+00
8.989673e-02
1.940648e-01
1.741333e+00
9.128095e-02
0.000000e+00
-7.844105e-01
6.202420e-01
3.138304e-02
1.740270e+00
8.989673e-02
1.940648e-01
1.741333e+00
9.128095e-02
3.032089e-02
1.741333e+00
9.128095e-02
0.000000e+00
-7.274188e-01
6.861938e-01
3.032089e-02
1.741333e+00
9.128095e-02
1.940648e-01
1.741333e+00
9.128095e-02
1.965299e-01
1.743798e+00
9.374609e-02
0.000000e+00
-6.861938e-01
7.274188e-01
3.032089e-02
1.741333e+00
9.128095e-02
1.965299e-01
1.743798e+00
9.374609e-02
2.785575e-02
1.743798e+00
9.374609e-02
0.000000e+00
-5.972114e-01
8.020838e-01
2.785575e-02
1.743798e+00
9.374609e-02
1.965299e-01
1.743798e+00
9.374609e-02
1.993857e-01
1.746654e+00
9.574571e-02
0.000000e+00
-5.494540e-01
8.355240e-01
2.785575e-02
1.743798e+00
9.374609e-02
1.993857e-01
1.746654e+00
9.574571e-02
2.500000e-02
1.746654e+00
9.574571e-02
0.000000e+00
-4.488580e-01
8.936031e-01
2.500000e-02
1.746654e+00
9.574571e-02
1.993857e-01
1.746654e+00
9.574571e-02
2.025452e-01
1.749813e+00
9.721905e-02
0.000000e+00
-3.960194e-01
9.182422e-01
2.500000e-02
1.746654e+00
9.574571e-02
2.025452e-01
1.749813e+00
9.721905e-02
2.184040e-02
1.749813e+00
9.721905e-02
0.000000e+00
-2.868663e-01
9.579706e-01
2.184040e-02
1.749813e+00
9.721905e-02
2.025452e-01
1.749813e+00
9.721905e-02
2.059127e-01
1.753181e+00
9.812135e-02
0.000000e+00
-2.305519e-01
9.730600e-01
2.184040e-02
1.749813e+00
9.721905e-02
2.059127e-01
1.753181e+00
9.812135e-02
1.847296e-02
1.753181e+00
9.812135e-02
0.000000e+00
-1.161583e-01
9.932307e-01
1.847296e-02
1.753181e+00
9.812135e-02
2.059127e-01
1.753181e+00
9.812135e-02
2.093857e-01
1.756654e+00
9.842519e-02
0.000000e+00
-5.807913e-02
9.983119e-01
1.847296e-02
1.753181e+00
9.812135e-02
2.093857e-01
1.756654e+00
9.842519e-02
1.500000e-02
1.756654e+00
9.842519e-02
0.000000e+00
-6.861938e-01
7.274188e-01
1.940648e-01
7.459734e-01
9.128095e-02
5.626954e-01
7.484385e-01
9.374609e-02
1.965299e-01
7.484385e-01
9.374609e-02
0.000000e+00
-5.972114e-01
8.020838e-01
1.965299e-01
7.484385e-01
9.374609e-02
5.626954e-01
7.484385e-01
9.374609e-02
5.655512e-01
7.512943e-01
9.574571e-02
0.000000e+00
-5.494540e-01
8.355240e-01
1.965299e-01
7.484385e-01
9.374609e-02
5.655512e-01
7.512943e-01
9.574571e-02
1.993857e-01
7.512943e-01
9.574571e-02
0.000000e+00
-4.488580e-01
8.936031e-01
1.993857e-01
7.512943e-01
9.574571e-02
5.655512e-01
7.512943e-01
9.574571e-02
5.687108e-01
7.544538e-01
9.721905e-02
0.000000e+00
-3.960194e-01
9.182422e-01
1.993857e-01
7.512943e-01
9.574571e-02
5.687108e-01
7.544538e-01
9.721905e-02
2.025452e-01
7.544538e-01
9.721905e-02
0.000000e+00
-2.868663e-01
9.579706e-01
2.025452e-01
7.544538e-01
9.721905e-02
5.687108e-01
7.544538e-01
9.721905e-02
5.720782e-01
7.578213e-01
9.812135e-02
0.000000e+00
-2.305519e-01
9.730600e-01
2.025452e-01
7.544538e-01
9.721905e-02
5.720782e-01
7.578213e-01
9.812135e-02
2.059127e-01
7.578213e-01
9.812135e-02
0.000000e+00
-1.161583e-01
9.932307e-01
2.059127e-01
7.578213e-01
9.812135e-02
5.720782e-01
7.578213e-01
9.812135e-02
5.755512e-01
7.612942e-01
9.842519e-02
0.000000e+00
-5.807913e-02
9.983119e-01
2.059127e-01
7.578213e-01
9.812135e-02
5.755512e-01
7.612942e-01
9.842519e-02
2.093857e-01
7.612942e-01
9.842519e-02
0.000000e+00
-8.191521e-01
5.735765e-01
5.582307e-01
7.439738e-01
8.842520e-02
5.591682e-01
7.449113e-01
8.989673e-02
1.940648e-01
7.459734e-01
9.128095e-02
0.000000e+00
-7.844105e-01
6.202420e-01
1.940648e-01
7.459734e-01
9.128095e-02
5.591682e-01
7.449113e-01
8.989673e-02
5.602303e-01
7.459734e-01
9.128095e-02
0.000000e+00
-7.274188e-01
6.861938e-01
1.940648e-01
7.459734e-01
9.128095e-02
5.602303e-01
7.459734e-01
9.128095e-02
5.626954e-01
7.484385e-01
9.374609e-02
0.000000e+00
-9.995772e-01
2.907651e-02
1.893857e-01
7.412943e-01
7.842520e-02
5.555512e-01
7.412943e-01
7.842520e-02
1.894618e-01
7.413704e-01
8.016831e-02
0.000000e+00
-9.983077e-01
5.815303e-02
1.894618e-01
7.413704e-01
8.016831e-02
5.555512e-01
7.412943e-01
7.842520e-02
5.556273e-01
7.413704e-01
8.016831e-02
0.000000e+00
-9.932393e-01
1.160848e-01
1.894618e-01
7.413704e-01
8.016831e-02
5.556273e-01
7.413704e-01
8.016831e-02
1.896895e-01
7.415981e-01
8.189816e-02
0.000000e+00
-9.894404e-01
1.449400e-01
1.896895e-01
7.415981e-01
8.189816e-02
5.556273e-01
7.413704e-01
8.016831e-02
5.558550e-01
7.415981e-01
8.189816e-02
0.000000e+00
-9.793423e-01
2.022095e-01
1.896895e-01
7.415981e-01
8.189816e-02
5.558550e-01
7.415981e-01
8.189816e-02
1.900671e-01
7.419757e-01
8.360157e-02
0.000000e+00
-9.730430e-01
2.306239e-01
1.900671e-01
7.419757e-01
8.360157e-02
5.558550e-01
7.415981e-01
8.189816e-02
5.562327e-01
7.419757e-01
8.360157e-02
0.000000e+00
-9.579919e-01
2.867954e-01
1.900671e-01
7.419757e-01
8.360157e-02
5.562327e-01
7.419757e-01
8.360157e-02
1.905918e-01
7.425004e-01
8.526560e-02
0.000000e+00
-9.492401e-01
3.145525e-01
1.905918e-01
7.425004e-01
8.526560e-02
5.562327e-01
7.419757e-01
8.360157e-02
5.567573e-01
7.425004e-01
8.526560e-02
0.000000e+00
-9.293506e-01
3.691985e-01
1.905918e-01
7.425004e-01
8.526560e-02
5.567573e-01
7.425004e-01
8.526560e-02
1.912595e-01
7.431681e-01
8.687756e-02
0.000000e+00
-9.182128e-01
3.960873e-01
1.912595e-01
7.431681e-01
8.687756e-02
5.567573e-01
7.425004e-01
8.526560e-02
5.574250e-01
7.431681e-01
8.687756e-02
0.000000e+00
-8.936363e-01
4.487918e-01
1.912595e-01
7.431681e-01
8.687756e-02
5.574250e-01
7.431681e-01
8.687756e-02
1.920651e-01
7.439738e-01
8.842520e-02
0.000000e+00
-8.801975e-01
4.746076e-01
1.920651e-01
7.439738e-01
8.842520e-02
5.574250e-01
7.431681e-01
8.687756e-02
5.582307e-01
7.439738e-01
8.842520e-02
0.000000e+00
-8.511210e-01
5.249696e-01
1.920651e-01
7.439738e-01
8.842520e-02
5.582307e-01
7.439738e-01
8.842520e-02
1.930026e-01
7.449113e-01
8.989673e-02
0.000000e+00
-8.191521e-01
5.735765e-01
1.930026e-01
7.449113e-01
8.989673e-02
5.582307e-01
7.439738e-01
8.842520e-02
1.940648e-01
7.459734e-01
9.128095e-02
9.995772e-01
0.000000e+00
2.907651e-02
3.492389e-02
5.861050e-01
8.016831e-02
3.500000e-02
5.861811e-01
7.842520e-02
3.500000e-02
1.736653e+00
7.842520e-02
9.961947e-01
0.000000e+00
8.715575e-02
3.492389e-02
5.861050e-01
8.016831e-02
3.500000e-02
1.736653e+00
7.842520e-02
3.469615e-02
5.858772e-01
8.189816e-02
9.961947e-01
0.000000e+00
8.715575e-02
3.500000e-02
1.736653e+00
7.842520e-02
3.492389e-02
1.736730e+00
8.016831e-02
3.469615e-02
5.858772e-01
8.189816e-02
9.894404e-01
0.000000e+00
1.449400e-01
3.469615e-02
5.858772e-01
8.189816e-02
3.492389e-02
1.736730e+00
8.016831e-02
3.469615e-02
1.736957e+00
8.189816e-02
9.793423e-01
0.000000e+00
2.022095e-01
3.469615e-02
5.858772e-01
8.189816e-02
3.469615e-02
1.736957e+00
8.189816e-02
3.431852e-02
5.854996e-01
8.360157e-02
9.659258e-01
0.000000e+00
2.588190e-01
3.431852e-02
5.854996e-01
8.360157e-02
3.469615e-02
1.736957e+00
8.189816e-02
3.379385e-02
5.849749e-01
8.526560e-02
9.659258e-01
0.000000e+00
2.588190e-01
3.469615e-02
1.736957e+00
8.189816e-02
3.431852e-02
1.737335e+00
8.360157e-02
3.379385e-02
5.849749e-01
8.526560e-02
9.492401e-01
0.000000e+00
3.145525e-01
3.379385e-02
5.849749e-01
8.526560e-02
3.431852e-02
1.737335e+00
8.360157e-02
3.379385e-02
1.737860e+00
8.526560e-02
9.293506e-01
0.000000e+00
3.691985e-01
3.379385e-02
5.849749e-01
8.526560e-02
3.379385e-02
1.737860e+00
8.526560e-02
3.312616e-02
5.843073e-01
8.687756e-02
9.063078e-01
0.000000e+00
4.226182e-01
3.312616e-02
5.843073e-01
8.687756e-02
3.379385e-02
1.737860e+00
8.526560e-02
3.232051e-02
5.835016e-01
8.842520e-02
9.063078e-01
0.000000e+00
4.226183e-01
3.232051e-02
5.835016e-01
8.842520e-02
3.379385e-02
1.737860e+00
8.526560e-02
3.312616e-02
1.738527e+00
8.687756e-02
8.801975e-01
0.000000e+00
4.746076e-01
3.232051e-02
5.835016e-01
8.842520e-02
3.312616e-02
1.738527e+00
8.687756e-02
3.232051e-02
1.739333e+00
8.842520e-02
8.191521e-01
0.000000e+00
5.735765e-01
3.138304e-02
1.740270e+00
8.989673e-02
3.032089e-02
5.815020e-01
9.128095e-02
3.232051e-02
1.739333e+00
8.842520e-02
8.191521e-01
0.000000e+00
5.735765e-01
3.232051e-02
1.739333e+00
8.842520e-02
3.032089e-02
5.815020e-01
9.128095e-02
3.138304e-02
5.825642e-01
8.989673e-02
8.511210e-01
0.000000e+00
5.249696e-01
3.232051e-02
1.739333e+00
8.842520e-02
3.138304e-02
5.825642e-01
8.989673e-02
3.232051e-02
5.835016e-01
8.842520e-02
7.844105e-01
0.000000e+00
6.202420e-01
3.138304e-02
1.740270e+00
8.989673e-02
3.032089e-02
1.741333e+00
9.128095e-02
3.032089e-02
5.815020e-01
9.128095e-02
7.274188e-01
0.000000e+00
6.861938e-01
3.032089e-02
5.815020e-01
9.128095e-02
3.032089e-02
1.741333e+00
9.128095e-02
2.785575e-02
1.743798e+00
9.374609e-02
6.861938e-01
0.000000e+00
7.274188e-01
3.032089e-02
5.815020e-01
9.128095e-02
2.785575e-02
1.743798e+00
9.374609e-02
2.785575e-02
5.790369e-01
9.374609e-02
5.972114e-01
0.000000e+00
8.020838e-01
2.785575e-02
5.790369e-01
9.374609e-02
2.785575e-02
1.743798e+00
9.374609e-02
2.500000e-02
1.746654e+00
9.574571e-02
5.494540e-01
0.000000e+00
8.355240e-01
2.785575e-02
5.790369e-01
9.374609e-02
2.500000e-02
1.746654e+00
9.574571e-02
2.500000e-02
5.761811e-01
9.574571e-02
4.488580e-01
0.000000e+00
8.936031e-01
2.500000e-02
5.761811e-01
9.574571e-02
2.500000e-02
1.746654e+00
9.574571e-02
2.184040e-02
1.749813e+00
9.721905e-02
3.960194e-01
0.000000e+00
9.182422e-01
2.500000e-02
5.761811e-01
9.574571e-02
2.184040e-02
1.749813e+00
9.721905e-02
2.184040e-02
5.730215e-01
9.721905e-02
2.868663e-01
0.000000e+00
9.579706e-01
2.184040e-02
5.730215e-01
9.721905e-02
2.184040e-02
1.749813e+00
9.721905e-02
1.847296e-02
1.753181e+00
9.812135e-02
2.305519e-01
0.000000e+00
9.730600e-01
2.184040e-02
5.730215e-01
9.721905e-02
1.847296e-02
1.753181e+00
9.812135e-02
1.847296e-02
5.696540e-01
9.812135e-02
1.161583e-01
0.000000e+00
9.932307e-01
1.847296e-02
5.696540e-01
9.812135e-02
1.847296e-02
1.753181e+00
9.812135e-02
1.500000e-02
1.756654e+00
9.842519e-02
5.807913e-02
0.000000e+00
9.983119e-01
1.847296e-02
5.696540e-01
9.812135e-02
1.500000e-02
1.756654e+00
9.842519e-02
1.500000e-02
5.661811e-01
9.842519e-02
-8.936363e-01
0.000000e+00
4.487919e-01
5.574250e-01
5.843073e-01
8.687756e-02
5.582307e-01
5.835016e-01
8.842520e-02
5.574250e-01
7.431681e-01
8.687756e-02
-5.807913e-02
0.000000e+00
9.983119e-01
5.755512e-01
5.661811e-01
9.842519e-02
5.755512e-01
7.612942e-01
9.842519e-02
5.720782e-01
7.578213e-01
9.812135e-02
-1.161583e-01
0.000000e+00
9.932307e-01
5.755512e-01
5.661811e-01
9.842519e-02
5.720782e-01
7.578213e-01
9.812135e-02
5.720782e-01
5.696540e-01
9.812135e-02
-2.305519e-01
0.000000e+00
9.730600e-01
5.720782e-01
5.696540e-01
9.812135e-02
5.720782e-01
7.578213e-01
9.812135e-02
5.687108e-01
7.544538e-01
9.721905e-02
-2.868663e-01
0.000000e+00
9.579706e-01
5.720782e-01
5.696540e-01
9.812135e-02
5.687108e-01
7.544538e-01
9.721905e-02
5.687108e-01
5.730215e-01
9.721905e-02
-3.960194e-01
0.000000e+00
9.182422e-01
5.687108e-01
5.730215e-01
9.721905e-02
5.687108e-01
7.544538e-01
9.721905e-02
5.655512e-01
7.512943e-01
9.574571e-02
-4.488580e-01
0.000000e+00
8.936031e-01
5.687108e-01
5.730215e-01
9.721905e-02
5.655512e-01
7.512943e-01
9.574571e-02
5.655512e-01
5.761811e-01
9.574571e-02
-5.494540e-01
0.000000e+00
8.355240e-01
5.655512e-01
5.761811e-01
9.574571e-02
5.655512e-01
7.512943e-01
9.574571e-02
5.626954e-01
7.484385e-01
9.374609e-02
-5.972114e-01
0.000000e+00
8.020838e-01
5.655512e-01
5.761811e-01
9.574571e-02
5.626954e-01
7.484385e-01
9.374609e-02
5.626954e-01
5.790369e-01
9.374609e-02
-6.861938e-01
0.000000e+00
7.274188e-01
5.626954e-01
5.790369e-01
9.374609e-02
5.626954e-01
7.484385e-01
9.374609e-02
5.602303e-01
7.459734e-01
9.128095e-02
-7.274188e-01
0.000000e+00
6.861938e-01
5.626954e-01
5.790369e-01
9.374609e-02
5.602303e-01
7.459734e-01
9.128095e-02
5.602303e-01
5.815020e-01
9.128095e-02
-7.844105e-01
0.000000e+00
6.202419e-01
5.602303e-01
5.815020e-01
9.128095e-02
5.602303e-01
7.459734e-01
9.128095e-02
5.591682e-01
7.449113e-01
8.989673e-02
-8.021281e-01
0.000000e+00
5.971520e-01
5.602303e-01
5.815020e-01
9.128095e-02
5.591682e-01
7.449113e-01
8.989673e-02
5.591682e-01
5.825642e-01
8.989673e-02
-8.354833e-01
0.000000e+00
5.495159e-01
5.591682e-01
5.825642e-01
8.989673e-02
5.591682e-01
7.449113e-01
8.989673e-02
5.582307e-01
5.835016e-01
8.842520e-02
-8.511210e-01
0.000000e+00
5.249696e-01
5.582307e-01
5.835016e-01
8.842520e-02
5.591682e-01
7.449113e-01
8.989673e-02
5.582307e-01
7.439738e-01
8.842520e-02
-8.801975e-01
0.000000e+00
4.746076e-01
5.582307e-01
5.835016e-01
8.842520e-02
5.582307e-01
7.439738e-01
8.842520e-02
5.574250e-01
7.431681e-01
8.687756e-02
-9.182128e-01
0.000000e+00
3.960873e-01
5.574250e-01
5.843073e-01
8.687756e-02
5.574250e-01
7.431681e-01
8.687756e-02
5.567573e-01
5.849749e-01
8.526560e-02
-9.293506e-01
0.000000e+00
3.691985e-01
5.567573e-01
5.849749e-01
8.526560e-02
5.574250e-01
7.431681e-01
8.687756e-02
5.567573e-01
7.425004e-01
8.526560e-02
-9.492401e-01
0.000000e+00
3.145525e-01
5.567573e-01
5.849749e-01
8.526560e-02
5.567573e-01
7.425004e-01
8.526560e-02
5.562327e-01
7.419757e-01
8.360157e-02
-9.995772e-01
0.000000e+00
2.907651e-02
5.555512e-01
7.412943e-01
7.842520e-02
5.555512e-01
5.861811e-01
7.842520e-02
5.556273e-01
7.413704e-01
8.016831e-02
-9.983077e-01
0.000000e+00
5.815303e-02
5.556273e-01
7.413704e-01
8.016831e-02
5.555512e-01
5.861811e-01
7.842520e-02
5.556273e-01
5.861050e-01
8.016831e-02
-9.932393e-01
0.000000e+00
1.160848e-01
5.556273e-01
7.413704e-01
8.016831e-02
5.556273e-01
5.861050e-01
8.016831e-02
5.558550e-01
7.415981e-01
8.189816e-02
-9.894404e-01
0.000000e+00
1.449400e-01
5.558550e-01
7.415981e-01
8.189816e-02
5.556273e-01
5.861050e-01
8.016831e-02
5.558550e-01
5.858772e-01
8.189816e-02
-9.793423e-01
0.000000e+00
2.022095e-01
5.558550e-01
7.415981e-01
8.189816e-02
5.558550e-01
5.858772e-01
8.189816e-02
5.562327e-01
7.419757e-01
8.360157e-02
-9.730430e-01
0.000000e+00
2.306239e-01
5.562327e-01
7.419757e-01
8.360157e-02
5.558550e-01
5.858772e-01
8.189816e-02
5.562327e-01
5.854996e-01
8.360157e-02
-9.579919e-01
0.000000e+00
2.867954e-01
5.562327e-01
7.419757e-01
8.360157e-02
5.562327e-01
5.854996e-01
8.360157e-02
5.567573e-01
5.849749e-01
8.526560e-02
0.000000e+00
9.995772e-01
2.907651e-02
5.556273e-01
5.861050e-01
8.016831e-02
5.555512e-01
5.861811e-01
7.842520e-02
3.500000e-02
5.861811e-01
7.842520e-02
0.000000e+00
9.961947e-01
8.715575e-02
5.556273e-01
5.861050e-01
8.016831e-02
3.500000e-02
5.861811e-01
7.842520e-02
5.558550e-01
5.858772e-01
8.189816e-02
0.000000e+00
9.961947e-01
8.715575e-02
3.500000e-02
5.861811e-01
7.842520e-02
3.492389e-02
5.861050e-01
8.016831e-02
5.558550e-01
5.858772e-01
8.189816e-02
0.000000e+00
9.894404e-01
1.449400e-01
5.558550e-01
5.858772e-01
8.189816e-02
3.492389e-02
5.861050e-01
8.016831e-02
3.469615e-02
5.858772e-01
8.189816e-02
0.000000e+00
9.793423e-01
2.022095e-01
5.558550e-01
5.858772e-01
8.189816e-02
3.469615e-02
5.858772e-01
8.189816e-02
5.562327e-01
5.854996e-01
8.360157e-02
0.000000e+00
9.659258e-01
2.588190e-01
5.562327e-01
5.854996e-01
8.360157e-02
3.469615e-02
5.858772e-01
8.189816e-02
5.567573e-01
5.849749e-01
8.526560e-02
0.000000e+00
9.659258e-01
2.588190e-01
3.469615e-02
5.858772e-01
8.189816e-02
3.431852e-02
5.854996e-01
8.360157e-02
5.567573e-01
5.849749e-01
8.526560e-02
0.000000e+00
9.492401e-01
3.145525e-01
5.567573e-01
5.849749e-01
8.526560e-02
3.431852e-02
5.854996e-01
8.360157e-02
3.379385e-02
5.849749e-01
8.526560e-02
0.000000e+00
9.293506e-01
3.691985e-01
5.567573e-01
5.849749e-01
8.526560e-02
3.379385e-02
5.849749e-01
8.526560e-02
5.574250e-01
5.843073e-01
8.687756e-02
0.000000e+00
9.063078e-01
4.226182e-01
5.574250e-01
5.843073e-01
8.687756e-02
3.379385e-02
5.849749e-01
8.526560e-02
5.582307e-01
5.835016e-01
8.842520e-02
0.000000e+00
8.191521e-01
5.735765e-01
3.232051e-02
5.835016e-01
8.842520e-02
3.138304e-02
5.825642e-01
8.989673e-02
5.602303e-01
5.815020e-01
9.128095e-02
0.000000e+00
9.063078e-01
4.226182e-01
3.379385e-02
5.849749e-01
8.526560e-02
3.312616e-02
5.843073e-01
8.687756e-02
5.582307e-01
5.835016e-01
8.842520e-02
0.000000e+00
8.801975e-01
4.746076e-01
5.582307e-01
5.835016e-01
8.842520e-02
3.312616e-02
5.843073e-01
8.687756e-02
3.232051e-02
5.835016e-01
8.842520e-02
0.000000e+00
8.511210e-01
5.249696e-01
5.582307e-01
5.835016e-01
8.842520e-02
3.232051e-02
5.835016e-01
8.842520e-02
5.591682e-01
5.825642e-01
8.989673e-02
0.000000e+00
8.191521e-01
5.735765e-01
5.591682e-01
5.825642e-01
8.989673e-02
3.232051e-02
5.835016e-01
8.842520e-02
5.602303e-01
5.815020e-01
9.128095e-02
0.000000e+00
7.844105e-01
6.202420e-01
3.138304e-02
5.825642e-01
8.989673e-02
3.032089e-02
5.815020e-01
9.128095e-02
5.602303e-01
5.815020e-01
9.128095e-02
0.000000e+00
7.274188e-01
6.861938e-01
5.602303e-01
5.815020e-01
9.128095e-02
3.032089e-02
5.815020e-01
9.128095e-02
2.785575e-02
5.790369e-01
9.374609e-02
0.000000e+00
6.861938e-01
7.274188e-01
5.602303e-01
5.815020e-01
9.128095e-02
2.785575e-02
5.790369e-01
9.374609e-02
5.626954e-01
5.790369e-01
9.374609e-02
0.000000e+00
5.972114e-01
8.020838e-01
5.626954e-01
5.790369e-01
9.374609e-02
2.785575e-02
5.790369e-01
9.374609e-02
2.500000e-02
5.761811e-01
9.574571e-02
0.000000e+00
5.494540e-01
8.355240e-01
5.626954e-01
5.790369e-01
9.374609e-02
2.500000e-02
5.761811e-01
9.574571e-02
5.655512e-01
5.761811e-01
9.574571e-02
0.000000e+00
4.488580e-01
8.936031e-01
5.655512e-01
5.761811e-01
9.574571e-02
2.500000e-02
5.761811e-01
9.574571e-02
2.184040e-02
5.730215e-01
9.721905e-02
0.000000e+00
3.960194e-01
9.182422e-01
5.655512e-01
5.761811e-01
9.574571e-02
2.184040e-02
5.730215e-01
9.721905e-02
5.687108e-01
5.730215e-01
9.721905e-02
0.000000e+00
2.868663e-01
9.579706e-01
5.687108e-01
5.730215e-01
9.721905e-02
2.184040e-02
5.730215e-01
9.721905e-02
1.847296e-02
5.696540e-01
9.812135e-02
0.000000e+00
2.305519e-01
9.730600e-01
5.687108e-01
5.730215e-01
9.721905e-02
1.847296e-02
5.696540e-01
9.812135e-02
5.720782e-01
5.696540e-01
9.812135e-02
0.000000e+00
1.161583e-01
9.932307e-01
5.720782e-01
5.696540e-01
9.812135e-02
1.847296e-02
5.696540e-01
9.812135e-02
1.500000e-02
5.661811e-01
9.842519e-02
0.000000e+00
5.807913e-02
9.983119e-01
5.720782e-01
5.696540e-01
9.812135e-02
1.500000e-02
5.661811e-01
9.842519e-02
5.755512e-01
5.661811e-01
9.842519e-02
