0.000000e+00
0.000000e+00
1.000000e+00
3.744578e-01
5.561811e-01
9.842519e-02
3.744578e-01
7.198883e-01
9.842519e-02
2.956771e-01
4.956868e-01
9.842519e-02
0.000000e+00
0.000000e+00
1.000000e+00
3.744578e-01
5.561811e-01
9.842519e-02
2.956771e-01
4.956868e-01
9.842519e-02
5.855512e-01
5.561811e-01
9.842519e-02
0.000000e+00
0.000000e+00
1.000000e+00
2.168965e-01
7.198883e-01
9.842519e-02
2.168965e-01
5.561811e-01
9.842519e-02
2.956771e-01
4.956868e-01
9.842519e-02
0.000000e+00
0.000000e+00
1.000000e+00
2.956771e-01
4.956868e-01
9.842519e-02
2.168965e-01
5.561811e-01
9.842519e-02
5.000000e-03
5.561811e-01
9.842519e-02
0.000000e+00
0.000000e+00
1.000000e+00
5.905512e-01
1.771654e+00
9.842519e-02
0.000000e+00
1.771654e+00
9.842519e-02
4.566589e-01
1.766654e+00
9.842519e-02
0.000000e+00
0.000000e+00
1.000000e+00
4.566589e-01
1.766654e+00
9.842519e-02
0.000000e+00
1.771654e+00
9.842519e-02
1.342813e-01
1.766654e+00
9.842519e-02
0.000000e+00
0.000000e+00
1.000000e+00
4.566589e-01
1.766654e+00
9.842519e-02
1.342813e-01
1.766654e+00
9.842519e-02
2.956455e-01
1.131310e+00
9.842519e-02
0.000000e+00
0.000000e+00
1.000000e+00
4.566589e-01
1.766654e+00
9.842519e-02
5.855512e-01
1.766654e+00
9.842519e-02
5.905512e-01
1.771654e+00
9.842519e-02
0.000000e+00
0.000000e+00
1.000000e+00
5.905512e-01
1.771654e+00
9.842519e-02
5.855512e-01
1.766654e+00
9.842519e-02
5.855512e-01
5.561811e-01
9.842519e-02
0.000000e+00
0.000000e+00
1.000000e+00
5.905512e-01
1.771654e+00
9.842519e-02
5.855512e-01
5.561811e-01
9.842519e-02
5.905512e-01
0.000000e+00
9.842519e-02
0.000000e+00
0.000000e+00
1.000000e+00
5.905512e-01
0.000000e+00
9.842519e-02
5.855512e-01
5.561811e-01
9.842519e-02
2.956771e-01
4.956868e-01
9.842519e-02
0.000000e+00
0.000000e+00
1.000000e+00
5.905512e-01
0.000000e+00
9.842519e-02
2.956771e-01
4.956868e-01
9.842519e-02
0.000000e+00
0.000000e+00
9.842519e-02
0.000000e+00
0.000000e+00
1.000000e+00
0.000000e+00
0.000000e+00
9.842519e-02
2.956771e-01
4.956868e-01
9.842519e-02
5.000000e-03
5.561811e-01
9.842519e-02
0.000000e+00
0.000000e+00
1.000000e+00
0.000000e+00
0.000000e+00
9.842519e-02
5.000000e-03
5.561811e-01
9.842519e-02
0.000000e+00
1.771654e+00
9.842519e-02
0.000000e+00
0.000000e+00
1.000000e+00
0.000000e+00
1.771654e+00
9.842519e-02
5.000000e-03
5.561811e-01
9.842519e-02
5.000000e-03
1.766654e+00
9.842519e-02
0.000000e+00
0.000000e+00
1.000000e+00
0.000000e+00
1.771654e+00
9.842519e-02
5.000000e-03
1.766654e+00
9.842519e-02
1.342813e-01
1.766654e+00
9.842519e-02
0.000000e+00
0.000000e+00
-1.000000e+00
2.956771e-01
5.861811e-01
0.000000e+00
4.044578e-01
8.957595e-01
0.000000e+00
4.044578e-01
5.861811e-01
0.000000e+00
0.000000e+00
0.000000e+00
-1.000000e+00
0.000000e+00
1.771654e+00
0.000000e+00
3.500000e-02
1.736653e+00
0.000000e+00
3.500000e-02
5.861811e-01
0.000000e+00
0.000000e+00
0.000000e+00
-1.000000e+00
1.868965e-01
8.957595e-01
0.000000e+00
2.956771e-01
5.861811e-01
0.000000e+00
1.868965e-01
5.861811e-01
0.000000e+00
0.000000e+00
0.000000e+00
-1.000000e+00
1.868965e-01
5.861811e-01
0.000000e+00
2.956771e-01
5.861811e-01
0.000000e+00
5.905512e-01
0.000000e+00
0.000000e+00
0.000000e+00
0.000000e+00
-1.000000e+00
1.868965e-01
5.861811e-01
0.000000e+00
5.905512e-01
0.000000e+00
0.000000e+00
3.500000e-02
5.861811e-01
0.000000e+00
0.000000e+00
0.000000e+00
-1.000000e+00
3.500000e-02
5.861811e-01
0.000000e+00
5.905512e-01
0.000000e+00
0.000000e+00
0.000000e+00
0.000000e+00
0.000000e+00
0.000000e+00
0.000000e+00
-1.000000e+00
3.500000e-02
5.861811e-01
0.000000e+00
0.000000e+00
0.000000e+00
0.000000e+00
0.000000e+00
1.771654e+00
0.000000e+00
0.000000e+00
0.000000e+00
-1.000000e+00
2.956771e-01
5.861811e-01
0.000000e+00
4.044578e-01
5.861811e-01
0.000000e+00
5.905512e-01
0.000000e+00
0.000000e+00
0.000000e+00
0.000000e+00
-1.000000e+00
5.905512e-01
0.000000e+00
0.000000e+00
4.044578e-01
5.861811e-01
0.000000e+00
5.555512e-01
5.861811e-01
0.000000e+00
0.000000e+00
0.000000e+00
-1.000000e+00
5.905512e-01
0.000000e+00
0.000000e+00
5.555512e-01
5.861811e-01
0.000000e+00
5.905512e-01
1.771654e+00
0.000000e+00
0.000000e+00
0.000000e+00
-1.000000e+00
4.800045e-01
1.736653e+00
0.000000e+00
2.956771e-01
1.009316e+00
0.000000e+00
1.109482e-01
1.736653e+00
0.000000e+00
0.000000e+00
0.000000e+00
-1.000000e+00
5.555512e-01
5.861811e-01
0.000000e+00
5.555512e-01
1.736653e+00
0.000000e+00
5.905512e-01
1.771654e+00
0.000000e+00
0.000000e+00
0.000000e+00
-1.000000e+00
5.905512e-01
1.771654e+00
0.000000e+00
5.555512e-01
1.736653e+00
0.000000e+00
4.800045e-01
1.736653e+00
0.000000e+00
0.000000e+00
0.000000e+00
-1.000000e+00
5.905512e-01
1.771654e+00
0.000000e+00
4.800045e-01
1.736653e+00
0.000000e+00
0.000000e+00
1.771654e+00
0.000000e+00
0.000000e+00
0.000000e+00
-1.000000e+00
0.000000e+00
1.771654e+00
0.000000e+00
4.800045e-01
1.736653e+00
0.000000e+00
1.109482e-01
1.736653e+00
0.000000e+00
0.000000e+00
0.000000e+00
-1.000000e+00
0.000000e+00
1.771654e+00
0.000000e+00
1.109482e-01
1.736653e+00
0.000000e+00
3.500000e-02
1.736653e+00
0.000000e+00
-1.000000e+00
0.000000e+00
0.000000e+00
0.000000e+00
0.000000e+00
9.842519e-02
0.000000e+00
1.771654e+00
9.842519e-02
0.000000e+00
0.000000e+00
0.000000e+00
-1.000000e+00
0.000000e+00
0.000000e+00
0.000000e+00
0.000000e+00
0.000000e+00
0.000000e+00
1.771654e+00
9.842519e-02
0.000000e+00
1.771654e+00
0.000000e+00
0.000000e+00
-1.000000e+00
0.000000e+00
5.905512e-01
0.000000e+00
9.842519e-02
0.000000e+00
0.000000e+00
9.842519e-02
5.905512e-01
0.000000e+00
0.000000e+00
0.000000e+00
-1.000000e+00
0.000000e+00
5.905512e-01
0.000000e+00
0.000000e+00
0.000000e+00
0.000000e+00
9.842519e-02
0.000000e+00
0.000000e+00
0.000000e+00
1.000000e+00
0.000000e+00
0.000000e+00
5.905512e-01
1.771654e+00
9.842519e-02
5.905512e-01
0.000000e+00
9.842519e-02
5.905512e-01
1.771654e+00
0.000000e+00
1.000000e+00
0.000000e+00
0.000000e+00
5.905512e-01
1.771654e+00
0.000000e+00
5.905512e-01
0.000000e+00
9.842519e-02
5.905512e-01
0.000000e+00
0.000000e+00
0.000000e+00
1.000000e+00
0.000000e+00
0.000000e+00
1.771654e+00
9.842519e-02
5.905512e-01
1.771654e+00
9.842519e-02
0.000000e+00
1.771654e+00
0.000000e+00
0.000000e+00
1.000000e+00
0.000000e+00
0.000000e+00
1.771654e+00
0.000000e+00
5.905512e-01
1.771654e+00
9.842519e-02
5.905512e-01
1.771654e+00
0.000000e+00
-9.692281e-01
-2.461642e-01
0.000000e+00
1.109482e-01
1.736653e+00
6.842519e-02
1.109482e-01
1.736653e+00
0.000000e+00
2.956771e-01
1.009316e+00
6.842519e-02
-9.692281e-01
-2.461642e-01
0.000000e+00
2.956771e-01
1.009316e+00
6.842519e-02
1.109482e-01
1.736653e+00
0.000000e+00
2.956771e-01
1.009316e+00
0.000000e+00
9.693558e-01
-2.456614e-01
0.000000e+00
2.956771e-01
1.009316e+00
6.842519e-02
2.956771e-01
1.009316e+00
0.000000e+00
4.800045e-01
1.736653e+00
6.842519e-02
9.693558e-01
-2.456614e-01
0.000000e+00
4.800045e-01
1.736653e+00
6.842519e-02
2.956771e-01
1.009316e+00
0.000000e+00
4.800045e-01
1.736653e+00
0.000000e+00
0.000000e+00
-1.000000e+00
0.000000e+00
4.800045e-01
1.736653e+00
6.842519e-02
4.800045e-01
1.736653e+00
0.000000e+00
5.555512e-01
1.736653e+00
6.842519e-02
0.000000e+00
-1.000000e+00
0.000000e+00
5.555512e-01
1.736653e+00
6.842519e-02
4.800045e-01
1.736653e+00
0.000000e+00
5.555512e-01
1.736653e+00
0.000000e+00
-1.000000e+00
0.000000e+00
0.000000e+00
5.555512e-01
1.736653e+00
6.842519e-02
5.555512e-01
1.736653e+00
0.000000e+00
5.555512e-01
5.861811e-01
6.842519e-02
-1.000000e+00
0.000000e+00
0.000000e+00
5.555512e-01
5.861811e-01
6.842519e-02
5.555512e-01
1.736653e+00
0.000000e+00
5.555512e-01
5.861811e-01
0.000000e+00
0.000000e+00
1.000000e+00
0.000000e+00
5.555512e-01
5.861811e-01
6.842519e-02
5.555512e-01
5.861811e-01
0.000000e+00
4.044578e-01
5.861811e-01
6.842519e-02
0.000000e+00
1.000000e+00
0.000000e+00
4.044578e-01
5.861811e-01
6.842519e-02
5.555512e-01
5.861811e-01
0.000000e+00
4.044578e-01
5.861811e-01
0.000000e+00
1.000000e+00
0.000000e+00
0.000000e+00
4.044578e-01
5.861811e-01
6.842519e-02
4.044578e-01
5.861811e-01
0.000000e+00
4.044578e-01
8.957595e-01
6.842519e-02
1.000000e+00
0.000000e+00
0.000000e+00
4.044578e-01
8.957595e-01
6.842519e-02
4.044578e-01
5.861811e-01
0.000000e+00
4.044578e-01
8.957595e-01
0.000000e+00
-9.434507e-01
3.315127e-01
0.000000e+00
4.044578e-01
8.957595e-01
6.842519e-02
4.044578e-01
8.957595e-01
0.000000e+00
2.956771e-01
5.861811e-01
6.842519e-02
-9.434507e-01
3.315127e-01
0.000000e+00
2.956771e-01
5.861811e-01
6.842519e-02
4.044578e-01
8.957595e-01
0.000000e+00
2.956771e-01
5.861811e-01
0.000000e+00
9.434507e-01
3.315127e-01
0.000000e+00
2.956771e-01
5.861811e-01
6.842519e-02
2.956771e-01
5.861811e-01
0.000000e+00
1.868965e-01
8.957595e-01
6.842519e-02
9.434507e-01
3.315127e-01
0.000000e+00
1.868965e-01
8.957595e-01
6.842519e-02
2.956771e-01
5.861811e-01
0.000000e+00
1.868965e-01
8.957595e-01
0.000000e+00
-1.000000e+00
0.000000e+00
0.000000e+00
1.868965e-01
8.957595e-01
6.842519e-02
1.868965e-01
8.957595e-01
0.000000e+00
1.868965e-01
5.861811e-01
6.842519e-02
-1.000000e+00
0.000000e+00
0.000000e+00
1.868965e-01
5.861811e-01
6.842519e-02
1.868965e-01
8.957595e-01
0.000000e+00
1.868965e-01
5.861811e-01
0.000000e+00
0.000000e+00
1.000000e+00
0.000000e+00
1.868965e-01
5.861811e-01
6.842519e-02
1.868965e-01
5.861811e-01
0.000000e+00
3.500000e-02
5.861811e-01
6.842519e-02
0.000000e+00
1.000000e+00
0.000000e+00
3.500000e-02
5.861811e-01
6.842519e-02
1.868965e-01
5.861811e-01
0.000000e+00
3.500000e-02
5.861811e-01
0.000000e+00
1.000000e+00
0.000000e+00
0.000000e+00
3.500000e-02
5.861811e-01
6.842519e-02
3.500000e-02
5.861811e-01
0.000000e+00
3.500000e-02
1.736653e+00
6.842519e-02
1.000000e+00
0.000000e+00
0.000000e+00
3.500000e-02
1.736653e+00
6.842519e-02
3.500000e-02
5.861811e-01
0.000000e+00
3.500000e-02
1.736653e+00
0.000000e+00
0.000000e+00
-1.000000e+00
0.000000e+00
3.500000e-02
1.736653e+00
6.842519e-02
3.500000e-02
1.736653e+00
0.000000e+00
1.109482e-01
1.736653e+00
6.842519e-02
0.000000e+00
-1.000000e+00
0.000000e+00
1.109482e-01
1.736653e+00
6.842519e-02
3.500000e-02
1.736653e+00
0.000000e+00
1.109482e-01
1.736653e+00
0.000000e+00
9.894404e-01
0.000000e+00
1.449400e-01
3.488584e-02
1.736768e+00
7.103987e-02
3.454423e-02
1.737109e+00
7.363465e-02
3.454423e-02
5.857254e-01
7.363465e-02
7.844105e-01
0.000000e+00
6.202420e-01
2.957456e-02
1.742079e+00
8.563249e-02
2.798133e-02
1.743672e+00
8.770882e-02
2.798133e-02
5.791625e-01
8.770882e-02
7.274188e-01
0.000000e+00
6.861938e-01
2.798133e-02
5.791625e-01
8.770882e-02
2.798133e-02
1.743672e+00
8.770882e-02
2.428363e-02
1.747370e+00
9.140653e-02
6.861938e-01
0.000000e+00
7.274188e-01
2.798133e-02
5.791625e-01
8.770882e-02
2.428363e-02
1.747370e+00
9.140653e-02
2.428363e-02
5.754647e-01
9.140653e-02
5.972114e-01
0.000000e+00
8.020838e-01
2.428363e-02
5.754647e-01
9.140653e-02
2.428363e-02
1.747370e+00
9.140653e-02
2.000000e-02
1.751654e+00
9.440596e-02
5.494540e-01
0.000000e+00
8.355240e-01
2.428363e-02
5.754647e-01
9.140653e-02
2.000000e-02
1.751654e+00
9.440596e-02
2.000000e-02
5.711811e-01
9.440596e-02
4.488580e-01
0.000000e+00
8.936031e-01
2.000000e-02
5.711811e-01
9.440596e-02
2.000000e-02
1.751654e+00
9.440596e-02
1.526060e-02
1.756393e+00
9.661597e-02
3.960194e-01
0.000000e+00
9.182422e-01
2.000000e-02
5.711811e-01
9.440596e-02
1.526060e-02
1.756393e+00
9.661597e-02
1.526060e-02
5.664417e-01
9.661597e-02
2.868663e-01
0.000000e+00
9.579706e-01
1.526060e-02
5.664417e-01
9.661597e-02
1.526060e-02
1.756393e+00
9.661597e-02
1.020944e-02
1.761444e+00
9.796944e-02
2.305519e-01
0.000000e+00
9.730600e-01
1.526060e-02
5.664417e-01
9.661597e-02
1.020944e-02
1.761444e+00
9.796944e-02
1.020944e-02
5.613905e-01
9.796944e-02
1.161583e-01
0.000000e+00
9.932307e-01
1.020944e-02
5.613905e-01
9.796944e-02
1.020944e-02
1.761444e+00
9.796944e-02
5.000000e-03
1.766654e+00
9.842519e-02
5.807913e-02
0.000000e+00
9.983119e-01
1.020944e-02
5.613905e-01
9.796944e-02
5.000000e-03
1.766654e+00
9.842519e-02
5.000000e-03
5.561811e-01
9.842519e-02
8.191521e-01
0.000000e+00
5.735765e-01
2.957456e-02
1.742079e+00
8.563249e-02
2.798133e-02
5.791625e-01
8.770882e-02
3.098076e-02
1.740673e+00
8.342520e-02
8.191521e-01
0.000000e+00
5.735765e-01
3.098076e-02
1.740673e+00
8.342520e-02
2.798133e-02
5.791625e-01
8.770882e-02
2.957456e-02
5.807557e-01
8.563249e-02
8.511210e-01
0.000000e+00
5.249696e-01
3.098076e-02
1.740673e+00
8.342520e-02
2.957456e-02
5.807557e-01
8.563249e-02
3.098076e-02
5.821618e-01
8.342520e-02
9.293506e-01
0.000000e+00
3.691985e-01
3.218923e-02
5.833703e-01
8.110374e-02
3.319078e-02
5.843719e-01
7.868581e-02
3.319078e-02
1.738463e+00
7.868581e-02
9.063078e-01
0.000000e+00
4.226182e-01
3.218923e-02
5.833703e-01
8.110374e-02
3.319078e-02
1.738463e+00
7.868581e-02
3.098076e-02
5.821618e-01
8.342520e-02
9.063078e-01
0.000000e+00
4.226183e-01
3.098076e-02
5.821618e-01
8.342520e-02
3.319078e-02
1.738463e+00
7.868581e-02
3.218923e-02
1.739464e+00
8.110374e-02
8.801975e-01
0.000000e+00
4.746076e-01
3.098076e-02
5.821618e-01
8.342520e-02
3.218923e-02
1.739464e+00
8.110374e-02
3.098076e-02
1.740673e+00
8.342520e-02
9.793423e-01
0.000000e+00
2.022095e-01
3.454423e-02
5.857254e-01
7.363465e-02
3.454423e-02
1.737109e+00
7.363465e-02
3.397778e-02
5.851589e-01
7.618977e-02
9.659258e-01
0.000000e+00
2.588190e-01
3.397778e-02
5.851589e-01
7.618977e-02
3.454423e-02
1.737109e+00
7.363465e-02
3.319078e-02
5.843719e-01
7.868581e-02
9.659258e-01
0.000000e+00
2.588190e-01
3.319078e-02
5.843719e-01
7.868581e-02
3.454423e-02
1.737109e+00
7.363465e-02
3.397778e-02
1.737676e+00
7.618977e-02
9.492401e-01
0.000000e+00
3.145525e-01
3.319078e-02
5.843719e-01
7.868581e-02
3.397778e-02
1.737676e+00
7.618977e-02
3.319078e-02
1.738463e+00
7.868581e-02
9.961947e-01
0.000000e+00
8.715575e-02
3.488584e-02
1.736768e+00
7.103987e-02
3.454423e-02
5.857254e-01
7.363465e-02
3.500000e-02
1.736653e+00
6.842519e-02
9.961947e-01
0.000000e+00
8.715575e-02
3.500000e-02
1.736653e+00
6.842519e-02
3.454423e-02
5.857254e-01
7.363465e-02
3.488584e-02
5.860670e-01
7.103987e-02
9.995772e-01
0.000000e+00
2.907651e-02
3.500000e-02
1.736653e+00
6.842519e-02
3.488584e-02
5.860670e-01
7.103987e-02
3.500000e-02
5.861811e-01
6.842519e-02
0.000000e+00
-8.354833e-01
5.495159e-01
1.140743e-01
1.740673e+00
8.342520e-02
1.151680e-01
1.742079e+00
8.563249e-02
2.957456e-02
1.742079e+00
8.563249e-02
0.000000e+00
-8.021281e-01
5.971520e-01
2.957456e-02
1.742079e+00
8.563249e-02
1.151680e-01
1.742079e+00
8.563249e-02
1.164072e-01
1.743672e+00
8.770882e-02
0.000000e+00
-7.844105e-01
6.202420e-01
2.957456e-02
1.742079e+00
8.563249e-02
1.164072e-01
1.743672e+00
8.770882e-02
2.798133e-02
1.743672e+00
8.770882e-02
0.000000e+00
-7.274188e-01
6.861938e-01
2.798133e-02
1.743672e+00
8.770882e-02
1.164072e-01
1.743672e+00
8.770882e-02
1.192831e-01
1.747370e+00
9.140653e-02
0.000000e+00
-6.861938e-01
7.274188e-01
2.798133e-02
1.743672e+00
8.770882e-02
1.192831e-01
1.747370e+00
9.140653e-02
2.428363e-02
1.747370e+00
9.140653e-02
0.000000e+00
-5.972114e-01
8.020838e-01
2.428363e-02
1.747370e+00
9.140653e-02
1.192831e-01
1.747370e+00
9.140653e-02
1.226148e-01
1.751654e+00
9.440596e-02
0.000000e+00
-5.494540e-01
8.355240e-01
2.428363e-02
1.747370e+00
9.140653e-02
1.226148e-01
1.751654e+00
9.440596e-02
2.000000e-02
1.751654e+00
9.440596e-02
0.000000e+00
-4.488580e-01
8.936031e-01
2.000000e-02
1.751654e+00
9.440596e-02
1.226148e-01
1.751654e+00
9.440596e-02
1.263009e-01
1.756393e+00
9.661597e-02
0.000000e+00
-3.960194e-01
9.182422e-01
2.000000e-02
1.751654e+00
9.440596e-02
1.263009e-01
1.756393e+00
9.661597e-02
1.526060e-02
1.756393e+00
9.661597e-02
0.000000e+00
-2.868663e-01
9.579706e-01
1.526060e-02
1.756393e+00
9.661597e-02
1.263009e-01
1.756393e+00
9.661597e-02
1.302296e-01
1.761444e+00
9.796944e-02
0.000000e+00
-2.305519e-01
9.730600e-01
1.526060e-02
1.756393e+00
9.661597e-02
1.302296e-01
1.761444e+00
9.796944e-02
1.020944e-02
1.761444e+00
9.796944e-02
0.000000e+00
-1.161583e-01
9.932307e-01
1.020944e-02
1.761444e+00
9.796944e-02
1.302296e-01
1.761444e+00
9.796944e-02
1.342813e-01
1.766654e+00
9.842519e-02
0.000000e+00
-5.807913e-02
9.983119e-01
1.020944e-02
1.761444e+00
9.796944e-02
1.342813e-01
1.766654e+00
9.842519e-02
5.000000e-03
1.766654e+00
9.842519e-02
0.000000e+00
-8.511210e-01
5.249696e-01
2.957456e-02
1.742079e+00
8.563249e-02
3.098076e-02
1.740673e+00
8.342520e-02
1.140743e-01
1.740673e+00
8.342520e-02
0.000000e+00
-8.801975e-01
4.746076e-01
1.140743e-01
1.740673e+00
8.342520e-02
3.098076e-02
1.740673e+00
8.342520e-02
3.218923e-02
1.739464e+00
8.110374e-02
0.000000e+00
-8.936363e-01
4.487919e-01
1.140743e-01
1.740673e+00
8.342520e-02
3.218923e-02
1.739464e+00
8.110374e-02
1.131344e-01
1.739464e+00
8.110374e-02
0.000000e+00
-9.182128e-01
3.960873e-01
1.131344e-01
1.739464e+00
8.110374e-02
3.218923e-02
1.739464e+00
8.110374e-02
1.123554e-01
1.738463e+00
7.868581e-02
0.000000e+00
-9.293506e-01
3.691985e-01
3.218923e-02
1.739464e+00
8.110374e-02
3.319078e-02
1.738463e+00
7.868581e-02
1.123554e-01
1.738463e+00
7.868581e-02
0.000000e+00
-9.492401e-01
3.145525e-01
1.123554e-01
1.738463e+00
7.868581e-02
3.319078e-02
1.738463e+00
7.868581e-02
3.397778e-02
1.737676e+00
7.618977e-02
0.000000e+00
-9.579919e-01
2.867954e-01
1.123554e-01
1.738463e+00
7.868581e-02
3.397778e-02
1.737676e+00
7.618977e-02
1.117433e-01
1.737676e+00
7.618977e-02
0.000000e+00
-9.730430e-01
2.306239e-01
1.117433e-01
1.737676e+00
7.618977e-02
3.397778e-02
1.737676e+00
7.618977e-02
1.113027e-01
1.737109e+00
7.363465e-02
0.000000e+00
-9.995772e-01
2.907651e-02
3.488584e-02
1.736768e+00
7.103987e-02
3.500000e-02
1.736653e+00
6.842519e-02
1.109482e-01
1.736653e+00
6.842519e-02
0.000000e+00
-9.793423e-01
2.022095e-01
3.397778e-02
1.737676e+00
7.618977e-02
3.454423e-02
1.737109e+00
7.363465e-02
1.113027e-01
1.737109e+00
7.363465e-02
0.000000e+00
-9.894404e-01
1.449400e-01
1.113027e-01
1.737109e+00
7.363465e-02
3.454423e-02
1.737109e+00
7.363465e-02
3.488584e-02
1.736768e+00
7.103987e-02
0.000000e+00
-9.932393e-01
1.160848e-01
1.113027e-01
1.737109e+00
7.363465e-02
3.488584e-02
1.736768e+00
7.103987e-02
1.110370e-01
1.736768e+00
7.103987e-02
0.000000e+00
-9.983077e-01
5.815303e-02
1.110370e-01
1.736768e+00
7.103987e-02
3.488584e-02
1.736768e+00
7.103987e-02
1.109482e-01
1.736653e+00
6.842519e-02
0.000000e+00
9.894404e-01
1.449400e-01
3.454423e-02
5.857254e-01
7.363465e-02
1.873523e-01
5.857254e-01
7.363465e-02
1.870107e-01
5.860670e-01
7.103987e-02
0.000000e+00
9.995772e-01
2.907651e-02
1.868965e-01
5.861811e-01
6.842519e-02
3.500000e-02
5.861811e-01
6.842519e-02
1.870107e-01
5.860670e-01
7.103987e-02
0.000000e+00
9.983077e-01
5.815303e-02
1.870107e-01
5.860670e-01
7.103987e-02
3.500000e-02
5.861811e-01
6.842519e-02
3.488584e-02
5.860670e-01
7.103987e-02
0.000000e+00
9.932393e-01
1.160848e-01
1.870107e-01
5.860670e-01
7.103987e-02
3.488584e-02
5.860670e-01
7.103987e-02
3.454423e-02
5.857254e-01
7.363465e-02
0.000000e+00
9.793423e-01
2.022095e-01
1.873523e-01
5.857254e-01
7.363465e-02
3.454423e-02
5.857254e-01
7.363465e-02
1.879187e-01
5.851589e-01
7.618977e-02
0.000000e+00
9.730430e-01
2.306239e-01
1.879187e-01
5.851589e-01
7.618977e-02
3.454423e-02
5.857254e-01
7.363465e-02
3.397778e-02
5.851589e-01
7.618977e-02
0.000000e+00
9.579919e-01
2.867954e-01
1.879187e-01
5.851589e-01
7.618977e-02
3.397778e-02
5.851589e-01
7.618977e-02
1.887057e-01
5.843719e-01
7.868581e-02
0.000000e+00
9.492401e-01
3.145525e-01
1.887057e-01
5.843719e-01
7.868581e-02
3.397778e-02
5.851589e-01
7.618977e-02
3.319078e-02
5.843719e-01
7.868581e-02
0.000000e+00
9.293506e-01
3.691985e-01
1.887057e-01
5.843719e-01
7.868581e-02
3.319078e-02
5.843719e-01
7.868581e-02
1.897073e-01
5.833703e-01
8.110374e-02
0.000000e+00
9.182128e-01
3.960873e-01
3.319078e-02
5.843719e-01
7.868581e-02
3.218923e-02
5.833703e-01
8.110374e-02
1.897073e-01
5.833703e-01
8.110374e-02
0.000000e+00
8.936363e-01
4.487918e-01
1.897073e-01
5.833703e-01
8.110374e-02
3.218923e-02
5.833703e-01
8.110374e-02
3.098076e-02
5.821618e-01
8.342520e-02
0.000000e+00
8.801975e-01
4.746076e-01
1.897073e-01
5.833703e-01
8.110374e-02
3.098076e-02
5.821618e-01
8.342520e-02
1.909157e-01
5.821618e-01
8.342520e-02
0.000000e+00
8.511210e-01
5.249696e-01
1.909157e-01
5.821618e-01
8.342520e-02
3.098076e-02
5.821618e-01
8.342520e-02
1.923219e-01
5.807557e-01
8.563249e-02
0.000000e+00
8.354833e-01
5.495159e-01
3.098076e-02
5.821618e-01
8.342520e-02
2.957456e-02
5.807557e-01
8.563249e-02
1.923219e-01
5.807557e-01
8.563249e-02
0.000000e+00
8.021281e-01
5.971520e-01
1.923219e-01
5.807557e-01
8.563249e-02
2.957456e-02
5.807557e-01
8.563249e-02
2.798133e-02
5.791625e-01
8.770882e-02
0.000000e+00
7.844105e-01
6.202420e-01
1.923219e-01
5.807557e-01
8.563249e-02
2.798133e-02
5.791625e-01
8.770882e-02
1.939152e-01
5.791625e-01
8.770882e-02
0.000000e+00
7.274188e-01
6.861938e-01
1.939152e-01
5.791625e-01
8.770882e-02
2.798133e-02
5.791625e-01
8.770882e-02
2.428363e-02
5.754647e-01
9.140653e-02
0.000000e+00
6.861938e-01
7.274188e-01
1.939152e-01
5.791625e-01
8.770882e-02
2.428363e-02
5.754647e-01
9.140653e-02
1.976129e-01
5.754647e-01
9.140653e-02
0.000000e+00
5.972114e-01
8.020838e-01
1.976129e-01
5.754647e-01
9.140653e-02
2.428363e-02
5.754647e-01
9.140653e-02
2.000000e-02
5.711811e-01
9.440596e-02
0.000000e+00
5.494540e-01
8.355240e-01
1.976129e-01
5.754647e-01
9.140653e-02
2.000000e-02
5.711811e-01
9.440596e-02
2.018965e-01
5.711811e-01
9.440596e-02
0.000000e+00
4.488580e-01
8.936031e-01
2.018965e-01
5.711811e-01
9.440596e-02
2.000000e-02
5.711811e-01
9.440596e-02
1.526060e-02
5.664417e-01
9.661597e-02
0.000000e+00
3.960194e-01
9.182422e-01
2.018965e-01
5.711811e-01
9.440596e-02
1.526060e-02
5.664417e-01
9.661597e-02
2.066359e-01
5.664417e-01
9.661597e-02
0.000000e+00
2.868663e-01
9.579706e-01
2.066359e-01
5.664417e-01
9.661597e-02
1.526060e-02
5.664417e-01
9.661597e-02
1.020944e-02
5.613905e-01
9.796944e-02
0.000000e+00
2.305519e-01
9.730600e-01
2.066359e-01
5.664417e-01
9.661597e-02
1.020944e-02
5.613905e-01
9.796944e-02
2.116871e-01
5.613905e-01
9.796944e-02
0.000000e+00
1.161583e-01
9.932307e-01
2.116871e-01
5.613905e-01
9.796944e-02
1.020944e-02
5.613905e-01
9.796944e-02
5.000000e-03
5.561811e-01
9.842519e-02
0.000000e+00
5.807913e-02
9.983119e-01
2.116871e-01
5.613905e-01
9.796944e-02
5.000000e-03
5.561811e-01
9.842519e-02
2.168965e-01
5.561811e-01
9.842519e-02
-7.774023e-01
-1.974443e-01
5.972114e-01
2.956729e-01
1.025660e+00
8.342520e-02
2.956697e-01
1.037857e+00
8.770882e-02
1.164072e-01
1.743672e+00
8.770882e-02
-7.050348e-01
-1.790644e-01
6.861938e-01
1.164072e-01
1.743672e+00
8.770882e-02
2.956697e-01
1.037857e+00
8.770882e-02
2.956658e-01
1.052894e+00
9.140653e-02
-6.650783e-01
-1.689163e-01
7.274188e-01
1.164072e-01
1.743672e+00
8.770882e-02
2.956658e-01
1.052894e+00
9.140653e-02
1.192831e-01
1.747370e+00
9.140653e-02
-5.788341e-01
-1.470120e-01
8.020839e-01
1.192831e-01
1.747370e+00
9.140653e-02
2.956658e-01
1.052894e+00
9.140653e-02
2.956613e-01
1.070313e+00
9.440596e-02
-5.325463e-01
-1.352559e-01
8.355240e-01
1.192831e-01
1.747370e+00
9.140653e-02
2.956613e-01
1.070313e+00
9.440596e-02
1.226148e-01
1.751654e+00
9.440596e-02
-4.350458e-01
-1.104927e-01
8.936031e-01
1.226148e-01
1.751654e+00
9.440596e-02
2.956613e-01
1.070313e+00
9.440596e-02
2.956563e-01
1.089586e+00
9.661597e-02
-3.838331e-01
-9.748577e-02
9.182422e-01
1.226148e-01
1.751654e+00
9.440596e-02
2.956563e-01
1.089586e+00
9.661597e-02
1.263009e-01
1.756393e+00
9.661597e-02
-2.780389e-01
-7.061619e-02
9.579706e-01
1.263009e-01
1.756393e+00
9.661597e-02
2.956563e-01
1.089586e+00
9.661597e-02
2.956510e-01
1.110126e+00
9.796944e-02
-2.234574e-01
-5.675360e-02
9.730600e-01
1.263009e-01
1.756393e+00
9.661597e-02
2.956510e-01
1.110126e+00
9.796944e-02
1.302296e-01
1.761444e+00
9.796944e-02
-1.125839e-01
-2.859400e-02
9.932307e-01
1.302296e-01
1.761444e+00
9.796944e-02
2.956510e-01
1.110126e+00
9.796944e-02
2.956455e-01
1.131310e+00
9.842519e-02
-5.629193e-02
-1.429700e-02
9.983119e-01
1.302296e-01
1.761444e+00
9.796944e-02
2.956455e-01
1.131310e+00
9.842519e-02
1.342813e-01
1.766654e+00
9.842519e-02
-7.939452e-01
-2.016459e-01
5.735765e-01
1.164072e-01
1.743672e+00
8.770882e-02
1.151680e-01
1.742079e+00
8.563249e-02
2.956729e-01
1.025660e+00
8.342520e-02
-8.249304e-01
-2.095155e-01
5.249696e-01
2.956729e-01
1.025660e+00
8.342520e-02
1.151680e-01
1.742079e+00
8.563249e-02
1.140743e-01
1.740673e+00
8.342520e-02
-8.531122e-01
-2.166731e-01
4.746076e-01
2.956729e-01
1.025660e+00
8.342520e-02
1.140743e-01
1.740673e+00
8.342520e-02
2.956742e-01
1.020746e+00
8.110374e-02
-8.661375e-01
-2.199812e-01
4.487918e-01
2.956742e-01
1.020746e+00
8.110374e-02
1.140743e-01
1.740673e+00
8.342520e-02
1.131344e-01
1.739464e+00
8.110374e-02
-8.899577e-01
-2.260311e-01
3.960873e-01
2.956742e-01
1.020746e+00
8.110374e-02
1.131344e-01
1.739464e+00
8.110374e-02
2.956752e-01
1.016673e+00
7.868581e-02
-9.007527e-01
-2.287728e-01
3.691985e-01
2.956752e-01
1.016673e+00
7.868581e-02
1.131344e-01
1.739464e+00
8.110374e-02
1.123554e-01
1.738463e+00
7.868581e-02
-9.200302e-01
-2.336689e-01
3.145525e-01
2.956752e-01
1.016673e+00
7.868581e-02
1.123554e-01
1.738463e+00
7.868581e-02
2.956761e-01
1.013473e+00
7.618977e-02
-9.285127e-01
-2.358233e-01
2.867954e-01
2.956761e-01
1.013473e+00
7.618977e-02
1.123554e-01
1.738463e+00
7.868581e-02
1.117433e-01
1.737676e+00
7.618977e-02
-9.688184e-01
-2.460601e-01
2.907651e-02
1.109482e-01
1.736653e+00
6.842519e-02
2.956771e-01
1.009316e+00
6.842519e-02
1.110370e-01
1.736768e+00
7.103987e-02
-9.685876e-01
-2.460015e-01
3.634853e-02
1.110370e-01
1.736768e+00
7.103987e-02
2.956771e-01
1.009316e+00
6.842519e-02
2.956771e-01
1.009345e+00
6.907964e-02
-9.679727e-01
-2.458453e-01
5.088217e-02
1.110370e-01
1.736768e+00
7.103987e-02
2.956771e-01
1.009345e+00
6.907964e-02
2.956771e-01
1.009432e+00
6.973378e-02
-9.666663e-01
-2.455135e-01
7.265899e-02
2.956771e-01
1.009432e+00
6.973378e-02
2.956770e-01
1.009780e+00
7.103987e-02
1.110370e-01
1.736768e+00
7.103987e-02
-9.642093e-01
-2.448894e-01
1.016341e-01
1.110370e-01
1.736768e+00
7.103987e-02
2.956770e-01
1.009780e+00
7.103987e-02
2.956769e-01
1.010360e+00
7.234098e-02
-9.609362e-01
-2.440582e-01
1.305262e-01
1.110370e-01
1.736768e+00
7.103987e-02
2.956769e-01
1.010360e+00
7.234098e-02
1.113027e-01
1.737109e+00
7.363465e-02
-9.568501e-01
-2.430204e-01
1.593079e-01
1.113027e-01
1.737109e+00
7.363465e-02
2.956769e-01
1.010360e+00
7.234098e-02
2.956766e-01
1.011169e+00
7.363465e-02
-9.492061e-01
-2.410790e-01
2.022095e-01
1.113027e-01
1.737109e+00
7.363465e-02
2.956766e-01
1.011169e+00
7.363465e-02
1.117433e-01
1.737676e+00
7.618977e-02
-9.462536e-01
-2.403291e-01
2.164396e-01
1.117433e-01
1.737676e+00
7.618977e-02
2.956766e-01
1.011169e+00
7.363465e-02
2.956764e-01
1.012208e+00
7.491838e-02
-9.397516e-01
-2.386777e-01
2.447443e-01
1.117433e-01
1.737676e+00
7.618977e-02
2.956764e-01
1.012208e+00
7.491838e-02
2.956761e-01
1.013473e+00
7.618977e-02
-9.948181e-01
0.000000e+00
1.016709e-01
1.871532e-01
8.942549e-01
7.234098e-02
1.868965e-01
5.861811e-01
6.842519e-02
1.873523e-01
8.930876e-01
7.363465e-02
-9.961947e-01
0.000000e+00
8.715575e-02
1.873523e-01
8.930876e-01
7.363465e-02
1.868965e-01
5.861811e-01
6.842519e-02
1.870107e-01
5.860670e-01
7.103987e-02
-9.894404e-01
0.000000e+00
1.449400e-01
1.873523e-01
8.930876e-01
7.363465e-02
1.870107e-01
5.860670e-01
7.103987e-02
1.873523e-01
5.857254e-01
7.363465e-02
-9.968006e-01
0.000000e+00
7.992867e-02
1.871532e-01
8.942549e-01
7.234098e-02
1.870748e-01
8.947141e-01
7.169121e-02
1.868965e-01
5.861811e-01
6.842519e-02
-9.978582e-01
0.000000e+00
6.541350e-02
1.868965e-01
5.861811e-01
6.842519e-02
1.870748e-01
8.947141e-01
7.169121e-02
1.870107e-01
8.950902e-01
7.103987e-02
-9.987044e-01
0.000000e+00
5.088793e-02
1.868965e-01
5.861811e-01
6.842519e-02
1.870107e-01
8.950902e-01
7.103987e-02
1.869607e-01
8.953829e-01
7.038729e-02
-9.993390e-01
0.000000e+00
3.635429e-02
1.869607e-01
8.953829e-01
7.038729e-02
1.869251e-01
8.955920e-01
6.973378e-02
1.868965e-01
5.861811e-01
6.842519e-02
-9.997620e-01
0.000000e+00
2.181488e-02
1.868965e-01
5.861811e-01
6.842519e-02
1.869251e-01
8.955920e-01
6.973378e-02
1.869036e-01
8.957176e-01
6.907964e-02
-9.999736e-01
0.000000e+00
7.272013e-03
1.868965e-01
5.861811e-01
6.842519e-02
1.869036e-01
8.957176e-01
6.907964e-02
1.868965e-01
8.957595e-01
6.842519e-02
-9.659258e-01
0.000000e+00
2.588190e-01
1.887057e-01
8.851531e-01
7.868581e-02
1.879187e-01
8.897668e-01
7.618977e-02
1.873523e-01
5.857254e-01
7.363465e-02
-9.762960e-01
0.000000e+00
2.164396e-01
1.873523e-01
5.857254e-01
7.363465e-02
1.879187e-01
8.897668e-01
7.618977e-02
1.876076e-01
8.915906e-01
7.491838e-02
-9.821783e-01
0.000000e+00
1.879517e-01
1.873523e-01
5.857254e-01
7.363465e-02
1.876076e-01
8.915906e-01
7.491838e-02
1.873523e-01
8.930876e-01
7.363465e-02
-9.659258e-01
0.000000e+00
2.588190e-01
1.873523e-01
5.857254e-01
7.363465e-02
1.879187e-01
5.851589e-01
7.618977e-02
1.887057e-01
8.851531e-01
7.868581e-02
-9.492401e-01
0.000000e+00
3.145525e-01
1.887057e-01
8.851531e-01
7.868581e-02
1.879187e-01
5.851589e-01
7.618977e-02
1.887057e-01
5.843719e-01
7.868581e-02
-9.182422e-01
0.000000e+00
3.960194e-01
1.887057e-01
8.851531e-01
7.868581e-02
1.887057e-01
5.843719e-01
7.868581e-02
1.909157e-01
8.721972e-01
8.342520e-02
-9.063078e-01
0.000000e+00
4.226182e-01
1.887057e-01
5.843719e-01
7.868581e-02
1.897073e-01
5.833703e-01
8.110374e-02
1.909157e-01
8.721972e-01
8.342520e-02
-8.801975e-01
0.000000e+00
4.746076e-01
1.909157e-01
8.721972e-01
8.342520e-02
1.897073e-01
5.833703e-01
8.110374e-02
1.909157e-01
5.821618e-01
8.342520e-02
-8.355240e-01
0.000000e+00
5.494540e-01
1.909157e-01
8.721972e-01
8.342520e-02
1.909157e-01
5.821618e-01
8.342520e-02
1.939152e-01
8.546134e-01
8.770882e-02
-8.191521e-01
0.000000e+00
5.735765e-01
1.909157e-01
5.821618e-01
8.342520e-02
1.923219e-01
5.807557e-01
8.563249e-02
1.939152e-01
8.546134e-01
8.770882e-02
-7.844105e-01
0.000000e+00
6.202420e-01
1.939152e-01
8.546134e-01
8.770882e-02
1.923219e-01
5.807557e-01
8.563249e-02
1.939152e-01
5.791625e-01
8.770882e-02
-7.274188e-01
0.000000e+00
6.861938e-01
1.939152e-01
8.546134e-01
8.770882e-02
1.939152e-01
5.791625e-01
8.770882e-02
1.976129e-01
8.329361e-01
9.140653e-02
-6.861938e-01
0.000000e+00
7.274188e-01
1.976129e-01
8.329361e-01
9.140653e-02
1.939152e-01
5.791625e-01
8.770882e-02
1.976129e-01
5.754647e-01
9.140653e-02
-5.972114e-01
0.000000e+00
8.020838e-01
1.976129e-01
8.329361e-01
9.140653e-02
1.976129e-01
5.754647e-01
9.140653e-02
2.018965e-01
8.078240e-01
9.440596e-02
-5.494540e-01
0.000000e+00
8.355240e-01
2.018965e-01
8.078240e-01
9.440596e-02
1.976129e-01
5.754647e-01
9.140653e-02
2.018965e-01
5.711811e-01
9.440596e-02
-4.488580e-01
0.000000e+00
8.936031e-01
2.018965e-01
8.078240e-01
9.440596e-02
2.018965e-01
5.711811e-01
9.440596e-02
2.066359e-01
7.800398e-01
9.661597e-02
-3.960194e-01
0.000000e+00
9.182422e-01
2.066359e-01
7.800398e-01
9.661597e-02
2.018965e-01
5.711811e-01
9.440596e-02
2.066359e-01
5.664417e-01
9.661597e-02
-2.868663e-01
0.000000e+00
9.579706e-01
2.066359e-01
7.800398e-01
9.661597e-02
2.066359e-01
5.664417e-01
9.661597e-02
2.116871e-01
7.504281e-01
9.796944e-02
-2.305519e-01
0.000000e+00
9.730600e-01
2.116871e-01
7.504281e-01
9.796944e-02
2.066359e-01
5.664417e-01
9.661597e-02
2.116871e-01
5.613905e-01
9.796944e-02
-1.161583e-01
0.000000e+00
9.932307e-01
2.116871e-01
7.504281e-01
9.796944e-02
2.116871e-01
5.613905e-01
9.796944e-02
2.168965e-01
7.198883e-01
9.842519e-02
-5.807913e-02
0.000000e+00
9.983119e-01
2.168965e-01
7.198883e-01
9.842519e-02
2.116871e-01
5.613905e-01
9.796944e-02
2.168965e-01
5.561811e-01
9.842519e-02
9.591198e-01
-2.430673e-01
1.449400e-01
4.799156e-01
1.736768e+00
7.103987e-02
4.796498e-01
1.737109e+00
7.363465e-02
2.956766e-01
1.011169e+00
7.363465e-02
9.201513e-01
-2.331916e-01
3.145525e-01
4.792090e-01
1.737676e+00
7.618977e-02
4.785966e-01
1.738463e+00
7.868581e-02
2.956752e-01
1.016673e+00
7.868581e-02
8.532245e-01
-2.162305e-01
4.746076e-01
4.778172e-01
1.739464e+00
8.110374e-02
4.768768e-01
1.740673e+00
8.342520e-02
2.956729e-01
1.025660e+00
8.342520e-02
5.629934e-02
-1.426780e-02
9.983119e-01
4.566589e-01
1.766654e+00
9.842519e-02
2.956455e-01
1.131310e+00
9.842519e-02
4.607128e-01
1.761444e+00
9.796944e-02
1.125987e-01
-2.853560e-02
9.932307e-01
4.607128e-01
1.761444e+00
9.796944e-02
2.956455e-01
1.131310e+00
9.842519e-02
2.956510e-01
1.110126e+00
9.796944e-02
2.234868e-01
-5.663769e-02
9.730600e-01
4.607128e-01
1.761444e+00
9.796944e-02
2.956510e-01
1.110126e+00
9.796944e-02
4.646436e-01
1.756393e+00
9.661597e-02
2.780755e-01
-7.047196e-02
9.579706e-01
4.646436e-01
1.756393e+00
9.661597e-02
2.956510e-01
1.110126e+00
9.796944e-02
2.956563e-01
1.089586e+00
9.661597e-02
3.838836e-01
-9.728666e-02
9.182422e-01
4.646436e-01
1.756393e+00
9.661597e-02
2.956563e-01
1.089586e+00
9.661597e-02
4.683317e-01
1.751654e+00
9.440596e-02
4.351031e-01
-1.102671e-01
8.936031e-01
4.683317e-01
1.751654e+00
9.440596e-02
2.956563e-01
1.089586e+00
9.661597e-02
2.956613e-01
1.070313e+00
9.440596e-02
5.326164e-01
-1.349796e-01
8.355240e-01
4.683317e-01
1.751654e+00
9.440596e-02
2.956613e-01
1.070313e+00
9.440596e-02
4.716652e-01
1.747370e+00
9.140653e-02
5.789103e-01
-1.467118e-01
8.020839e-01
2.956613e-01
1.070313e+00
9.440596e-02
2.956658e-01
1.052894e+00
9.140653e-02
4.716652e-01
1.747370e+00
9.140653e-02
6.651658e-01
-1.685713e-01
7.274188e-01
4.716652e-01
1.747370e+00
9.140653e-02
2.956658e-01
1.052894e+00
9.140653e-02
2.956697e-01
1.037857e+00
8.770882e-02
7.051276e-01
-1.786987e-01
6.861938e-01
4.716652e-01
1.747370e+00
9.140653e-02
2.956697e-01
1.037857e+00
8.770882e-02
4.745426e-01
1.743672e+00
8.770882e-02
8.099199e-01
-2.052560e-01
5.494540e-01
2.956729e-01
1.025660e+00
8.342520e-02
4.768768e-01
1.740673e+00
8.342520e-02
2.956697e-01
1.037857e+00
8.770882e-02
7.940497e-01
-2.012340e-01
5.735765e-01
2.956697e-01
1.037857e+00
8.770882e-02
4.768768e-01
1.740673e+00
8.342520e-02
4.757825e-01
1.742079e+00
8.563249e-02
7.603728e-01
-1.926994e-01
6.202420e-01
2.956697e-01
1.037857e+00
8.770882e-02
4.757825e-01
1.742079e+00
8.563249e-02
4.745426e-01
1.743672e+00
8.770882e-02
8.785346e-01
-2.226448e-01
4.226183e-01
4.778172e-01
1.739464e+00
8.110374e-02
2.956729e-01
1.025660e+00
8.342520e-02
4.785966e-01
1.738463e+00
7.868581e-02
8.785346e-01
-2.226448e-01
4.226183e-01
4.785966e-01
1.738463e+00
7.868581e-02
2.956729e-01
1.025660e+00
8.342520e-02
2.956742e-01
1.020746e+00
8.110374e-02
9.008713e-01
-2.283055e-01
3.691986e-01
4.785966e-01
1.738463e+00
7.868581e-02
2.956742e-01
1.020746e+00
8.110374e-02
2.956752e-01
1.016673e+00
7.868581e-02
9.520801e-01
-2.412833e-01
1.879517e-01
2.956766e-01
1.011169e+00
7.363465e-02
4.796498e-01
1.737109e+00
7.363465e-02
2.956764e-01
1.012208e+00
7.491838e-02
9.363257e-01
-2.372907e-01
2.588191e-01
4.792090e-01
1.737676e+00
7.618977e-02
2.956752e-01
1.016673e+00
7.868581e-02
4.796498e-01
1.737109e+00
7.363465e-02
9.363257e-01
-2.372907e-01
2.588190e-01
4.796498e-01
1.737109e+00
7.363465e-02
2.956752e-01
1.016673e+00
7.868581e-02
2.956761e-01
1.013473e+00
7.618977e-02
9.463781e-01
-2.398382e-01
2.164396e-01
4.796498e-01
1.737109e+00
7.363465e-02
2.956761e-01
1.013473e+00
7.618977e-02
2.956764e-01
1.012208e+00
7.491838e-02
9.684331e-01
-2.454276e-01
4.361939e-02
2.956770e-01
1.009780e+00
7.103987e-02
2.956771e-01
1.009432e+00
6.973378e-02
4.800045e-01
1.736653e+00
6.842519e-02
9.691250e-01
-2.456029e-01
2.181488e-02
4.800045e-01
1.736653e+00
6.842519e-02
2.956771e-01
1.009432e+00
6.973378e-02
2.956771e-01
1.009345e+00
6.907964e-02
9.693301e-01
-2.456549e-01
7.272013e-03
4.800045e-01
1.736653e+00
6.842519e-02
2.956771e-01
1.009345e+00
6.907964e-02
2.956771e-01
1.009316e+00
6.842519e-02
9.656670e-01
-2.447266e-01
8.715574e-02
4.799156e-01
1.736768e+00
7.103987e-02
2.956766e-01
1.011169e+00
7.363465e-02
4.800045e-01
1.736653e+00
6.842519e-02
9.643326e-01
-2.443884e-01
1.016709e-01
4.800045e-01
1.736653e+00
6.842519e-02
2.956766e-01
1.011169e+00
7.363465e-02
2.956769e-01
1.010360e+00
7.234098e-02
9.667929e-01
-2.450119e-01
7.266821e-02
4.800045e-01
1.736653e+00
6.842519e-02
2.956769e-01
1.010360e+00
7.234098e-02
2.956770e-01
1.009780e+00
7.103987e-02
9.422284e-01
3.310832e-01
5.088793e-02
1.869607e-01
8.953829e-01
7.038729e-02
1.870107e-01
8.950902e-01
7.103987e-02
2.956771e-01
5.861811e-01
6.842519e-02
9.434258e-01
3.315040e-01
7.272013e-03
1.868965e-01
8.957595e-01
6.842519e-02
1.869036e-01
8.957176e-01
6.907964e-02
2.956771e-01
5.861811e-01
6.842519e-02
9.432262e-01
3.314339e-01
2.181488e-02
2.956771e-01
5.861811e-01
6.842519e-02
1.869036e-01
8.957176e-01
6.907964e-02
1.869251e-01
8.955920e-01
6.973378e-02
9.428271e-01
3.312936e-01
3.635429e-02
2.956771e-01
5.861811e-01
6.842519e-02
1.869251e-01
8.955920e-01
6.973378e-02
1.869607e-01
8.953829e-01
7.038729e-02
9.414301e-01
3.308027e-01
6.541350e-02
1.870107e-01
8.950902e-01
7.103987e-02
1.870748e-01
8.947141e-01
7.169121e-02
2.956771e-01
5.861811e-01
6.842519e-02
9.404323e-01
3.304521e-01
7.992867e-02
2.956771e-01
5.861811e-01
6.842519e-02
1.870748e-01
8.947141e-01
7.169121e-02
1.871532e-01
8.942549e-01
7.234098e-02
9.418551e-01
3.309521e-01
5.813458e-02
2.956771e-01
5.861811e-01
6.842519e-02
1.871532e-01
8.942549e-01
7.234098e-02
2.956771e-01
5.860950e-01
6.973378e-02
9.370703e-01
3.292708e-01
1.161031e-01
2.956771e-01
5.860950e-01
6.973378e-02
1.871532e-01
8.942549e-01
7.234098e-02
1.873523e-01
8.930876e-01
7.363465e-02
9.385663e-01
3.297964e-01
1.016249e-01
2.956771e-01
5.860950e-01
6.973378e-02
1.873523e-01
8.930876e-01
7.363465e-02
2.956771e-01
5.858367e-01
7.103987e-02
9.266368e-01
3.256046e-01
1.879517e-01
2.956771e-01
5.840360e-01
7.491838e-02
2.956771e-01
5.848063e-01
7.363465e-02
1.873523e-01
8.930876e-01
7.363465e-02
9.314019e-01
3.272790e-01
1.593079e-01
1.873523e-01
8.930876e-01
7.363465e-02
2.956771e-01
5.848063e-01
7.363465e-02
2.956771e-01
5.854069e-01
7.234098e-02
9.353794e-01
3.286766e-01
1.305262e-01
1.873523e-01
8.930876e-01
7.363465e-02
2.956771e-01
5.854069e-01
7.234098e-02
2.956771e-01
5.858367e-01
7.103987e-02
9.239594e-01
3.246638e-01
2.022186e-01
1.873523e-01
8.930876e-01
7.363465e-02
1.876076e-01
8.915906e-01
7.491838e-02
2.956771e-01
5.840360e-01
7.491838e-02
9.180201e-01
3.225769e-01
2.306149e-01
2.956771e-01
5.840360e-01
7.491838e-02
1.876076e-01
8.915906e-01
7.491838e-02
1.879187e-01
8.897668e-01
7.618977e-02
9.147581e-01
3.214307e-01
2.447443e-01
2.956771e-01
5.840360e-01
7.491838e-02
1.879187e-01
8.897668e-01
7.618977e-02
2.956771e-01
5.830976e-01
7.618977e-02
9.038181e-01
3.175865e-01
2.867954e-01
2.956771e-01
5.830976e-01
7.618977e-02
1.879187e-01
8.897668e-01
7.618977e-02
1.887057e-01
8.851531e-01
7.868581e-02
8.955613e-01
3.146852e-01
3.145526e-01
2.956771e-01
5.830976e-01
7.618977e-02
1.887057e-01
8.851531e-01
7.868581e-02
2.956771e-01
5.807236e-01
7.868581e-02
8.767964e-01
3.080916e-01
3.691985e-01
2.956771e-01
5.807236e-01
7.868581e-02
1.887057e-01
8.851531e-01
7.868581e-02
2.956771e-01
5.777025e-01
8.110374e-02
8.550568e-01
3.004526e-01
4.226182e-01
2.956771e-01
5.777025e-01
8.110374e-02
1.887057e-01
8.851531e-01
7.868581e-02
1.909157e-01
8.721972e-01
8.342520e-02
8.304230e-01
2.917967e-01
4.746076e-01
2.956771e-01
5.777025e-01
8.110374e-02
1.909157e-01
8.721972e-01
8.342520e-02
2.956771e-01
5.740572e-01
8.342520e-02
7.882757e-01
2.769868e-01
5.494540e-01
2.956771e-01
5.740572e-01
8.342520e-02
1.909157e-01
8.721972e-01
8.342520e-02
1.939152e-01
8.546134e-01
8.770882e-02
7.567266e-01
2.659011e-01
5.972114e-01
2.956771e-01
5.740572e-01
8.342520e-02
1.939152e-01
8.546134e-01
8.770882e-02
2.956771e-01
5.650095e-01
8.770882e-02
6.862838e-01
2.411486e-01
6.861938e-01
2.956771e-01
5.650095e-01
8.770882e-02
1.939152e-01
8.546134e-01
8.770882e-02
1.976129e-01
8.329361e-01
9.140653e-02
6.473900e-01
2.274820e-01
7.274188e-01
2.956771e-01
5.650095e-01
8.770882e-02
1.976129e-01
8.329361e-01
9.140653e-02
2.956771e-01
5.538555e-01
9.140653e-02
5.634395e-01
1.979832e-01
8.020838e-01
2.956771e-01
5.538555e-01
9.140653e-02
1.976129e-01
8.329361e-01
9.140653e-02
2.018965e-01
8.078240e-01
9.440596e-02
5.183828e-01
1.821510e-01
8.355240e-01
2.956771e-01
5.538555e-01
9.140653e-02
2.018965e-01
8.078240e-01
9.440596e-02
2.956771e-01
5.409340e-01
9.440596e-02
4.234754e-01
1.488021e-01
8.936031e-01
2.956771e-01
5.409340e-01
9.440596e-02
2.018965e-01
8.078240e-01
9.440596e-02
2.066359e-01
7.800398e-01
9.661597e-02
3.736247e-01
1.312855e-01
9.182422e-01
2.956771e-01
5.409340e-01
9.440596e-02
2.066359e-01
7.800398e-01
9.661597e-02
2.956771e-01
5.266377e-01
9.661597e-02
2.706442e-01
9.509982e-02
9.579706e-01
2.956771e-01
5.266377e-01
9.661597e-02
2.066359e-01
7.800398e-01
9.661597e-02
2.116871e-01
7.504281e-01
9.796944e-02
2.175143e-01
7.643088e-02
9.730600e-01
2.956771e-01
5.266377e-01
9.661597e-02
2.116871e-01
7.504281e-01
9.796944e-02
2.956771e-01
5.114010e-01
9.796944e-02
1.095896e-01
3.850795e-02
9.932307e-01
2.956771e-01
5.114010e-01
9.796944e-02
2.116871e-01
7.504281e-01
9.796944e-02
2.168965e-01
7.198883e-01
9.842519e-02
5.479480e-02
1.925397e-02
9.983119e-01
2.956771e-01
5.114010e-01
9.796944e-02
2.168965e-01
7.198883e-01
9.842519e-02
2.956771e-01
4.956868e-01
9.842519e-02
0.000000e+00
-6.861938e-01
7.274188e-01
4.745426e-01
1.743672e+00
8.770882e-02
5.662675e-01
1.747370e+00
9.140653e-02
4.716652e-01
1.747370e+00
9.140653e-02
0.000000e+00
-5.972114e-01
8.020838e-01
4.716652e-01
1.747370e+00
9.140653e-02
5.662675e-01
1.747370e+00
9.140653e-02
5.705512e-01
1.751654e+00
9.440596e-02
0.000000e+00
-5.494540e-01
8.355240e-01
4.716652e-01
1.747370e+00
9.140653e-02
5.705512e-01
1.751654e+00
9.440596e-02
4.683317e-01
1.751654e+00
9.440596e-02
0.000000e+00
-4.488580e-01
8.936031e-01
4.683317e-01
1.751654e+00
9.440596e-02
5.705512e-01
1.751654e+00
9.440596e-02
5.752906e-01
1.756393e+00
9.661597e-02
0.000000e+00
-3.960194e-01
9.182422e-01
4.683317e-01
1.751654e+00
9.440596e-02
5.752906e-01
1.756393e+00
9.661597e-02
4.646436e-01
1.756393e+00
9.661597e-02
0.000000e+00
-2.868663e-01
9.579706e-01
4.646436e-01
1.756393e+00
9.661597e-02
5.752906e-01
1.756393e+00
9.661597e-02
5.803418e-01
1.761444e+00
9.796944e-02
0.000000e+00
-2.305519e-01
9.730600e-01
4.646436e-01
1.756393e+00
9.661597e-02
5.803418e-01
1.761444e+00
9.796944e-02
4.607128e-01
1.761444e+00
9.796944e-02
0.000000e+00
-1.161583e-01
9.932307e-01
4.607128e-01
1.761444e+00
9.796944e-02
5.803418e-01
1.761444e+00
9.796944e-02
5.855512e-01
1.766654e+00
9.842519e-02
0.000000e+00
-5.807913e-02
9.983119e-01
4.607128e-01
1.761444e+00
9.796944e-02
5.855512e-01
1.766654e+00
9.842519e-02
4.566589e-01
1.766654e+00
9.842519e-02
0.000000e+00
-9.995772e-01
2.907651e-02
4.800045e-01
1.736653e+00
6.842519e-02
5.555512e-01
1.736653e+00
6.842519e-02
4.799156e-01
1.736768e+00
7.103987e-02
0.000000e+00
-9.983077e-01
5.815303e-02
4.799156e-01
1.736768e+00
7.103987e-02
5.555512e-01
1.736653e+00
6.842519e-02
5.556653e-01
1.736768e+00
7.103987e-02
0.000000e+00
-9.932393e-01
1.160848e-01
4.799156e-01
1.736768e+00
7.103987e-02
5.556653e-01
1.736768e+00
7.103987e-02
4.796498e-01
1.737109e+00
7.363465e-02
0.000000e+00
-9.894404e-01
1.449400e-01
4.796498e-01
1.737109e+00
7.363465e-02
5.556653e-01
1.736768e+00
7.103987e-02
5.560070e-01
1.737109e+00
7.363465e-02
0.000000e+00
-9.793423e-01
2.022095e-01
4.796498e-01
1.737109e+00
7.363465e-02
5.560070e-01
1.737109e+00
7.363465e-02
4.792090e-01
1.737676e+00
7.618977e-02
0.000000e+00
-9.730430e-01
2.306239e-01
4.792090e-01
1.737676e+00
7.618977e-02
5.560070e-01
1.737109e+00
7.363465e-02
5.565734e-01
1.737676e+00
7.618977e-02
0.000000e+00
-9.579919e-01
2.867954e-01
4.792090e-01
1.737676e+00
7.618977e-02
5.565734e-01
1.737676e+00
7.618977e-02
4.785966e-01
1.738463e+00
7.868581e-02
0.000000e+00
-9.492401e-01
3.145525e-01
4.785966e-01
1.738463e+00
7.868581e-02
5.565734e-01
1.737676e+00
7.618977e-02
5.573604e-01
1.738463e+00
7.868581e-02
0.000000e+00
-9.293506e-01
3.691985e-01
4.785966e-01
1.738463e+00
7.868581e-02
5.573604e-01
1.738463e+00
7.868581e-02
4.778172e-01
1.739464e+00
8.110374e-02
0.000000e+00
-9.182128e-01
3.960873e-01
4.778172e-01
1.739464e+00
8.110374e-02
5.573604e-01
1.738463e+00
7.868581e-02
5.583619e-01
1.739464e+00
8.110374e-02
0.000000e+00
-8.936363e-01
4.487918e-01
4.778172e-01
1.739464e+00
8.110374e-02
5.583619e-01
1.739464e+00
8.110374e-02
4.768768e-01
1.740673e+00
8.342520e-02
0.000000e+00
-8.801975e-01
4.746076e-01
4.768768e-01
1.740673e+00
8.342520e-02
5.583619e-01
1.739464e+00
8.110374e-02
5.595704e-01
1.740673e+00
8.342520e-02
0.000000e+00
-8.511210e-01
5.249696e-01
4.768768e-01
1.740673e+00
8.342520e-02
5.595704e-01
1.740673e+00
8.342520e-02
4.757825e-01
1.742079e+00
8.563249e-02
0.000000e+00
-8.354833e-01
5.495159e-01
4.757825e-01
1.742079e+00
8.563249e-02
5.595704e-01
1.740673e+00
8.342520e-02
5.609766e-01
1.742079e+00
8.563249e-02
0.000000e+00
-8.021281e-01
5.971520e-01
4.757825e-01
1.742079e+00
8.563249e-02
5.609766e-01
1.742079e+00
8.563249e-02
4.745426e-01
1.743672e+00
8.770882e-02
0.000000e+00
-7.844105e-01
6.202420e-01
4.745426e-01
1.743672e+00
8.770882e-02
5.609766e-01
1.742079e+00
8.563249e-02
5.625699e-01
1.743672e+00
8.770882e-02
0.000000e+00
-7.274188e-01
6.861938e-01
4.745426e-01
1.743672e+00
8.770882e-02
5.625699e-01
1.743672e+00
8.770882e-02
5.662675e-01
1.747370e+00
9.140653e-02
-9.404323e-01
3.304521e-01
7.992867e-02
4.042011e-01
8.942549e-01
7.234098e-02
4.042795e-01
8.947141e-01
7.169121e-02
2.956771e-01
5.861811e-01
6.842519e-02
-9.414301e-01
3.308027e-01
6.541350e-02
2.956771e-01
5.861811e-01
6.842519e-02
4.042795e-01
8.947141e-01
7.169121e-02
4.043436e-01
8.950902e-01
7.103987e-02
-9.422284e-01
3.310832e-01
5.088793e-02
2.956771e-01
5.861811e-01
6.842519e-02
4.043436e-01
8.950902e-01
7.103987e-02
4.043935e-01
8.953829e-01
7.038729e-02
-9.428271e-01
3.312936e-01
3.635429e-02
4.043935e-01
8.953829e-01
7.038729e-02
4.044292e-01
8.955920e-01
6.973378e-02
2.956771e-01
5.861811e-01
6.842519e-02
-9.432262e-01
3.314339e-01
2.181488e-02
2.956771e-01
5.861811e-01
6.842519e-02
4.044292e-01
8.955920e-01
6.973378e-02
4.044506e-01
8.957176e-01
6.907964e-02
-9.434258e-01
3.315040e-01
7.272013e-03
2.956771e-01
5.861811e-01
6.842519e-02
4.044506e-01
8.957176e-01
6.907964e-02
4.044578e-01
8.957595e-01
6.842519e-02
-9.385618e-01
3.297949e-01
1.016708e-01
4.042011e-01
8.942549e-01
7.234098e-02
2.956771e-01
5.861811e-01
6.842519e-02
4.040020e-01
8.930876e-01
7.363465e-02
-9.409596e-01
3.306374e-01
7.262211e-02
4.040020e-01
8.930876e-01
7.363465e-02
2.956771e-01
5.861811e-01
6.842519e-02
2.956771e-01
5.860950e-01
6.973378e-02
-9.385663e-01
3.297964e-01
1.016249e-01
4.040020e-01
8.930876e-01
7.363465e-02
2.956771e-01
5.860950e-01
6.973378e-02
2.956771e-01
5.858367e-01
7.103987e-02
-9.353794e-01
3.286766e-01
1.305262e-01
2.956771e-01
5.858367e-01
7.103987e-02
2.956771e-01
5.854069e-01
7.234098e-02
4.040020e-01
8.930876e-01
7.363465e-02
-9.314019e-01
3.272790e-01
1.593079e-01
4.040020e-01
8.930876e-01
7.363465e-02
2.956771e-01
5.854069e-01
7.234098e-02
2.956771e-01
5.848063e-01
7.363465e-02
-9.266368e-01
3.256046e-01
1.879517e-01
4.040020e-01
8.930876e-01
7.363465e-02
2.956771e-01
5.848063e-01
7.363465e-02
4.037467e-01
8.915906e-01
7.491838e-02
-9.147667e-01
3.214337e-01
2.447085e-01
2.956771e-01
5.840360e-01
7.491838e-02
4.026486e-01
8.851531e-01
7.868581e-02
2.956771e-01
5.848063e-01
7.363465e-02
-9.113034e-01
3.202167e-01
2.588190e-01
2.956771e-01
5.848063e-01
7.363465e-02
4.026486e-01
8.851531e-01
7.868581e-02
4.034356e-01
8.897668e-01
7.618977e-02
-9.210872e-01
3.236546e-01
2.164396e-01
2.956771e-01
5.848063e-01
7.363465e-02
4.034356e-01
8.897668e-01
7.618977e-02
4.037467e-01
8.915906e-01
7.491838e-02
-9.076583e-01
3.189359e-01
2.728301e-01
2.956771e-01
5.840360e-01
7.491838e-02
2.956771e-01
5.830976e-01
7.618977e-02
4.026486e-01
8.851531e-01
7.868581e-02
-8.955613e-01
3.146852e-01
3.145526e-01
4.026486e-01
8.851531e-01
7.868581e-02
2.956771e-01
5.830976e-01
7.618977e-02
2.956771e-01
5.807236e-01
7.868581e-02
-8.663162e-01
3.044090e-01
3.960193e-01
4.026486e-01
8.851531e-01
7.868581e-02
2.956771e-01
5.807236e-01
7.868581e-02
4.004385e-01
8.721972e-01
8.342520e-02
-8.550568e-01
3.004526e-01
4.226182e-01
2.956771e-01
5.807236e-01
7.868581e-02
2.956771e-01
5.777025e-01
8.110374e-02
4.004385e-01
8.721972e-01
8.342520e-02
-8.304230e-01
2.917967e-01
4.746076e-01
4.004385e-01
8.721972e-01
8.342520e-02
2.956771e-01
5.777025e-01
8.110374e-02
2.956771e-01
5.740572e-01
8.342520e-02
-7.882757e-01
2.769868e-01
5.494540e-01
4.004385e-01
8.721972e-01
8.342520e-02
2.956771e-01
5.740572e-01
8.342520e-02
3.974391e-01
8.546134e-01
8.770882e-02
-7.567266e-01
2.659011e-01
5.972114e-01
3.974391e-01
8.546134e-01
8.770882e-02
2.956771e-01
5.740572e-01
8.342520e-02
2.956771e-01
5.650095e-01
8.770882e-02
-6.862838e-01
2.411486e-01
6.861938e-01
3.974391e-01
8.546134e-01
8.770882e-02
2.956771e-01
5.650095e-01
8.770882e-02
3.937414e-01
8.329361e-01
9.140653e-02
-6.473900e-01
2.274820e-01
7.274188e-01
3.937414e-01
8.329361e-01
9.140653e-02
2.956771e-01
5.650095e-01
8.770882e-02
2.956771e-01
5.538555e-01
9.140653e-02
-5.634395e-01
1.979832e-01
8.020838e-01
3.937414e-01
8.329361e-01
9.140653e-02
2.956771e-01
5.538555e-01
9.140653e-02
3.894578e-01
8.078240e-01
9.440596e-02
-5.183828e-01
1.821510e-01
8.355240e-01
3.894578e-01
8.078240e-01
9.440596e-02
2.956771e-01
5.538555e-01
9.140653e-02
2.956771e-01
5.409340e-01
9.440596e-02
-4.234754e-01
1.488021e-01
8.936031e-01
3.894578e-01
8.078240e-01
9.440596e-02
2.956771e-01
5.409340e-01
9.440596e-02
3.847184e-01
7.800398e-01
9.661597e-02
-3.736247e-01
1.312855e-01
9.182422e-01
3.847184e-01
7.800398e-01
9.661597e-02
2.956771e-01
5.409340e-01
9.440596e-02
2.956771e-01
5.266377e-01
9.661597e-02
-2.706442e-01
9.509982e-02
9.579706e-01
3.847184e-01
7.800398e-01
9.661597e-02
2.956771e-01
5.266377e-01
9.661597e-02
3.796672e-01
7.504281e-01
9.796944e-02
-2.175143e-01
7.643088e-02
9.730600e-01
3.796672e-01
7.504281e-01
9.796944e-02
2.956771e-01
5.266377e-01
9.661597e-02
2.956771e-01
5.114010e-01
9.796944e-02
-1.095896e-01
3.850795e-02
9.932307e-01
3.796672e-01
7.504281e-01
9.796944e-02
2.956771e-01
5.114010e-01
9.796944e-02
3.744578e-01
7.198883e-01
9.842519e-02
-5.479480e-02
1.925397e-02
9.983119e-01
3.744578e-01
7.198883e-01
9.842519e-02
2.956771e-01
5.114010e-01
9.796944e-02
2.956771e-01
4.956868e-01
9.842519e-02
-9.492401e-01
0.000000e+00
3.145525e-01
5.565734e-01
5.851589e-01
7.618977e-02
5.573604e-01
5.843719e-01
7.868581e-02
5.573604e-01
1.738463e+00
7.868581e-02
-8.801975e-01
0.000000e+00
4.746076e-01
5.583619e-01
5.833703e-01
8.110374e-02
5.595704e-01
5.821618e-01
8.342520e-02
5.595704e-01
1.740673e+00
8.342520e-02
-5.807913e-02
0.000000e+00
9.983119e-01
5.855512e-01
5.561811e-01
9.842519e-02
5.855512e-01
1.766654e+00
9.842519e-02
5.803418e-01
1.761444e+00
9.796944e-02
-1.161583e-01
0.000000e+00
9.932307e-01
5.855512e-01
5.561811e-01
9.842519e-02
5.803418e-01
1.761444e+00
9.796944e-02
5.803418e-01
5.613905e-01
9.796944e-02
-2.305519e-01
0.000000e+00
9.730600e-01
5.803418e-01
5.613905e-01
9.796944e-02
5.803418e-01
1.761444e+00
9.796944e-02
5.752906e-01
1.756393e+00
9.661597e-02
-2.868663e-01
0.000000e+00
9.579706e-01
5.803418e-01
5.613905e-01
9.796944e-02
5.752906e-01
1.756393e+00
9.661597e-02
5.752906e-01
5.664417e-01
9.661597e-02
-3.960194e-01
0.000000e+00
9.182422e-01
5.752906e-01
5.664417e-01
9.661597e-02
5.752906e-01
1.756393e+00
9.661597e-02
5.705512e-01
1.751654e+00
9.440596e-02
-4.488580e-01
0.000000e+00
8.936031e-01
5.752906e-01
5.664417e-01
9.661597e-02
5.705512e-01
1.751654e+00
9.440596e-02
5.705512e-01
5.711811e-01
9.440596e-02
-5.494540e-01
0.000000e+00
8.355240e-01
5.705512e-01
5.711811e-01
9.440596e-02
5.705512e-01
1.751654e+00
9.440596e-02
5.662675e-01
1.747370e+00
9.140653e-02
-5.972114e-01
0.000000e+00
8.020838e-01
5.705512e-01
5.711811e-01
9.440596e-02
5.662675e-01
1.747370e+00
9.140653e-02
5.662675e-01
5.754647e-01
9.140653e-02
-6.861938e-01
0.000000e+00
7.274188e-01
5.662675e-01
5.754647e-01
9.140653e-02
5.662675e-01
1.747370e+00
9.140653e-02
5.625699e-01
1.743672e+00
8.770882e-02
-7.274188e-01
0.000000e+00
6.861938e-01
5.662675e-01
5.754647e-01
9.140653e-02
5.625699e-01
1.743672e+00
8.770882e-02
5.625699e-01
5.791625e-01
8.770882e-02
-8.511210e-01
0.000000e+00
5.249696e-01
5.595704e-01
1.740673e+00
8.342520e-02
5.595704e-01
5.821618e-01
8.342520e-02
5.609766e-01
1.742079e+00
8.563249e-02
-8.191521e-01
0.000000e+00
5.735765e-01
5.609766e-01
1.742079e+00
8.563249e-02
5.595704e-01
5.821618e-01
8.342520e-02
5.625699e-01
1.743672e+00
8.770882e-02
-8.191521e-01
0.000000e+00
5.735765e-01
5.625699e-01
1.743672e+00
8.770882e-02
5.595704e-01
5.821618e-01
8.342520e-02
5.609766e-01
5.807557e-01
8.563249e-02
-7.844105e-01
0.000000e+00
6.202420e-01
5.625699e-01
1.743672e+00
8.770882e-02
5.609766e-01
5.807557e-01
8.563249e-02
5.625699e-01
5.791625e-01
8.770882e-02
-9.063078e-01
0.000000e+00
4.226183e-01
5.583619e-01
5.833703e-01
8.110374e-02
5.595704e-01
1.740673e+00
8.342520e-02
5.573604e-01
5.843719e-01
7.868581e-02
-9.063078e-01
0.000000e+00
4.226183e-01
5.573604e-01
5.843719e-01
7.868581e-02
5.595704e-01
1.740673e+00
8.342520e-02
5.583619e-01
1.739464e+00
8.110374e-02
-9.293506e-01
0.000000e+00
3.691985e-01
5.573604e-01
5.843719e-01
7.868581e-02
5.583619e-01
1.739464e+00
8.110374e-02
5.573604e-01
1.738463e+00
7.868581e-02
-9.659258e-01
0.000000e+00
2.588190e-01
5.565734e-01
5.851589e-01
7.618977e-02
5.573604e-01
1.738463e+00
7.868581e-02
5.560070e-01
5.857254e-01
7.363465e-02
-9.659258e-01
0.000000e+00
2.588190e-01
5.560070e-01
5.857254e-01
7.363465e-02
5.573604e-01
1.738463e+00
7.868581e-02
5.565734e-01
1.737676e+00
7.618977e-02
-9.793423e-01
0.000000e+00
2.022095e-01
5.560070e-01
5.857254e-01
7.363465e-02
5.565734e-01
1.737676e+00
7.618977e-02
5.560070e-01
1.737109e+00
7.363465e-02
-9.995772e-01
0.000000e+00
2.907651e-02
5.556653e-01
1.736768e+00
7.103987e-02
5.555512e-01
1.736653e+00
6.842519e-02
5.555512e-01
5.861811e-01
6.842519e-02
-9.961947e-01
0.000000e+00
8.715575e-02
5.556653e-01
1.736768e+00
7.103987e-02
5.555512e-01
5.861811e-01
6.842519e-02
5.560070e-01
1.737109e+00
7.363465e-02
-9.961947e-01
0.000000e+00
8.715575e-02
5.560070e-01
1.737109e+00
7.363465e-02
5.555512e-01
5.861811e-01
6.842519e-02
5.556653e-01
5.860670e-01
7.103987e-02
-9.894404e-01
0.000000e+00
1.449400e-01
5.560070e-01
1.737109e+00
7.363465e-02
5.556653e-01
5.860670e-01
7.103987e-02
5.560070e-01
5.857254e-01
7.363465e-02
9.987044e-01
0.000000e+00
5.088793e-02
4.043935e-01
8.953829e-01
7.038729e-02
4.043436e-01
8.950902e-01
7.103987e-02
4.044578e-01
5.861811e-01
6.842519e-02
9.999736e-01
0.000000e+00
7.272013e-03
4.044578e-01
8.957595e-01
6.842519e-02
4.044506e-01
8.957176e-01
6.907964e-02
4.044578e-01
5.861811e-01
6.842519e-02
9.997620e-01
0.000000e+00
2.181488e-02
4.044578e-01
5.861811e-01
6.842519e-02
4.044506e-01
8.957176e-01
6.907964e-02
4.044292e-01
8.955920e-01
6.973378e-02
9.993390e-01
0.000000e+00
3.635429e-02
4.044578e-01
5.861811e-01
6.842519e-02
4.044292e-01
8.955920e-01
6.973378e-02
4.043935e-01
8.953829e-01
7.038729e-02
9.978582e-01
0.000000e+00
6.541350e-02
4.043436e-01
8.950902e-01
7.103987e-02
4.042795e-01
8.947141e-01
7.169121e-02
4.044578e-01
5.861811e-01
6.842519e-02
9.968006e-01
0.000000e+00
7.992867e-02
4.044578e-01
5.861811e-01
6.842519e-02
4.042795e-01
8.947141e-01
7.169121e-02
4.042011e-01
8.942549e-01
7.234098e-02
9.973561e-01
0.000000e+00
7.266821e-02
4.044578e-01
5.861811e-01
6.842519e-02
4.042011e-01
8.942549e-01
7.234098e-02
4.043436e-01
5.860670e-01
7.103987e-02
9.914449e-01
0.000000e+00
1.305262e-01
4.043436e-01
5.860670e-01
7.103987e-02
4.042011e-01
8.942549e-01
7.234098e-02
4.040020e-01
8.930876e-01
7.363465e-02
9.894404e-01
0.000000e+00
1.449400e-01
4.043436e-01
5.860670e-01
7.103987e-02
4.040020e-01
8.930876e-01
7.363465e-02
4.040020e-01
5.857254e-01
7.363465e-02
9.821783e-01
0.000000e+00
1.879517e-01
4.040020e-01
8.930876e-01
7.363465e-02
4.037467e-01
8.915906e-01
7.491838e-02
4.040020e-01
5.857254e-01
7.363465e-02
9.762960e-01
0.000000e+00
2.164396e-01
4.040020e-01
5.857254e-01
7.363465e-02
4.037467e-01
8.915906e-01
7.491838e-02
4.034356e-01
8.897668e-01
7.618977e-02
9.730430e-01
0.000000e+00
2.306239e-01
4.040020e-01
5.857254e-01
7.363465e-02
4.034356e-01
8.897668e-01
7.618977e-02
4.034356e-01
5.851589e-01
7.618977e-02
9.579919e-01
0.000000e+00
2.867954e-01
4.034356e-01
5.851589e-01
7.618977e-02
4.034356e-01
8.897668e-01
7.618977e-02
4.026486e-01
8.851531e-01
7.868581e-02
9.492401e-01
0.000000e+00
3.145525e-01
4.034356e-01
5.851589e-01
7.618977e-02
4.026486e-01
8.851531e-01
7.868581e-02
4.026486e-01
5.843719e-01
7.868581e-02
9.293506e-01
0.000000e+00
3.691985e-01
4.026486e-01
5.843719e-01
7.868581e-02
4.026486e-01
8.851531e-01
7.868581e-02
4.016470e-01
5.833703e-01
8.110374e-02
9.063078e-01
0.000000e+00
4.226182e-01
4.016470e-01
5.833703e-01
8.110374e-02
4.026486e-01
8.851531e-01
7.868581e-02
4.004385e-01
8.721972e-01
8.342520e-02
8.801975e-01
0.000000e+00
4.746076e-01
4.016470e-01
5.833703e-01
8.110374e-02
4.004385e-01
8.721972e-01
8.342520e-02
4.004385e-01
5.821618e-01
8.342520e-02
8.355240e-01
0.000000e+00
5.494540e-01
4.004385e-01
5.821618e-01
8.342520e-02
4.004385e-01
8.721972e-01
8.342520e-02
3.974391e-01
8.546134e-01
8.770882e-02
8.191521e-01
0.000000e+00
5.735765e-01
4.004385e-01
5.821618e-01
8.342520e-02
3.974391e-01
8.546134e-01
8.770882e-02
3.990324e-01
5.807557e-01
8.563249e-02
7.844105e-01
0.000000e+00
6.202420e-01
3.990324e-01
5.807557e-01
8.563249e-02
3.974391e-01
8.546134e-01
8.770882e-02
3.974391e-01
5.791625e-01
8.770882e-02
7.274188e-01
0.000000e+00
6.861938e-01
3.974391e-01
5.791625e-01
8.770882e-02
3.974391e-01
8.546134e-01
8.770882e-02
3.937414e-01
8.329361e-01
9.140653e-02
6.861938e-01
0.000000e+00
7.274188e-01
3.974391e-01
5.791625e-01
8.770882e-02
3.937414e-01
8.329361e-01
9.140653e-02
3.937414e-01
5.754647e-01
9.140653e-02
5.972114e-01
0.000000e+00
8.020838e-01
3.937414e-01
5.754647e-01
9.140653e-02
3.937414e-01
8.329361e-01
9.140653e-02
3.894578e-01
8.078240e-01
9.440596e-02
5.494540e-01
0.000000e+00
8.355240e-01
3.937414e-01
5.754647e-01
9.140653e-02
3.894578e-01
8.078240e-01
9.440596e-02
3.894578e-01
5.711811e-01
9.440596e-02
4.488580e-01
0.000000e+00
8.936031e-01
3.894578e-01
5.711811e-01
9.440596e-02
3.894578e-01
8.078240e-01
9.440596e-02
3.847184e-01
7.800398e-01
9.661597e-02
3.960194e-01
0.000000e+00
9.182422e-01
3.894578e-01
5.711811e-01
9.440596e-02
3.847184e-01
7.800398e-01
9.661597e-02
3.847184e-01
5.664417e-01
9.661597e-02
2.868663e-01
0.000000e+00
9.579706e-01
3.847184e-01
5.664417e-01
9.661597e-02
3.847184e-01
7.800398e-01
9.661597e-02
3.796672e-01
7.504281e-01
9.796944e-02
2.305519e-01
0.000000e+00
9.730600e-01
3.847184e-01
5.664417e-01
9.661597e-02
3.796672e-01
7.504281e-01
9.796944e-02
3.796672e-01
5.613905e-01
9.796944e-02
1.161583e-01
0.000000e+00
9.932307e-01
3.796672e-01
5.613905e-01
9.796944e-02
3.796672e-01
7.504281e-01
9.796944e-02
3.744578e-01
7.198883e-01
9.842519e-02
5.807913e-02
0.000000e+00
9.983119e-01
3.796672e-01
5.613905e-01
9.796944e-02
3.744578e-01
7.198883e-01
9.842519e-02
3.744578e-01
5.561811e-01
9.842519e-02
0.000000e+00
8.354833e-01
5.495159e-01
4.004385e-01
5.821618e-01
8.342520e-02
3.990324e-01
5.807557e-01
8.563249e-02
5.609766e-01
5.807557e-01
8.563249e-02
0.000000e+00
8.021281e-01
5.971520e-01
5.609766e-01
5.807557e-01
8.563249e-02
3.990324e-01
5.807557e-01
8.563249e-02
3.974391e-01
5.791625e-01
8.770882e-02
0.000000e+00
7.844105e-01
6.202420e-01
5.609766e-01
5.807557e-01
8.563249e-02
3.974391e-01
5.791625e-01
8.770882e-02
5.625699e-01
5.791625e-01
8.770882e-02
0.000000e+00
7.274188e-01
6.861938e-01
5.625699e-01
5.791625e-01
8.770882e-02
3.974391e-01
5.791625e-01
8.770882e-02
3.937414e-01
5.754647e-01
9.140653e-02
0.000000e+00
6.861938e-01
7.274188e-01
5.625699e-01
5.791625e-01
8.770882e-02
3.937414e-01
5.754647e-01
9.140653e-02
5.662675e-01
5.754647e-01
9.140653e-02
0.000000e+00
5.972114e-01
8.020838e-01
5.662675e-01
5.754647e-01
9.140653e-02
3.937414e-01
5.754647e-01
9.140653e-02
3.894578e-01
5.711811e-01
9.440596e-02
0.000000e+00
5.494540e-01
8.355240e-01
5.662675e-01
5.754647e-01
9.140653e-02
3.894578e-01
5.711811e-01
9.440596e-02
5.705512e-01
5.711811e-01
9.440596e-02
0.000000e+00
4.488580e-01
8.936031e-01
5.705512e-01
5.711811e-01
9.440596e-02
3.894578e-01
5.711811e-01
9.440596e-02
3.847184e-01
5.664417e-01
9.661597e-02
0.000000e+00
3.960194e-01
9.182422e-01
5.705512e-01
5.711811e-01
9.440596e-02
3.847184e-01
5.664417e-01
9.661597e-02
5.752906e-01
5.664417e-01
9.661597e-02
0.000000e+00
2.868663e-01
9.579706e-01
5.752906e-01
5.664417e-01
9.661597e-02
3.847184e-01
5.664417e-01
9.661597e-02
3.796672e-01
5.613905e-01
9.796944e-02
0.000000e+00
2.305519e-01
9.730600e-01
5.752906e-01
5.664417e-01
9.661597e-02
3.796672e-01
5.613905e-01
9.796944e-02
5.803418e-01
5.613905e-01
9.796944e-02
0.000000e+00
1.161583e-01
9.932307e-01
5.803418e-01
5.613905e-01
9.796944e-02
3.796672e-01
5.613905e-01
9.796944e-02
3.744578e-01
5.561811e-01
9.842519e-02
0.000000e+00
5.807913e-02
9.983119e-01
5.803418e-01
5.613905e-01
9.796944e-02
3.744578e-01
5.561811e-01
9.842519e-02
5.855512e-01
5.561811e-01
9.842519e-02
0.000000e+00
8.511210e-01
5.249696e-01
5.609766e-01
5.807557e-01
8.563249e-02
5.595704e-01
5.821618e-01
8.342520e-02
4.004385e-01
5.821618e-01
8.342520e-02
0.000000e+00
8.801975e-01
4.746076e-01
4.004385e-01
5.821618e-01
8.342520e-02
5.595704e-01
5.821618e-01
8.342520e-02
5.583619e-01
5.833703e-01
8.110374e-02
0.000000e+00
8.936363e-01
4.487919e-01
4.004385e-01
5.821618e-01
8.342520e-02
5.583619e-01
5.833703e-01
8.110374e-02
4.016470e-01
5.833703e-01
8.110374e-02
0.000000e+00
9.182128e-01
3.960873e-01
4.016470e-01
5.833703e-01
8.110374e-02
5.583619e-01
5.833703e-01
8.110374e-02
4.026486e-01
5.843719e-01
7.868581e-02
0.000000e+00
9.293506e-01
3.691985e-01
5.583619e-01
5.833703e-01
8.110374e-02
5.573604e-01
5.843719e-01
7.868581e-02
4.026486e-01
5.843719e-01
7.868581e-02
0.000000e+00
9.492401e-01
3.145525e-01
4.026486e-01
5.843719e-01
7.868581e-02
5.573604e-01
5.843719e-01
7.868581e-02
5.565734e-01
5.851589e-01
7.618977e-02
0.000000e+00
9.579919e-01
2.867954e-01
4.026486e-01
5.843719e-01
7.868581e-02
5.565734e-01
5.851589e-01
7.618977e-02
4.034356e-01
5.851589e-01
7.618977e-02
0.000000e+00
9.730430e-01
2.306239e-01
4.034356e-01
5.851589e-01
7.618977e-02
5.565734e-01
5.851589e-01
7.618977e-02
4.040020e-01
5.857254e-01
7.363465e-02
0.000000e+00
9.995772e-01
2.907651e-02
5.556653e-01
5.860670e-01
7.103987e-02
5.555512e-01
5.861811e-01
6.842519e-02
4.044578e-01
5.861811e-01
6.842519e-02
0.000000e+00
9.793423e-01
2.022095e-01
5.565734e-01
5.851589e-01
7.618977e-02
5.560070e-01
5.857254e-01
7.363465e-02
4.040020e-01
5.857254e-01
7.363465e-02
0.000000e+00
9.894404e-01
1.449400e-01
4.040020e-01
5.857254e-01
7.363465e-02
5.560070e-01
5.857254e-01
7.363465e-02
5.556653e-01
5.860670e-01
7.103987e-02
0.000000e+00
9.932393e-01
1.160848e-01
4.040020e-01
5.857254e-01
7.363465e-02
5.556653e-01
5.860670e-01
7.103987e-02
4.043436e-01
5.860670e-01
7.103987e-02
0.000000e+00
9.983077e-01
5.815303e-02
4.043436e-01
5.860670e-01
7.103987e-02
5.556653e-01
5.860670e-01
7.103987e-02
4.044578e-01
5.861811e-01
6.842519e-02
