0.000000e+00
0.000000e+00
1.000000e+00
5.855512e-01
1.285164e+00
9.842519e-02
3.827756e-01
1.285164e+00
9.842519e-02
3.827756e-01
5.561811e-01
9.842519e-02
0.000000e+00
0.000000e+00
1.000000e+00
0.000000e+00
0.000000e+00
9.842519e-02
5.905512e-01
0.000000e+00
9.842519e-02
3.827756e-01
5.561811e-01
9.842519e-02
0.000000e+00
0.000000e+00
1.000000e+00
3.827756e-01
5.561811e-01
9.842519e-02
5.905512e-01
0.000000e+00
9.842519e-02
5.855512e-01
1.285164e+00
9.842519e-02
0.000000e+00
0.000000e+00
1.000000e+00
5.855512e-01
1.285164e+00
9.842519e-02
5.905512e-01
0.000000e+00
9.842519e-02
5.905512e-01
1.771654e+00
9.842519e-02
0.000000e+00
0.000000e+00
1.000000e+00
5.855512e-01
1.285164e+00
9.842519e-02
5.905512e-01
1.771654e+00
9.842519e-02
5.855512e-01
1.495164e+00
9.842519e-02
0.000000e+00
0.000000e+00
1.000000e+00
1.727756e-01
5.561811e-01
9.842519e-02
1.727756e-01
1.285164e+00
9.842519e-02
5.000000e-03
1.285164e+00
9.842519e-02
0.000000e+00
0.000000e+00
1.000000e+00
5.000000e-03
1.495164e+00
9.842519e-02
0.000000e+00
1.771654e+00
9.842519e-02
5.000000e-03
1.285164e+00
9.842519e-02
0.000000e+00
0.000000e+00
1.000000e+00
5.000000e-03
1.285164e+00
9.842519e-02
0.000000e+00
1.771654e+00
9.842519e-02
0.000000e+00
0.000000e+00
9.842519e-02
0.000000e+00
0.000000e+00
1.000000e+00
5.000000e-03
1.285164e+00
9.842519e-02
0.000000e+00
0.000000e+00
9.842519e-02
1.727756e-01
5.561811e-01
9.842519e-02
0.000000e+00
0.000000e+00
1.000000e+00
1.727756e-01
5.561811e-01
9.842519e-02
0.000000e+00
0.000000e+00
9.842519e-02
3.827756e-01
5.561811e-01
9.842519e-02
0.000000e+00
0.000000e+00
1.000000e+00
5.000000e-03
1.495164e+00
9.842519e-02
1.727756e-01
1.495164e+00
9.842519e-02
0.000000e+00
1.771654e+00
9.842519e-02
0.000000e+00
0.000000e+00
1.000000e+00
0.000000e+00
1.771654e+00
9.842519e-02
1.727756e-01
1.495164e+00
9.842519e-02
1.727756e-01
1.654698e+00
9.842519e-02
0.000000e+00
0.000000e+00
1.000000e+00
0.000000e+00
1.771654e+00
9.842519e-02
1.727756e-01
1.654698e+00
9.842519e-02
5.905512e-01
1.771654e+00
9.842519e-02
0.000000e+00
0.000000e+00
1.000000e+00
5.905512e-01
1.771654e+00
9.842519e-02
1.727756e-01
1.654698e+00
9.842519e-02
3.827756e-01
1.654698e+00
9.842519e-02
0.000000e+00
0.000000e+00
1.000000e+00
5.905512e-01
1.771654e+00
9.842519e-02
3.827756e-01
1.654698e+00
9.842519e-02
5.855512e-01
1.495164e+00
9.842519e-02
0.000000e+00
0.000000e+00
1.000000e+00
5.855512e-01
1.495164e+00
9.842519e-02
3.827756e-01
1.654698e+00
9.842519e-02
3.827756e-01
1.495164e+00
9.842519e-02
0.000000e+00
0.000000e+00
-1.000000e+00
0.000000e+00
0.000000e+00
0.000000e+00
0.000000e+00
1.771654e+00
0.000000e+00
3.500000e-02
1.315164e+00
0.000000e+00
0.000000e+00
0.000000e+00
-1.000000e+00
3.500000e-02
1.315164e+00
0.000000e+00
0.000000e+00
1.771654e+00
0.000000e+00
3.500000e-02
1.465164e+00
0.000000e+00
0.000000e+00
0.000000e+00
-1.000000e+00
3.527756e-01
5.861811e-01
0.000000e+00
5.905512e-01
0.000000e+00
0.000000e+00
2.027756e-01
5.861811e-01
0.000000e+00
0.000000e+00
0.000000e+00
-1.000000e+00
2.027756e-01
5.861811e-01
0.000000e+00
5.905512e-01
0.000000e+00
0.000000e+00
0.000000e+00
0.000000e+00
0.000000e+00
0.000000e+00
0.000000e+00
-1.000000e+00
2.027756e-01
5.861811e-01
0.000000e+00
0.000000e+00
0.000000e+00
0.000000e+00
2.027756e-01
1.315164e+00
0.000000e+00
0.000000e+00
0.000000e+00
-1.000000e+00
2.027756e-01
1.315164e+00
0.000000e+00
0.000000e+00
0.000000e+00
0.000000e+00
3.500000e-02
1.315164e+00
0.000000e+00
0.000000e+00
0.000000e+00
-1.000000e+00
5.555512e-01
1.465164e+00
0.000000e+00
5.905512e-01
1.771654e+00
0.000000e+00
5.555512e-01
1.315164e+00
0.000000e+00
0.000000e+00
0.000000e+00
-1.000000e+00
5.555512e-01
1.315164e+00
0.000000e+00
5.905512e-01
1.771654e+00
0.000000e+00
5.905512e-01
0.000000e+00
0.000000e+00
0.000000e+00
0.000000e+00
-1.000000e+00
5.555512e-01
1.315164e+00
0.000000e+00
5.905512e-01
0.000000e+00
0.000000e+00
3.527756e-01
1.315164e+00
0.000000e+00
0.000000e+00
0.000000e+00
-1.000000e+00
3.527756e-01
1.315164e+00
0.000000e+00
5.905512e-01
0.000000e+00
0.000000e+00
3.527756e-01
5.861811e-01
0.000000e+00
0.000000e+00
0.000000e+00
-1.000000e+00
2.027756e-01
1.465164e+00
0.000000e+00
3.500000e-02
1.465164e+00
0.000000e+00
2.027756e-01
1.624698e+00
0.000000e+00
0.000000e+00
0.000000e+00
-1.000000e+00
2.027756e-01
1.624698e+00
0.000000e+00
3.500000e-02
1.465164e+00
0.000000e+00
0.000000e+00
1.771654e+00
0.000000e+00
0.000000e+00
0.000000e+00
-1.000000e+00
2.027756e-01
1.624698e+00
0.000000e+00
0.000000e+00
1.771654e+00
0.000000e+00
3.527756e-01
1.624698e+00
0.000000e+00
0.000000e+00
0.000000e+00
-1.000000e+00
3.527756e-01
1.624698e+00
0.000000e+00
0.000000e+00
1.771654e+00
0.000000e+00
5.905512e-01
1.771654e+00
0.000000e+00
0.000000e+00
0.000000e+00
-1.000000e+00
3.527756e-01
1.624698e+00
0.000000e+00
5.905512e-01
1.771654e+00
0.000000e+00
3.527756e-01
1.465164e+00
0.000000e+00
0.000000e+00
0.000000e+00
-1.000000e+00
3.527756e-01
1.465164e+00
0.000000e+00
5.905512e-01
1.771654e+00
0.000000e+00
5.555512e-01
1.465164e+00
0.000000e+00
-1.000000e+00
0.000000e+00
0.000000e+00
0.000000e+00
0.000000e+00
9.842519e-02
0.000000e+00
1.771654e+00
9.842519e-02
0.000000e+00
0.000000e+00
0.000000e+00
-1.000000e+00
0.000000e+00
0.000000e+00
0.000000e+00
0.000000e+00
0.000000e+00
0.000000e+00
1.771654e+00
9.842519e-02
0.000000e+00
1.771654e+00
0.000000e+00
0.000000e+00
-1.000000e+00
0.000000e+00
5.905512e-01
0.000000e+00
9.842519e-02
0.000000e+00
0.000000e+00
9.842519e-02
5.905512e-01
0.000000e+00
0.000000e+00
0.000000e+00
-1.000000e+00
0.000000e+00
5.905512e-01
0.000000e+00
0.000000e+00
0.000000e+00
0.000000e+00
9.842519e-02
0.000000e+00
0.000000e+00
0.000000e+00
1.000000e+00
0.000000e+00
0.000000e+00
5.905512e-01
1.771654e+00
9.842519e-02
5.905512e-01
0.000000e+00
9.842519e-02
5.905512e-01
1.771654e+00
0.000000e+00
1.000000e+00
0.000000e+00
0.000000e+00
5.905512e-01
1.771654e+00
0.000000e+00
5.905512e-01
0.000000e+00
9.842519e-02
5.905512e-01
0.000000e+00
0.000000e+00
0.000000e+00
1.000000e+00
0.000000e+00
0.000000e+00
1.771654e+00
9.842519e-02
5.905512e-01
1.771654e+00
9.842519e-02
0.000000e+00
1.771654e+00
0.000000e+00
0.000000e+00
1.000000e+00
0.000000e+00
0.000000e+00
1.771654e+00
0.000000e+00
5.905512e-01
1.771654e+00
9.842519e-02
5.905512e-01
1.771654e+00
0.000000e+00
-1.000000e+00
0.000000e+00
0.000000e+00
3.527756e-01
1.315164e+00
6.842519e-02
3.527756e-01
1.315164e+00
0.000000e+00
3.527756e-01
5.861811e-01
6.842519e-02
-1.000000e+00
0.000000e+00
0.000000e+00
3.527756e-01
5.861811e-01
6.842519e-02
3.527756e-01
1.315164e+00
0.000000e+00
3.527756e-01
5.861811e-01
0.000000e+00
0.000000e+00
1.000000e+00
0.000000e+00
3.527756e-01
5.861811e-01
6.842519e-02
3.527756e-01
5.861811e-01
0.000000e+00
2.027756e-01
5.861811e-01
6.842519e-02
0.000000e+00
1.000000e+00
0.000000e+00
2.027756e-01
5.861811e-01
6.842519e-02
3.527756e-01
5.861811e-01
0.000000e+00
2.027756e-01
5.861811e-01
0.000000e+00
1.000000e+00
0.000000e+00
0.000000e+00
2.027756e-01
5.861811e-01
6.842519e-02
2.027756e-01
5.861811e-01
0.000000e+00
2.027756e-01
1.315164e+00
6.842519e-02
1.000000e+00
0.000000e+00
0.000000e+00
2.027756e-01
1.315164e+00
6.842519e-02
2.027756e-01
5.861811e-01
0.000000e+00
2.027756e-01
1.315164e+00
0.000000e+00
0.000000e+00
1.000000e+00
0.000000e+00
2.027756e-01
1.315164e+00
6.842519e-02
2.027756e-01
1.315164e+00
0.000000e+00
3.500000e-02
1.315164e+00
6.842519e-02
0.000000e+00
1.000000e+00
0.000000e+00
3.500000e-02
1.315164e+00
6.842519e-02
2.027756e-01
1.315164e+00
0.000000e+00
3.500000e-02
1.315164e+00
0.000000e+00
1.000000e+00
0.000000e+00
0.000000e+00
3.500000e-02
1.315164e+00
6.842519e-02
3.500000e-02
1.315164e+00
0.000000e+00
3.500000e-02
1.465164e+00
6.842519e-02
1.000000e+00
0.000000e+00
0.000000e+00
3.500000e-02
1.465164e+00
6.842519e-02
3.500000e-02
1.315164e+00
0.000000e+00
3.500000e-02
1.465164e+00
0.000000e+00
0.000000e+00
-1.000000e+00
0.000000e+00
3.500000e-02
1.465164e+00
6.842519e-02
3.500000e-02
1.465164e+00
0.000000e+00
2.027756e-01
1.465164e+00
6.842519e-02
0.000000e+00
-1.000000e+00
0.000000e+00
2.027756e-01
1.465164e+00
6.842519e-02
3.500000e-02
1.465164e+00
0.000000e+00
2.027756e-01
1.465164e+00
0.000000e+00
1.000000e+00
0.000000e+00
0.000000e+00
2.027756e-01
1.465164e+00
6.842519e-02
2.027756e-01
1.465164e+00
0.000000e+00
2.027756e-01
1.624698e+00
6.842519e-02
1.000000e+00
0.000000e+00
0.000000e+00
2.027756e-01
1.624698e+00
6.842519e-02
2.027756e-01
1.465164e+00
0.000000e+00
2.027756e-01
1.624698e+00
0.000000e+00
0.000000e+00
-1.000000e+00
0.000000e+00
2.027756e-01
1.624698e+00
6.842519e-02
2.027756e-01
1.624698e+00
0.000000e+00
3.527756e-01
1.624698e+00
6.842519e-02
0.000000e+00
-1.000000e+00
0.000000e+00
3.527756e-01
1.624698e+00
6.842519e-02
2.027756e-01
1.624698e+00
0.000000e+00
3.527756e-01
1.624698e+00
0.000000e+00
-1.000000e+00
0.000000e+00
0.000000e+00
3.527756e-01
1.624698e+00
6.842519e-02
3.527756e-01
1.624698e+00
0.000000e+00
3.527756e-01
1.465164e+00
6.842519e-02
-1.000000e+00
0.000000e+00
0.000000e+00
3.527756e-01
1.465164e+00
6.842519e-02
3.527756e-01
1.624698e+00
0.000000e+00
3.527756e-01
1.465164e+00
0.000000e+00
0.000000e+00
-1.000000e+00
0.000000e+00
3.527756e-01
1.465164e+00
6.842519e-02
3.527756e-01
1.465164e+00
0.000000e+00
5.555512e-01
1.465164e+00
6.842519e-02
0.000000e+00
-1.000000e+00
0.000000e+00
5.555512e-01
1.465164e+00
6.842519e-02
3.527756e-01
1.465164e+00
0.000000e+00
5.555512e-01
1.465164e+00
0.000000e+00
-1.000000e+00
0.000000e+00
0.000000e+00
5.555512e-01
1.465164e+00
6.842519e-02
5.555512e-01
1.465164e+00
0.000000e+00
5.555512e-01
1.315164e+00
6.842519e-02
-1.000000e+00
0.000000e+00
0.000000e+00
5.555512e-01
1.315164e+00
6.842519e-02
5.555512e-01
1.465164e+00
0.000000e+00
5.555512e-01
1.315164e+00
0.000000e+00
0.000000e+00
1.000000e+00
0.000000e+00
5.555512e-01
1.315164e+00
6.842519e-02
5.555512e-01
1.315164e+00
0.000000e+00
3.527756e-01
1.315164e+00
6.842519e-02
0.000000e+00
1.000000e+00
0.000000e+00
3.527756e-01
1.315164e+00
6.842519e-02
5.555512e-01
1.315164e+00
0.000000e+00
3.527756e-01
1.315164e+00
0.000000e+00
0.000000e+00
8.936363e-01
4.487919e-01
1.999648e-01
5.833703e-01
8.110374e-02
1.987564e-01
5.821618e-01
8.342520e-02
3.555864e-01
5.833703e-01
8.110374e-02
0.000000e+00
5.807913e-02
9.983119e-01
1.727756e-01
5.561811e-01
9.842519e-02
3.827756e-01
5.561811e-01
9.842519e-02
3.775661e-01
5.613905e-01
9.796944e-02
0.000000e+00
1.161583e-01
9.932307e-01
1.727756e-01
5.561811e-01
9.842519e-02
3.775661e-01
5.613905e-01
9.796944e-02
1.779850e-01
5.613905e-01
9.796944e-02
0.000000e+00
2.305519e-01
9.730600e-01
1.779850e-01
5.613905e-01
9.796944e-02
3.775661e-01
5.613905e-01
9.796944e-02
3.725150e-01
5.664417e-01
9.661597e-02
0.000000e+00
2.868663e-01
9.579706e-01
1.779850e-01
5.613905e-01
9.796944e-02
3.725150e-01
5.664417e-01
9.661597e-02
1.830362e-01
5.664417e-01
9.661597e-02
0.000000e+00
3.960194e-01
9.182422e-01
1.830362e-01
5.664417e-01
9.661597e-02
3.725150e-01
5.664417e-01
9.661597e-02
3.677756e-01
5.711811e-01
9.440596e-02
0.000000e+00
4.488580e-01
8.936031e-01
1.830362e-01
5.664417e-01
9.661597e-02
3.677756e-01
5.711811e-01
9.440596e-02
1.877756e-01
5.711811e-01
9.440596e-02
0.000000e+00
5.494540e-01
8.355240e-01
1.877756e-01
5.711811e-01
9.440596e-02
3.677756e-01
5.711811e-01
9.440596e-02
3.634920e-01
5.754647e-01
9.140653e-02
0.000000e+00
5.972114e-01
8.020838e-01
1.877756e-01
5.711811e-01
9.440596e-02
3.634920e-01
5.754647e-01
9.140653e-02
1.920592e-01
5.754647e-01
9.140653e-02
0.000000e+00
6.861938e-01
7.274188e-01
1.920592e-01
5.754647e-01
9.140653e-02
3.634920e-01
5.754647e-01
9.140653e-02
3.597943e-01
5.791625e-01
8.770882e-02
0.000000e+00
7.274188e-01
6.861938e-01
1.920592e-01
5.754647e-01
9.140653e-02
3.597943e-01
5.791625e-01
8.770882e-02
1.957569e-01
5.791625e-01
8.770882e-02
0.000000e+00
7.844105e-01
6.202419e-01
1.957569e-01
5.791625e-01
8.770882e-02
3.597943e-01
5.791625e-01
8.770882e-02
1.973501e-01
5.807557e-01
8.563249e-02
0.000000e+00
8.021281e-01
5.971520e-01
1.973501e-01
5.807557e-01
8.563249e-02
3.597943e-01
5.791625e-01
8.770882e-02
3.582010e-01
5.807557e-01
8.563249e-02
0.000000e+00
8.354833e-01
5.495159e-01
1.973501e-01
5.807557e-01
8.563249e-02
3.582010e-01
5.807557e-01
8.563249e-02
1.987564e-01
5.821618e-01
8.342520e-02
0.000000e+00
8.511210e-01
5.249696e-01
1.987564e-01
5.821618e-01
8.342520e-02
3.582010e-01
5.807557e-01
8.563249e-02
3.567948e-01
5.821618e-01
8.342520e-02
0.000000e+00
8.801975e-01
4.746076e-01
1.987564e-01
5.821618e-01
8.342520e-02
3.567948e-01
5.821618e-01
8.342520e-02
3.555864e-01
5.833703e-01
8.110374e-02
0.000000e+00
9.182128e-01
3.960873e-01
1.999648e-01
5.833703e-01
8.110374e-02
3.555864e-01
5.833703e-01
8.110374e-02
2.009664e-01
5.843719e-01
7.868581e-02
0.000000e+00
9.293506e-01
3.691985e-01
2.009664e-01
5.843719e-01
7.868581e-02
3.555864e-01
5.833703e-01
8.110374e-02
3.545848e-01
5.843719e-01
7.868581e-02
0.000000e+00
9.492401e-01
3.145525e-01
2.009664e-01
5.843719e-01
7.868581e-02
3.545848e-01
5.843719e-01
7.868581e-02
3.537978e-01
5.851589e-01
7.618977e-02
0.000000e+00
9.995772e-01
2.907651e-02
3.527756e-01
5.861811e-01
6.842519e-02
2.027756e-01
5.861811e-01
6.842519e-02
3.528897e-01
5.860670e-01
7.103987e-02
0.000000e+00
9.983077e-01
5.815303e-02
3.528897e-01
5.860670e-01
7.103987e-02
2.027756e-01
5.861811e-01
6.842519e-02
2.026614e-01
5.860670e-01
7.103987e-02
0.000000e+00
9.932393e-01
1.160848e-01
3.528897e-01
5.860670e-01
7.103987e-02
2.026614e-01
5.860670e-01
7.103987e-02
3.532314e-01
5.857254e-01
7.363465e-02
0.000000e+00
9.894404e-01
1.449400e-01
3.532314e-01
5.857254e-01
7.363465e-02
2.026614e-01
5.860670e-01
7.103987e-02
2.023198e-01
5.857254e-01
7.363465e-02
0.000000e+00
9.793423e-01
2.022095e-01
3.532314e-01
5.857254e-01
7.363465e-02
2.023198e-01
5.857254e-01
7.363465e-02
3.537978e-01
5.851589e-01
7.618977e-02
0.000000e+00
9.730430e-01
2.306239e-01
3.537978e-01
5.851589e-01
7.618977e-02
2.023198e-01
5.857254e-01
7.363465e-02
2.017534e-01
5.851589e-01
7.618977e-02
0.000000e+00
9.579919e-01
2.867954e-01
3.537978e-01
5.851589e-01
7.618977e-02
2.017534e-01
5.851589e-01
7.618977e-02
2.009664e-01
5.843719e-01
7.868581e-02
6.861938e-01
0.000000e+00
7.274188e-01
1.957569e-01
5.791625e-01
8.770882e-02
1.920592e-01
1.304447e+00
9.140653e-02
1.920592e-01
5.754647e-01
9.140653e-02
5.972114e-01
0.000000e+00
8.020838e-01
1.920592e-01
5.754647e-01
9.140653e-02
1.920592e-01
1.304447e+00
9.140653e-02
1.877756e-01
1.300164e+00
9.440596e-02
5.494540e-01
0.000000e+00
8.355240e-01
1.920592e-01
5.754647e-01
9.140653e-02
1.877756e-01
1.300164e+00
9.440596e-02
1.877756e-01
5.711811e-01
9.440596e-02
4.488580e-01
0.000000e+00
8.936031e-01
1.877756e-01
5.711811e-01
9.440596e-02
1.877756e-01
1.300164e+00
9.440596e-02
1.830362e-01
1.295424e+00
9.661597e-02
3.960194e-01
0.000000e+00
9.182422e-01
1.877756e-01
5.711811e-01
9.440596e-02
1.830362e-01
1.295424e+00
9.661597e-02
1.830362e-01
5.664417e-01
9.661597e-02
2.868663e-01
0.000000e+00
9.579706e-01
1.830362e-01
5.664417e-01
9.661597e-02
1.830362e-01
1.295424e+00
9.661597e-02
1.779850e-01
1.290373e+00
9.796944e-02
2.305519e-01
0.000000e+00
9.730600e-01
1.830362e-01
5.664417e-01
9.661597e-02
1.779850e-01
1.290373e+00
9.796944e-02
1.779850e-01
5.613905e-01
9.796944e-02
1.161583e-01
0.000000e+00
9.932307e-01
1.779850e-01
5.613905e-01
9.796944e-02
1.779850e-01
1.290373e+00
9.796944e-02
1.727756e-01
1.285164e+00
9.842519e-02
5.807913e-02
0.000000e+00
9.983119e-01
1.779850e-01
5.613905e-01
9.796944e-02
1.727756e-01
1.285164e+00
9.842519e-02
1.727756e-01
5.561811e-01
9.842519e-02
9.995772e-01
0.000000e+00
2.907651e-02
2.027756e-01
5.861811e-01
6.842519e-02
2.027756e-01
1.315164e+00
6.842519e-02
2.026614e-01
5.860670e-01
7.103987e-02
9.983077e-01
0.000000e+00
5.815303e-02
2.026614e-01
5.860670e-01
7.103987e-02
2.027756e-01
1.315164e+00
6.842519e-02
2.026614e-01
1.315050e+00
7.103987e-02
9.932393e-01
0.000000e+00
1.160848e-01
2.026614e-01
5.860670e-01
7.103987e-02
2.026614e-01
1.315050e+00
7.103987e-02
2.023198e-01
5.857254e-01
7.363465e-02
9.894404e-01
0.000000e+00
1.449400e-01
2.023198e-01
5.857254e-01
7.363465e-02
2.026614e-01
1.315050e+00
7.103987e-02
2.023198e-01
1.314708e+00
7.363465e-02
9.793423e-01
0.000000e+00
2.022095e-01
2.023198e-01
5.857254e-01
7.363465e-02
2.023198e-01
1.314708e+00
7.363465e-02
2.017534e-01
5.851589e-01
7.618977e-02
9.730430e-01
0.000000e+00
2.306239e-01
2.017534e-01
5.851589e-01
7.618977e-02
2.023198e-01
1.314708e+00
7.363465e-02
2.017534e-01
1.314142e+00
7.618977e-02
9.579919e-01
0.000000e+00
2.867954e-01
2.017534e-01
5.851589e-01
7.618977e-02
2.017534e-01
1.314142e+00
7.618977e-02
2.009664e-01
5.843719e-01
7.868581e-02
9.492401e-01
0.000000e+00
3.145525e-01
2.009664e-01
5.843719e-01
7.868581e-02
2.017534e-01
1.314142e+00
7.618977e-02
2.009664e-01
1.313354e+00
7.868581e-02
9.293506e-01
0.000000e+00
3.691985e-01
2.009664e-01
5.843719e-01
7.868581e-02
2.009664e-01
1.313354e+00
7.868581e-02
1.999648e-01
5.833703e-01
8.110374e-02
9.182128e-01
0.000000e+00
3.960873e-01
1.999648e-01
5.833703e-01
8.110374e-02
2.009664e-01
1.313354e+00
7.868581e-02
1.999648e-01
1.312353e+00
8.110374e-02
8.936363e-01
0.000000e+00
4.487918e-01
1.999648e-01
5.833703e-01
8.110374e-02
1.999648e-01
1.312353e+00
8.110374e-02
1.987564e-01
5.821618e-01
8.342520e-02
8.801975e-01
0.000000e+00
4.746076e-01
1.987564e-01
5.821618e-01
8.342520e-02
1.999648e-01
1.312353e+00
8.110374e-02
1.987564e-01
1.311144e+00
8.342520e-02
8.511210e-01
0.000000e+00
5.249696e-01
1.987564e-01
5.821618e-01
8.342520e-02
1.987564e-01
1.311144e+00
8.342520e-02
1.973501e-01
5.807557e-01
8.563249e-02
8.354833e-01
0.000000e+00
5.495159e-01
1.973501e-01
5.807557e-01
8.563249e-02
1.987564e-01
1.311144e+00
8.342520e-02
1.973501e-01
1.309738e+00
8.563249e-02
8.021281e-01
0.000000e+00
5.971520e-01
1.973501e-01
5.807557e-01
8.563249e-02
1.973501e-01
1.309738e+00
8.563249e-02
1.957569e-01
5.791625e-01
8.770882e-02
7.844105e-01
0.000000e+00
6.202420e-01
1.957569e-01
5.791625e-01
8.770882e-02
1.973501e-01
1.309738e+00
8.563249e-02
1.957569e-01
1.308145e+00
8.770882e-02
7.274188e-01
0.000000e+00
6.861938e-01
1.957569e-01
5.791625e-01
8.770882e-02
1.957569e-01
1.308145e+00
8.770882e-02
1.920592e-01
1.304447e+00
9.140653e-02
-8.191521e-01
0.000000e+00
5.735765e-01
3.567948e-01
5.821618e-01
8.342520e-02
3.582010e-01
5.807557e-01
8.563249e-02
3.597943e-01
1.308145e+00
8.770882e-02
-9.995772e-01
0.000000e+00
2.907651e-02
3.527756e-01
1.315164e+00
6.842519e-02
3.527756e-01
5.861811e-01
6.842519e-02
3.528897e-01
1.315050e+00
7.103987e-02
-9.983077e-01
0.000000e+00
5.815303e-02
3.528897e-01
1.315050e+00
7.103987e-02
3.527756e-01
5.861811e-01
6.842519e-02
3.528897e-01
5.860670e-01
7.103987e-02
-9.932393e-01
0.000000e+00
1.160848e-01
3.528897e-01
1.315050e+00
7.103987e-02
3.528897e-01
5.860670e-01
7.103987e-02
3.532314e-01
1.314708e+00
7.363465e-02
-9.894404e-01
0.000000e+00
1.449400e-01
3.532314e-01
1.314708e+00
7.363465e-02
3.528897e-01
5.860670e-01
7.103987e-02
3.532314e-01
5.857254e-01
7.363465e-02
-9.793423e-01
0.000000e+00
2.022095e-01
3.532314e-01
1.314708e+00
7.363465e-02
3.532314e-01
5.857254e-01
7.363465e-02
3.537978e-01
1.314142e+00
7.618977e-02
-9.730430e-01
0.000000e+00
2.306239e-01
3.537978e-01
1.314142e+00
7.618977e-02
3.532314e-01
5.857254e-01
7.363465e-02
3.537978e-01
5.851589e-01
7.618977e-02
-9.579919e-01
0.000000e+00
2.867954e-01
3.537978e-01
1.314142e+00
7.618977e-02
3.537978e-01
5.851589e-01
7.618977e-02
3.545848e-01
1.313354e+00
7.868581e-02
-9.492401e-01
0.000000e+00
3.145525e-01
3.545848e-01
1.313354e+00
7.868581e-02
3.537978e-01
5.851589e-01
7.618977e-02
3.545848e-01
5.843719e-01
7.868581e-02
-9.293506e-01
0.000000e+00
3.691985e-01
3.545848e-01
1.313354e+00
7.868581e-02
3.545848e-01
5.843719e-01
7.868581e-02
3.555864e-01
1.312353e+00
8.110374e-02
-9.182128e-01
0.000000e+00
3.960873e-01
3.555864e-01
1.312353e+00
8.110374e-02
3.545848e-01
5.843719e-01
7.868581e-02
3.555864e-01
5.833703e-01
8.110374e-02
-8.936363e-01
0.000000e+00
4.487918e-01
3.555864e-01
1.312353e+00
8.110374e-02
3.555864e-01
5.833703e-01
8.110374e-02
3.567948e-01
1.311144e+00
8.342520e-02
-8.801975e-01
0.000000e+00
4.746076e-01
3.567948e-01
1.311144e+00
8.342520e-02
3.555864e-01
5.833703e-01
8.110374e-02
3.567948e-01
5.821618e-01
8.342520e-02
-8.511210e-01
0.000000e+00
5.249696e-01
3.567948e-01
1.311144e+00
8.342520e-02
3.567948e-01
5.821618e-01
8.342520e-02
3.582010e-01
1.309738e+00
8.563249e-02
-8.191521e-01
0.000000e+00
5.735765e-01
3.582010e-01
1.309738e+00
8.563249e-02
3.567948e-01
5.821618e-01
8.342520e-02
3.597943e-01
1.308145e+00
8.770882e-02
-7.844105e-01
0.000000e+00
6.202420e-01
3.582010e-01
5.807557e-01
8.563249e-02
3.597943e-01
5.791625e-01
8.770882e-02
3.597943e-01
1.308145e+00
8.770882e-02
-7.274188e-01
0.000000e+00
6.861938e-01
3.597943e-01
1.308145e+00
8.770882e-02
3.597943e-01
5.791625e-01
8.770882e-02
3.634920e-01
5.754647e-01
9.140653e-02
-6.861938e-01
0.000000e+00
7.274188e-01
3.597943e-01
1.308145e+00
8.770882e-02
3.634920e-01
5.754647e-01
9.140653e-02
3.634920e-01
1.304447e+00
9.140653e-02
-5.972114e-01
0.000000e+00
8.020838e-01
3.634920e-01
1.304447e+00
9.140653e-02
3.634920e-01
5.754647e-01
9.140653e-02
3.677756e-01
5.711811e-01
9.440596e-02
-5.494540e-01
0.000000e+00
8.355240e-01
3.634920e-01
1.304447e+00
9.140653e-02
3.677756e-01
5.711811e-01
9.440596e-02
3.677756e-01
1.300164e+00
9.440596e-02
-4.488580e-01
0.000000e+00
8.936031e-01
3.677756e-01
1.300164e+00
9.440596e-02
3.677756e-01
5.711811e-01
9.440596e-02
3.725150e-01
5.664417e-01
9.661597e-02
-3.960194e-01
0.000000e+00
9.182422e-01
3.677756e-01
1.300164e+00
9.440596e-02
3.725150e-01
5.664417e-01
9.661597e-02
3.725150e-01
1.295424e+00
9.661597e-02
-2.868663e-01
0.000000e+00
9.579706e-01
3.725150e-01
1.295424e+00
9.661597e-02
3.725150e-01
5.664417e-01
9.661597e-02
3.775661e-01
5.613905e-01
9.796944e-02
-2.305519e-01
0.000000e+00
9.730600e-01
3.725150e-01
1.295424e+00
9.661597e-02
3.775661e-01
5.613905e-01
9.796944e-02
3.775661e-01
1.290373e+00
9.796944e-02
-1.161583e-01
0.000000e+00
9.932307e-01
3.775661e-01
1.290373e+00
9.796944e-02
3.775661e-01
5.613905e-01
9.796944e-02
3.827756e-01
5.561811e-01
9.842519e-02
-5.807913e-02
0.000000e+00
9.983119e-01
3.775661e-01
1.290373e+00
9.796944e-02
3.827756e-01
5.561811e-01
9.842519e-02
3.827756e-01
1.285164e+00
9.842519e-02
0.000000e+00
6.861938e-01
7.274188e-01
1.957569e-01
1.308145e+00
8.770882e-02
2.428363e-02
1.304447e+00
9.140653e-02
1.920592e-01
1.304447e+00
9.140653e-02
0.000000e+00
5.972114e-01
8.020838e-01
1.920592e-01
1.304447e+00
9.140653e-02
2.428363e-02
1.304447e+00
9.140653e-02
2.000000e-02
1.300164e+00
9.440596e-02
0.000000e+00
5.494540e-01
8.355240e-01
1.920592e-01
1.304447e+00
9.140653e-02
2.000000e-02
1.300164e+00
9.440596e-02
1.877756e-01
1.300164e+00
9.440596e-02
0.000000e+00
4.488580e-01
8.936031e-01
1.877756e-01
1.300164e+00
9.440596e-02
2.000000e-02
1.300164e+00
9.440596e-02
1.526060e-02
1.295424e+00
9.661597e-02
0.000000e+00
3.960194e-01
9.182422e-01
1.877756e-01
1.300164e+00
9.440596e-02
1.526060e-02
1.295424e+00
9.661597e-02
1.830362e-01
1.295424e+00
9.661597e-02
0.000000e+00
2.868663e-01
9.579706e-01
1.830362e-01
1.295424e+00
9.661597e-02
1.526060e-02
1.295424e+00
9.661597e-02
1.020944e-02
1.290373e+00
9.796944e-02
0.000000e+00
2.305519e-01
9.730600e-01
1.830362e-01
1.295424e+00
9.661597e-02
1.020944e-02
1.290373e+00
9.796944e-02
1.779850e-01
1.290373e+00
9.796944e-02
0.000000e+00
1.161583e-01
9.932307e-01
1.779850e-01
1.290373e+00
9.796944e-02
1.020944e-02
1.290373e+00
9.796944e-02
5.000000e-03
1.285164e+00
9.842519e-02
0.000000e+00
5.807913e-02
9.983119e-01
1.779850e-01
1.290373e+00
9.796944e-02
5.000000e-03
1.285164e+00
9.842519e-02
1.727756e-01
1.285164e+00
9.842519e-02
0.000000e+00
8.191521e-01
5.735765e-01
3.098076e-02
1.311144e+00
8.342520e-02
2.957456e-02
1.309738e+00
8.563249e-02
1.957569e-01
1.308145e+00
8.770882e-02
0.000000e+00
7.844105e-01
6.202420e-01
1.957569e-01
1.308145e+00
8.770882e-02
2.957456e-02
1.309738e+00
8.563249e-02
2.798133e-02
1.308145e+00
8.770882e-02
0.000000e+00
7.274188e-01
6.861938e-01
1.957569e-01
1.308145e+00
8.770882e-02
2.798133e-02
1.308145e+00
8.770882e-02
2.428363e-02
1.304447e+00
9.140653e-02
0.000000e+00
9.995772e-01
2.907651e-02
2.027756e-01
1.315164e+00
6.842519e-02
3.500000e-02
1.315164e+00
6.842519e-02
2.026614e-01
1.315050e+00
7.103987e-02
0.000000e+00
9.983077e-01
5.815303e-02
2.026614e-01
1.315050e+00
7.103987e-02
3.500000e-02
1.315164e+00
6.842519e-02
3.488584e-02
1.315050e+00
7.103987e-02
0.000000e+00
9.932393e-01
1.160848e-01
2.026614e-01
1.315050e+00
7.103987e-02
3.488584e-02
1.315050e+00
7.103987e-02
2.023198e-01
1.314708e+00
7.363465e-02
0.000000e+00
9.894404e-01
1.449400e-01
2.023198e-01
1.314708e+00
7.363465e-02
3.488584e-02
1.315050e+00
7.103987e-02
3.454423e-02
1.314708e+00
7.363465e-02
0.000000e+00
9.793423e-01
2.022095e-01
2.023198e-01
1.314708e+00
7.363465e-02
3.454423e-02
1.314708e+00
7.363465e-02
2.017534e-01
1.314142e+00
7.618977e-02
0.000000e+00
9.730430e-01
2.306239e-01
2.017534e-01
1.314142e+00
7.618977e-02
3.454423e-02
1.314708e+00
7.363465e-02
3.397778e-02
1.314142e+00
7.618977e-02
0.000000e+00
9.579919e-01
2.867954e-01
2.017534e-01
1.314142e+00
7.618977e-02
3.397778e-02
1.314142e+00
7.618977e-02
2.009664e-01
1.313354e+00
7.868581e-02
0.000000e+00
9.492401e-01
3.145525e-01
2.009664e-01
1.313354e+00
7.868581e-02
3.397778e-02
1.314142e+00
7.618977e-02
3.319078e-02
1.313354e+00
7.868581e-02
0.000000e+00
9.293506e-01
3.691985e-01
2.009664e-01
1.313354e+00
7.868581e-02
3.319078e-02
1.313354e+00
7.868581e-02
1.999648e-01
1.312353e+00
8.110374e-02
0.000000e+00
9.182128e-01
3.960873e-01
1.999648e-01
1.312353e+00
8.110374e-02
3.319078e-02
1.313354e+00
7.868581e-02
3.218923e-02
1.312353e+00
8.110374e-02
0.000000e+00
8.936363e-01
4.487918e-01
1.999648e-01
1.312353e+00
8.110374e-02
3.218923e-02
1.312353e+00
8.110374e-02
1.987564e-01
1.311144e+00
8.342520e-02
0.000000e+00
8.801975e-01
4.746076e-01
1.987564e-01
1.311144e+00
8.342520e-02
3.218923e-02
1.312353e+00
8.110374e-02
3.098076e-02
1.311144e+00
8.342520e-02
0.000000e+00
8.511210e-01
5.249696e-01
1.987564e-01
1.311144e+00
8.342520e-02
3.098076e-02
1.311144e+00
8.342520e-02
1.973501e-01
1.309738e+00
8.563249e-02
0.000000e+00
8.191521e-01
5.735765e-01
1.973501e-01
1.309738e+00
8.563249e-02
3.098076e-02
1.311144e+00
8.342520e-02
1.957569e-01
1.308145e+00
8.770882e-02
0.000000e+00
9.995772e-01
2.907651e-02
5.555512e-01
1.315164e+00
6.842519e-02
3.527756e-01
1.315164e+00
6.842519e-02
3.528897e-01
1.315050e+00
7.103987e-02
0.000000e+00
9.983077e-01
5.815303e-02
5.555512e-01
1.315164e+00
6.842519e-02
3.528897e-01
1.315050e+00
7.103987e-02
5.556653e-01
1.315050e+00
7.103987e-02
0.000000e+00
9.932393e-01
1.160848e-01
5.556653e-01
1.315050e+00
7.103987e-02
3.528897e-01
1.315050e+00
7.103987e-02
3.532314e-01
1.314708e+00
7.363465e-02
0.000000e+00
9.894404e-01
1.449400e-01
5.556653e-01
1.315050e+00
7.103987e-02
3.532314e-01
1.314708e+00
7.363465e-02
5.560070e-01
1.314708e+00
7.363465e-02
0.000000e+00
9.793423e-01
2.022095e-01
5.560070e-01
1.314708e+00
7.363465e-02
3.532314e-01
1.314708e+00
7.363465e-02
3.537978e-01
1.314142e+00
7.618977e-02
0.000000e+00
9.730430e-01
2.306239e-01
5.560070e-01
1.314708e+00
7.363465e-02
3.537978e-01
1.314142e+00
7.618977e-02
5.565734e-01
1.314142e+00
7.618977e-02
0.000000e+00
9.579919e-01
2.867954e-01
5.565734e-01
1.314142e+00
7.618977e-02
3.537978e-01
1.314142e+00
7.618977e-02
3.545848e-01
1.313354e+00
7.868581e-02
0.000000e+00
9.492401e-01
3.145525e-01
5.565734e-01
1.314142e+00
7.618977e-02
3.545848e-01
1.313354e+00
7.868581e-02
5.573604e-01
1.313354e+00
7.868581e-02
0.000000e+00
9.293506e-01
3.691985e-01
5.573604e-01
1.313354e+00
7.868581e-02
3.545848e-01
1.313354e+00
7.868581e-02
3.555864e-01
1.312353e+00
8.110374e-02
0.000000e+00
9.182128e-01
3.960873e-01
5.573604e-01
1.313354e+00
7.868581e-02
3.555864e-01
1.312353e+00
8.110374e-02
5.583619e-01
1.312353e+00
8.110374e-02
0.000000e+00
8.936363e-01
4.487918e-01
5.583619e-01
1.312353e+00
8.110374e-02
3.555864e-01
1.312353e+00
8.110374e-02
3.567948e-01
1.311144e+00
8.342520e-02
0.000000e+00
8.801975e-01
4.746076e-01
5.583619e-01
1.312353e+00
8.110374e-02
3.567948e-01
1.311144e+00
8.342520e-02
5.595704e-01
1.311144e+00
8.342520e-02
0.000000e+00
8.511210e-01
5.249696e-01
5.595704e-01
1.311144e+00
8.342520e-02
3.567948e-01
1.311144e+00
8.342520e-02
3.582010e-01
1.309738e+00
8.563249e-02
0.000000e+00
8.354833e-01
5.495159e-01
5.595704e-01
1.311144e+00
8.342520e-02
3.582010e-01
1.309738e+00
8.563249e-02
5.609766e-01
1.309738e+00
8.563249e-02
0.000000e+00
8.021281e-01
5.971520e-01
5.609766e-01
1.309738e+00
8.563249e-02
3.582010e-01
1.309738e+00
8.563249e-02
3.597943e-01
1.308145e+00
8.770882e-02
0.000000e+00
7.844105e-01
6.202420e-01
5.609766e-01
1.309738e+00
8.563249e-02
3.597943e-01
1.308145e+00
8.770882e-02
5.625699e-01
1.308145e+00
8.770882e-02
0.000000e+00
7.274188e-01
6.861938e-01
5.625699e-01
1.308145e+00
8.770882e-02
3.597943e-01
1.308145e+00
8.770882e-02
3.634920e-01
1.304447e+00
9.140653e-02
0.000000e+00
6.861938e-01
7.274188e-01
5.625699e-01
1.308145e+00
8.770882e-02
3.634920e-01
1.304447e+00
9.140653e-02
5.662675e-01
1.304447e+00
9.140653e-02
0.000000e+00
5.972114e-01
8.020838e-01
5.662675e-01
1.304447e+00
9.140653e-02
3.634920e-01
1.304447e+00
9.140653e-02
3.677756e-01
1.300164e+00
9.440596e-02
0.000000e+00
5.494540e-01
8.355240e-01
5.662675e-01
1.304447e+00
9.140653e-02
3.677756e-01
1.300164e+00
9.440596e-02
5.705512e-01
1.300164e+00
9.440596e-02
0.000000e+00
4.488580e-01
8.936031e-01
5.705512e-01
1.300164e+00
9.440596e-02
3.677756e-01
1.300164e+00
9.440596e-02
3.725150e-01
1.295424e+00
9.661597e-02
0.000000e+00
3.960194e-01
9.182422e-01
5.705512e-01
1.300164e+00
9.440596e-02
3.725150e-01
1.295424e+00
9.661597e-02
5.752906e-01
1.295424e+00
9.661597e-02
0.000000e+00
2.868663e-01
9.579706e-01
5.752906e-01
1.295424e+00
9.661597e-02
3.725150e-01
1.295424e+00
9.661597e-02
3.775661e-01
1.290373e+00
9.796944e-02
0.000000e+00
2.305519e-01
9.730600e-01
5.752906e-01
1.295424e+00
9.661597e-02
3.775661e-01
1.290373e+00
9.796944e-02
5.803418e-01
1.290373e+00
9.796944e-02
0.000000e+00
1.161583e-01
9.932307e-01
5.803418e-01
1.290373e+00
9.796944e-02
3.775661e-01
1.290373e+00
9.796944e-02
3.827756e-01
1.285164e+00
9.842519e-02
0.000000e+00
5.807913e-02
9.983119e-01
5.803418e-01
1.290373e+00
9.796944e-02
3.827756e-01
1.285164e+00
9.842519e-02
5.855512e-01
1.285164e+00
9.842519e-02
8.936363e-01
0.000000e+00
4.487919e-01
3.218923e-02
1.467974e+00
8.110374e-02
3.098076e-02
1.469183e+00
8.342520e-02
3.218923e-02
1.312353e+00
8.110374e-02
5.807913e-02
0.000000e+00
9.983119e-01
5.000000e-03
1.495164e+00
9.842519e-02
5.000000e-03
1.285164e+00
9.842519e-02
1.020944e-02
1.290373e+00
9.796944e-02
1.161583e-01
0.000000e+00
9.932307e-01
5.000000e-03
1.495164e+00
9.842519e-02
1.020944e-02
1.290373e+00
9.796944e-02
1.020944e-02
1.489954e+00
9.796944e-02
2.305519e-01
0.000000e+00
9.730600e-01
1.020944e-02
1.489954e+00
9.796944e-02
1.020944e-02
1.290373e+00
9.796944e-02
1.526060e-02
1.295424e+00
9.661597e-02
2.868663e-01
0.000000e+00
9.579706e-01
1.020944e-02
1.489954e+00
9.796944e-02
1.526060e-02
1.295424e+00
9.661597e-02
1.526060e-02
1.484903e+00
9.661597e-02
3.960194e-01
0.000000e+00
9.182422e-01
1.526060e-02
1.484903e+00
9.661597e-02
1.526060e-02
1.295424e+00
9.661597e-02
2.000000e-02
1.300164e+00
9.440596e-02
4.488580e-01
0.000000e+00
8.936031e-01
1.526060e-02
1.484903e+00
9.661597e-02
2.000000e-02
1.300164e+00
9.440596e-02
2.000000e-02
1.480164e+00
9.440596e-02
5.494540e-01
0.000000e+00
8.355240e-01
2.000000e-02
1.480164e+00
9.440596e-02
2.000000e-02
1.300164e+00
9.440596e-02
2.428363e-02
1.304447e+00
9.140653e-02
5.972114e-01
0.000000e+00
8.020838e-01
2.000000e-02
1.480164e+00
9.440596e-02
2.428363e-02
1.304447e+00
9.140653e-02
2.428363e-02
1.475880e+00
9.140653e-02
6.861938e-01
0.000000e+00
7.274188e-01
2.428363e-02
1.475880e+00
9.140653e-02
2.428363e-02
1.304447e+00
9.140653e-02
2.798133e-02
1.308145e+00
8.770882e-02
7.274188e-01
0.000000e+00
6.861938e-01
2.428363e-02
1.475880e+00
9.140653e-02
2.798133e-02
1.308145e+00
8.770882e-02
2.798133e-02
1.472182e+00
8.770882e-02
7.844105e-01
0.000000e+00
6.202419e-01
2.798133e-02
1.472182e+00
8.770882e-02
2.798133e-02
1.308145e+00
8.770882e-02
2.957456e-02
1.470589e+00
8.563249e-02
8.021281e-01
0.000000e+00
5.971520e-01
2.957456e-02
1.470589e+00
8.563249e-02
2.798133e-02
1.308145e+00
8.770882e-02
2.957456e-02
1.309738e+00
8.563249e-02
8.354833e-01
0.000000e+00
5.495159e-01
2.957456e-02
1.470589e+00
8.563249e-02
2.957456e-02
1.309738e+00
8.563249e-02
3.098076e-02
1.469183e+00
8.342520e-02
8.511210e-01
0.000000e+00
5.249696e-01
3.098076e-02
1.469183e+00
8.342520e-02
2.957456e-02
1.309738e+00
8.563249e-02
3.098076e-02
1.311144e+00
8.342520e-02
8.801975e-01
0.000000e+00
4.746076e-01
3.098076e-02
1.469183e+00
8.342520e-02
3.098076e-02
1.311144e+00
8.342520e-02
3.218923e-02
1.312353e+00
8.110374e-02
9.182128e-01
0.000000e+00
3.960873e-01
3.218923e-02
1.467974e+00
8.110374e-02
3.218923e-02
1.312353e+00
8.110374e-02
3.319078e-02
1.466973e+00
7.868581e-02
9.293506e-01
0.000000e+00
3.691985e-01
3.319078e-02
1.466973e+00
7.868581e-02
3.218923e-02
1.312353e+00
8.110374e-02
3.319078e-02
1.313354e+00
7.868581e-02
9.492401e-01
0.000000e+00
3.145525e-01
3.319078e-02
1.466973e+00
7.868581e-02
3.319078e-02
1.313354e+00
7.868581e-02
3.397778e-02
1.466186e+00
7.618977e-02
9.579919e-01
0.000000e+00
2.867954e-01
3.397778e-02
1.466186e+00
7.618977e-02
3.319078e-02
1.313354e+00
7.868581e-02
3.397778e-02
1.314142e+00
7.618977e-02
9.730430e-01
0.000000e+00
2.306239e-01
3.397778e-02
1.466186e+00
7.618977e-02
3.397778e-02
1.314142e+00
7.618977e-02
3.454423e-02
1.465619e+00
7.363465e-02
9.995772e-01
0.000000e+00
2.907651e-02
3.488584e-02
1.315050e+00
7.103987e-02
3.500000e-02
1.315164e+00
6.842519e-02
3.500000e-02
1.465164e+00
6.842519e-02
9.793423e-01
0.000000e+00
2.022095e-01
3.397778e-02
1.314142e+00
7.618977e-02
3.454423e-02
1.314708e+00
7.363465e-02
3.454423e-02
1.465619e+00
7.363465e-02
9.894404e-01
0.000000e+00
1.449400e-01
3.454423e-02
1.465619e+00
7.363465e-02
3.454423e-02
1.314708e+00
7.363465e-02
3.488584e-02
1.315050e+00
7.103987e-02
9.932393e-01
0.000000e+00
1.160848e-01
3.454423e-02
1.465619e+00
7.363465e-02
3.488584e-02
1.315050e+00
7.103987e-02
3.488584e-02
1.465278e+00
7.103987e-02
9.983077e-01
0.000000e+00
5.815303e-02
3.488584e-02
1.465278e+00
7.103987e-02
3.488584e-02
1.315050e+00
7.103987e-02
3.500000e-02
1.465164e+00
6.842519e-02
-9.894404e-01
0.000000e+00
1.449400e-01
5.560070e-01
1.314708e+00
7.363465e-02
5.560070e-01
1.465619e+00
7.363465e-02
5.556653e-01
1.465278e+00
7.103987e-02
-9.995772e-01
0.000000e+00
2.907651e-02
5.555512e-01
1.465164e+00
6.842519e-02
5.555512e-01
1.315164e+00
6.842519e-02
5.556653e-01
1.465278e+00
7.103987e-02
-9.983077e-01
0.000000e+00
5.815303e-02
5.556653e-01
1.465278e+00
7.103987e-02
5.555512e-01
1.315164e+00
6.842519e-02
5.556653e-01
1.315050e+00
7.103987e-02
-9.932393e-01
0.000000e+00
1.160848e-01
5.556653e-01
1.465278e+00
7.103987e-02
5.556653e-01
1.315050e+00
7.103987e-02
5.560070e-01
1.314708e+00
7.363465e-02
-9.492401e-01
0.000000e+00
3.145525e-01
5.573604e-01
1.313354e+00
7.868581e-02
5.573604e-01
1.466973e+00
7.868581e-02
5.565734e-01
1.466186e+00
7.618977e-02
-9.793423e-01
0.000000e+00
2.022095e-01
5.560070e-01
1.465619e+00
7.363465e-02
5.560070e-01
1.314708e+00
7.363465e-02
5.565734e-01
1.466186e+00
7.618977e-02
-9.730430e-01
0.000000e+00
2.306239e-01
5.565734e-01
1.466186e+00
7.618977e-02
5.560070e-01
1.314708e+00
7.363465e-02
5.565734e-01
1.314142e+00
7.618977e-02
-9.579919e-01
0.000000e+00
2.867954e-01
5.565734e-01
1.466186e+00
7.618977e-02
5.565734e-01
1.314142e+00
7.618977e-02
5.573604e-01
1.313354e+00
7.868581e-02
-9.293506e-01
0.000000e+00
3.691985e-01
5.573604e-01
1.466973e+00
7.868581e-02
5.573604e-01
1.313354e+00
7.868581e-02
5.583619e-01
1.467974e+00
8.110374e-02
-9.182128e-01
0.000000e+00
3.960873e-01
5.583619e-01
1.467974e+00
8.110374e-02
5.573604e-01
1.313354e+00
7.868581e-02
5.583619e-01
1.312353e+00
8.110374e-02
-8.936363e-01
0.000000e+00
4.487918e-01
5.583619e-01
1.467974e+00
8.110374e-02
5.583619e-01
1.312353e+00
8.110374e-02
5.595704e-01
1.469183e+00
8.342520e-02
-8.801975e-01
0.000000e+00
4.746076e-01
5.595704e-01
1.469183e+00
8.342520e-02
5.583619e-01
1.312353e+00
8.110374e-02
5.595704e-01
1.311144e+00
8.342520e-02
-8.511210e-01
0.000000e+00
5.249696e-01
5.595704e-01
1.469183e+00
8.342520e-02
5.595704e-01
1.311144e+00
8.342520e-02
5.609766e-01
1.470589e+00
8.563249e-02
-8.354833e-01
0.000000e+00
5.495159e-01
5.609766e-01
1.470589e+00
8.563249e-02
5.595704e-01
1.311144e+00
8.342520e-02
5.609766e-01
1.309738e+00
8.563249e-02
-8.021281e-01
0.000000e+00
5.971520e-01
5.609766e-01
1.470589e+00
8.563249e-02
5.609766e-01
1.309738e+00
8.563249e-02
5.625699e-01
1.472182e+00
8.770882e-02
-7.844105e-01
0.000000e+00
6.202420e-01
5.609766e-01
1.309738e+00
8.563249e-02
5.625699e-01
1.308145e+00
8.770882e-02
5.625699e-01
1.472182e+00
8.770882e-02
-7.274188e-01
0.000000e+00
6.861938e-01
5.625699e-01
1.472182e+00
8.770882e-02
5.625699e-01
1.308145e+00
8.770882e-02
5.662675e-01
1.304447e+00
9.140653e-02
-6.861938e-01
0.000000e+00
7.274188e-01
5.625699e-01
1.472182e+00
8.770882e-02
5.662675e-01
1.304447e+00
9.140653e-02
5.662675e-01
1.475880e+00
9.140653e-02
-5.972114e-01
0.000000e+00
8.020838e-01
5.662675e-01
1.475880e+00
9.140653e-02
5.662675e-01
1.304447e+00
9.140653e-02
5.705512e-01
1.300164e+00
9.440596e-02
-5.494540e-01
0.000000e+00
8.355240e-01
5.662675e-01
1.475880e+00
9.140653e-02
5.705512e-01
1.300164e+00
9.440596e-02
5.705512e-01
1.480164e+00
9.440596e-02
-4.488580e-01
0.000000e+00
8.936031e-01
5.705512e-01
1.480164e+00
9.440596e-02
5.705512e-01
1.300164e+00
9.440596e-02
5.752906e-01
1.295424e+00
9.661597e-02
-3.960194e-01
0.000000e+00
9.182422e-01
5.705512e-01
1.480164e+00
9.440596e-02
5.752906e-01
1.295424e+00
9.661597e-02
5.752906e-01
1.484903e+00
9.661597e-02
-2.868663e-01
0.000000e+00
9.579706e-01
5.752906e-01
1.484903e+00
9.661597e-02
5.752906e-01
1.295424e+00
9.661597e-02
5.803418e-01
1.290373e+00
9.796944e-02
-2.305519e-01
0.000000e+00
9.730600e-01
5.752906e-01
1.484903e+00
9.661597e-02
5.803418e-01
1.290373e+00
9.796944e-02
5.803418e-01
1.489954e+00
9.796944e-02
-1.161583e-01
0.000000e+00
9.932307e-01
5.803418e-01
1.489954e+00
9.796944e-02
5.803418e-01
1.290373e+00
9.796944e-02
5.855512e-01
1.285164e+00
9.842519e-02
-5.807913e-02
0.000000e+00
9.983119e-01
5.803418e-01
1.489954e+00
9.796944e-02
5.855512e-01
1.285164e+00
9.842519e-02
5.855512e-01
1.495164e+00
9.842519e-02
0.000000e+00
-5.807913e-02
9.983119e-01
1.727756e-01
1.495164e+00
9.842519e-02
5.000000e-03
1.495164e+00
9.842519e-02
1.020944e-02
1.489954e+00
9.796944e-02
0.000000e+00
-1.161583e-01
9.932307e-01
1.727756e-01
1.495164e+00
9.842519e-02
1.020944e-02
1.489954e+00
9.796944e-02
1.779850e-01
1.489954e+00
9.796944e-02
0.000000e+00
-2.305519e-01
9.730600e-01
1.779850e-01
1.489954e+00
9.796944e-02
1.020944e-02
1.489954e+00
9.796944e-02
1.526060e-02
1.484903e+00
9.661597e-02
0.000000e+00
-2.868663e-01
9.579706e-01
1.779850e-01
1.489954e+00
9.796944e-02
1.526060e-02
1.484903e+00
9.661597e-02
1.830362e-01
1.484903e+00
9.661597e-02
0.000000e+00
-3.960194e-01
9.182422e-01
1.830362e-01
1.484903e+00
9.661597e-02
1.526060e-02
1.484903e+00
9.661597e-02
2.000000e-02
1.480164e+00
9.440596e-02
0.000000e+00
-4.488580e-01
8.936031e-01
1.830362e-01
1.484903e+00
9.661597e-02
2.000000e-02
1.480164e+00
9.440596e-02
1.877756e-01
1.480164e+00
9.440596e-02
0.000000e+00
-5.494540e-01
8.355240e-01
1.877756e-01
1.480164e+00
9.440596e-02
2.000000e-02
1.480164e+00
9.440596e-02
2.428363e-02
1.475880e+00
9.140653e-02
0.000000e+00
-5.972114e-01
8.020838e-01
1.877756e-01
1.480164e+00
9.440596e-02
2.428363e-02
1.475880e+00
9.140653e-02
1.920592e-01
1.475880e+00
9.140653e-02
0.000000e+00
-6.861938e-01
7.274188e-01
1.920592e-01
1.475880e+00
9.140653e-02
2.428363e-02
1.475880e+00
9.140653e-02
2.798133e-02
1.472182e+00
8.770882e-02
0.000000e+00
-7.274188e-01
6.861938e-01
1.920592e-01
1.475880e+00
9.140653e-02
2.798133e-02
1.472182e+00
8.770882e-02
1.957569e-01
1.472182e+00
8.770882e-02
0.000000e+00
-7.844105e-01
6.202419e-01
1.957569e-01
1.472182e+00
8.770882e-02
2.798133e-02
1.472182e+00
8.770882e-02
2.957456e-02
1.470589e+00
8.563249e-02
0.000000e+00
-8.021281e-01
5.971520e-01
1.957569e-01
1.472182e+00
8.770882e-02
2.957456e-02
1.470589e+00
8.563249e-02
1.973501e-01
1.470589e+00
8.563249e-02
0.000000e+00
-8.354833e-01
5.495159e-01
1.973501e-01
1.470589e+00
8.563249e-02
2.957456e-02
1.470589e+00
8.563249e-02
3.098076e-02
1.469183e+00
8.342520e-02
0.000000e+00
-8.511210e-01
5.249696e-01
1.973501e-01
1.470589e+00
8.563249e-02
3.098076e-02
1.469183e+00
8.342520e-02
1.987564e-01
1.469183e+00
8.342520e-02
0.000000e+00
-8.801975e-01
4.746076e-01
1.987564e-01
1.469183e+00
8.342520e-02
3.098076e-02
1.469183e+00
8.342520e-02
3.218923e-02
1.467974e+00
8.110374e-02
0.000000e+00
-8.936363e-01
4.487919e-01
1.987564e-01
1.469183e+00
8.342520e-02
3.218923e-02
1.467974e+00
8.110374e-02
1.999648e-01
1.467974e+00
8.110374e-02
0.000000e+00
-9.182128e-01
3.960873e-01
1.999648e-01
1.467974e+00
8.110374e-02
3.218923e-02
1.467974e+00
8.110374e-02
3.319078e-02
1.466973e+00
7.868581e-02
0.000000e+00
-9.293506e-01
3.691985e-01
1.999648e-01
1.467974e+00
8.110374e-02
3.319078e-02
1.466973e+00
7.868581e-02
2.009664e-01
1.466973e+00
7.868581e-02
0.000000e+00
-9.492401e-01
3.145525e-01
2.009664e-01
1.466973e+00
7.868581e-02
3.319078e-02
1.466973e+00
7.868581e-02
3.397778e-02
1.466186e+00
7.618977e-02
0.000000e+00
-9.579919e-01
2.867954e-01
2.009664e-01
1.466973e+00
7.868581e-02
3.397778e-02
1.466186e+00
7.618977e-02
2.017534e-01
1.466186e+00
7.618977e-02
0.000000e+00
-9.730430e-01
2.306239e-01
2.017534e-01
1.466186e+00
7.618977e-02
3.397778e-02
1.466186e+00
7.618977e-02
3.454423e-02
1.465619e+00
7.363465e-02
0.000000e+00
-9.793423e-01
2.022095e-01
2.017534e-01
1.466186e+00
7.618977e-02
3.454423e-02
1.465619e+00
7.363465e-02
2.023198e-01
1.465619e+00
7.363465e-02
0.000000e+00
-9.894404e-01
1.449400e-01
2.023198e-01
1.465619e+00
7.363465e-02
3.454423e-02
1.465619e+00
7.363465e-02
3.488584e-02
1.465278e+00
7.103987e-02
0.000000e+00
-9.932393e-01
1.160848e-01
2.023198e-01
1.465619e+00
7.363465e-02
3.488584e-02
1.465278e+00
7.103987e-02
2.026614e-01
1.465278e+00
7.103987e-02
0.000000e+00
-9.983077e-01
5.815303e-02
2.026614e-01
1.465278e+00
7.103987e-02
3.488584e-02
1.465278e+00
7.103987e-02
3.500000e-02
1.465164e+00
6.842519e-02
0.000000e+00
-9.995772e-01
2.907651e-02
2.026614e-01
1.465278e+00
7.103987e-02
3.500000e-02
1.465164e+00
6.842519e-02
2.027756e-01
1.465164e+00
6.842519e-02
0.000000e+00
-8.191521e-01
5.735765e-01
5.595704e-01
1.469183e+00
8.342520e-02
5.609766e-01
1.470589e+00
8.563249e-02
3.597943e-01
1.472182e+00
8.770882e-02
0.000000e+00
-9.995772e-01
2.907651e-02
3.527756e-01
1.465164e+00
6.842519e-02
5.555512e-01
1.465164e+00
6.842519e-02
3.528897e-01
1.465278e+00
7.103987e-02
0.000000e+00
-9.983077e-01
5.815303e-02
3.528897e-01
1.465278e+00
7.103987e-02
5.555512e-01
1.465164e+00
6.842519e-02
5.556653e-01
1.465278e+00
7.103987e-02
0.000000e+00
-9.932393e-01
1.160848e-01
3.528897e-01
1.465278e+00
7.103987e-02
5.556653e-01
1.465278e+00
7.103987e-02
3.532314e-01
1.465619e+00
7.363465e-02
0.000000e+00
-9.894404e-01
1.449400e-01
3.532314e-01
1.465619e+00
7.363465e-02
5.556653e-01
1.465278e+00
7.103987e-02
5.560070e-01
1.465619e+00
7.363465e-02
0.000000e+00
-9.793423e-01
2.022095e-01
3.532314e-01
1.465619e+00
7.363465e-02
5.560070e-01
1.465619e+00
7.363465e-02
3.537978e-01
1.466186e+00
7.618977e-02
0.000000e+00
-9.730430e-01
2.306239e-01
3.537978e-01
1.466186e+00
7.618977e-02
5.560070e-01
1.465619e+00
7.363465e-02
5.565734e-01
1.466186e+00
7.618977e-02
0.000000e+00
-9.579919e-01
2.867954e-01
3.537978e-01
1.466186e+00
7.618977e-02
5.565734e-01
1.466186e+00
7.618977e-02
3.545848e-01
1.466973e+00
7.868581e-02
0.000000e+00
-9.492401e-01
3.145525e-01
3.545848e-01
1.466973e+00
7.868581e-02
5.565734e-01
1.466186e+00
7.618977e-02
5.573604e-01
1.466973e+00
7.868581e-02
0.000000e+00
-9.293506e-01
3.691985e-01
3.545848e-01
1.466973e+00
7.868581e-02
5.573604e-01
1.466973e+00
7.868581e-02
3.555864e-01
1.467974e+00
8.110374e-02
0.000000e+00
-9.182128e-01
3.960873e-01
3.555864e-01
1.467974e+00
8.110374e-02
5.573604e-01
1.466973e+00
7.868581e-02
5.583619e-01
1.467974e+00
8.110374e-02
0.000000e+00
-8.936363e-01
4.487918e-01
3.555864e-01
1.467974e+00
8.110374e-02
5.583619e-01
1.467974e+00
8.110374e-02
3.567948e-01
1.469183e+00
8.342520e-02
0.000000e+00
-8.801975e-01
4.746076e-01
3.567948e-01
1.469183e+00
8.342520e-02
5.583619e-01
1.467974e+00
8.110374e-02
5.595704e-01
1.469183e+00
8.342520e-02
0.000000e+00
-8.511210e-01
5.249696e-01
3.567948e-01
1.469183e+00
8.342520e-02
5.595704e-01
1.469183e+00
8.342520e-02
3.582010e-01
1.470589e+00
8.563249e-02
0.000000e+00
-8.191521e-01
5.735765e-01
3.582010e-01
1.470589e+00
8.563249e-02
5.595704e-01
1.469183e+00
8.342520e-02
3.597943e-01
1.472182e+00
8.770882e-02
0.000000e+00
-7.844105e-01
6.202420e-01
5.609766e-01
1.470589e+00
8.563249e-02
5.625699e-01
1.472182e+00
8.770882e-02
3.597943e-01
1.472182e+00
8.770882e-02
0.000000e+00
-7.274188e-01
6.861938e-01
3.597943e-01
1.472182e+00
8.770882e-02
5.625699e-01
1.472182e+00
8.770882e-02
5.662675e-01
1.475880e+00
9.140653e-02
0.000000e+00
-6.861938e-01
7.274188e-01
3.597943e-01
1.472182e+00
8.770882e-02
5.662675e-01
1.475880e+00
9.140653e-02
3.634920e-01
1.475880e+00
9.140653e-02
0.000000e+00
-5.972114e-01
8.020838e-01
3.634920e-01
1.475880e+00
9.140653e-02
5.662675e-01
1.475880e+00
9.140653e-02
5.705512e-01
1.480164e+00
9.440596e-02
0.000000e+00
-5.494540e-01
8.355240e-01
3.634920e-01
1.475880e+00
9.140653e-02
5.705512e-01
1.480164e+00
9.440596e-02
3.677756e-01
1.480164e+00
9.440596e-02
0.000000e+00
-4.488580e-01
8.936031e-01
3.677756e-01
1.480164e+00
9.440596e-02
5.705512e-01
1.480164e+00
9.440596e-02
5.752906e-01
1.484903e+00
9.661597e-02
0.000000e+00
-3.960194e-01
9.182422e-01
3.677756e-01
1.480164e+00
9.440596e-02
5.752906e-01
1.484903e+00
9.661597e-02
3.725150e-01
1.484903e+00
9.661597e-02
0.000000e+00
-2.868663e-01
9.579706e-01
3.725150e-01
1.484903e+00
9.661597e-02
5.752906e-01
1.484903e+00
9.661597e-02
5.803418e-01
1.489954e+00
9.796944e-02
0.000000e+00
-2.305519e-01
9.730600e-01
3.725150e-01
1.484903e+00
9.661597e-02
5.803418e-01
1.489954e+00
9.796944e-02
3.775661e-01
1.489954e+00
9.796944e-02
0.000000e+00
-1.161583e-01
9.932307e-01
3.775661e-01
1.489954e+00
9.796944e-02
5.803418e-01
1.489954e+00
9.796944e-02
5.855512e-01
1.495164e+00
9.842519e-02
0.000000e+00
-5.807913e-02
9.983119e-01
3.775661e-01
1.489954e+00
9.796944e-02
5.855512e-01
1.495164e+00
9.842519e-02
3.827756e-01
1.495164e+00
9.842519e-02
6.861938e-01
0.000000e+00
7.274188e-01
1.957569e-01
1.472182e+00
8.770882e-02
1.920592e-01
1.635414e+00
9.140653e-02
1.920592e-01
1.475880e+00
9.140653e-02
5.972114e-01
0.000000e+00
8.020838e-01
1.920592e-01
1.475880e+00
9.140653e-02
1.920592e-01
1.635414e+00
9.140653e-02
1.877756e-01
1.639698e+00
9.440596e-02
5.494540e-01
0.000000e+00
8.355240e-01
1.920592e-01
1.475880e+00
9.140653e-02
1.877756e-01
1.639698e+00
9.440596e-02
1.877756e-01
1.480164e+00
9.440596e-02
4.488580e-01
0.000000e+00
8.936031e-01
1.877756e-01
1.480164e+00
9.440596e-02
1.877756e-01
1.639698e+00
9.440596e-02
1.830362e-01
1.644437e+00
9.661597e-02
3.960194e-01
0.000000e+00
9.182422e-01
1.877756e-01
1.480164e+00
9.440596e-02
1.830362e-01
1.644437e+00
9.661597e-02
1.830362e-01
1.484903e+00
9.661597e-02
2.868663e-01
0.000000e+00
9.579706e-01
1.830362e-01
1.484903e+00
9.661597e-02
1.830362e-01
1.644437e+00
9.661597e-02
1.779850e-01
1.649488e+00
9.796944e-02
2.305519e-01
0.000000e+00
9.730600e-01
1.830362e-01
1.484903e+00
9.661597e-02
1.779850e-01
1.649488e+00
9.796944e-02
1.779850e-01
1.489954e+00
9.796944e-02
1.161583e-01
0.000000e+00
9.932307e-01
1.779850e-01
1.489954e+00
9.796944e-02
1.779850e-01
1.649488e+00
9.796944e-02
1.727756e-01
1.654698e+00
9.842519e-02
5.807913e-02
0.000000e+00
9.983119e-01
1.779850e-01
1.489954e+00
9.796944e-02
1.727756e-01
1.654698e+00
9.842519e-02
1.727756e-01
1.495164e+00
9.842519e-02
8.191521e-01
0.000000e+00
5.735765e-01
1.987564e-01
1.628717e+00
8.342520e-02
1.973501e-01
1.630123e+00
8.563249e-02
1.957569e-01
1.472182e+00
8.770882e-02
7.844105e-01
0.000000e+00
6.202420e-01
1.957569e-01
1.472182e+00
8.770882e-02
1.973501e-01
1.630123e+00
8.563249e-02
1.957569e-01
1.631716e+00
8.770882e-02
7.274188e-01
0.000000e+00
6.861938e-01
1.957569e-01
1.472182e+00
8.770882e-02
1.957569e-01
1.631716e+00
8.770882e-02
1.920592e-01
1.635414e+00
9.140653e-02
9.995772e-01
0.000000e+00
2.907651e-02
2.027756e-01
1.465164e+00
6.842519e-02
2.027756e-01
1.624698e+00
6.842519e-02
2.026614e-01
1.465278e+00
7.103987e-02
9.983077e-01
0.000000e+00
5.815303e-02
2.026614e-01
1.465278e+00
7.103987e-02
2.027756e-01
1.624698e+00
6.842519e-02
2.026614e-01
1.624812e+00
7.103987e-02
9.932393e-01
0.000000e+00
1.160848e-01
2.026614e-01
1.465278e+00
7.103987e-02
2.026614e-01
1.624812e+00
7.103987e-02
2.023198e-01
1.465619e+00
7.363465e-02
9.894404e-01
0.000000e+00
1.449400e-01
2.023198e-01
1.465619e+00
7.363465e-02
2.026614e-01
1.624812e+00
7.103987e-02
2.023198e-01
1.625154e+00
7.363465e-02
9.793423e-01
0.000000e+00
2.022095e-01
2.023198e-01
1.465619e+00
7.363465e-02
2.023198e-01
1.625154e+00
7.363465e-02
2.017534e-01
1.466186e+00
7.618977e-02
9.730430e-01
0.000000e+00
2.306239e-01
2.017534e-01
1.466186e+00
7.618977e-02
2.023198e-01
1.625154e+00
7.363465e-02
2.017534e-01
1.625720e+00
7.618977e-02
9.579919e-01
0.000000e+00
2.867954e-01
2.017534e-01
1.466186e+00
7.618977e-02
2.017534e-01
1.625720e+00
7.618977e-02
2.009664e-01
1.466973e+00
7.868581e-02
9.492401e-01
0.000000e+00
3.145525e-01
2.009664e-01
1.466973e+00
7.868581e-02
2.017534e-01
1.625720e+00
7.618977e-02
2.009664e-01
1.626507e+00
7.868581e-02
9.293506e-01
0.000000e+00
3.691985e-01
2.009664e-01
1.466973e+00
7.868581e-02
2.009664e-01
1.626507e+00
7.868581e-02
1.999648e-01
1.467974e+00
8.110374e-02
9.182128e-01
0.000000e+00
3.960873e-01
1.999648e-01
1.467974e+00
8.110374e-02
2.009664e-01
1.626507e+00
7.868581e-02
1.999648e-01
1.627509e+00
8.110374e-02
8.936363e-01
0.000000e+00
4.487918e-01
1.999648e-01
1.467974e+00
8.110374e-02
1.999648e-01
1.627509e+00
8.110374e-02
1.987564e-01
1.469183e+00
8.342520e-02
8.801975e-01
0.000000e+00
4.746076e-01
1.987564e-01
1.469183e+00
8.342520e-02
1.999648e-01
1.627509e+00
8.110374e-02
1.987564e-01
1.628717e+00
8.342520e-02
8.511210e-01
0.000000e+00
5.249696e-01
1.987564e-01
1.469183e+00
8.342520e-02
1.987564e-01
1.628717e+00
8.342520e-02
1.973501e-01
1.470589e+00
8.563249e-02
8.191521e-01
0.000000e+00
5.735765e-01
1.973501e-01
1.470589e+00
8.563249e-02
1.987564e-01
1.628717e+00
8.342520e-02
1.957569e-01
1.472182e+00
8.770882e-02
-9.995772e-01
0.000000e+00
2.907651e-02
3.527756e-01
1.624698e+00
6.842519e-02
3.527756e-01
1.465164e+00
6.842519e-02
3.528897e-01
1.465278e+00
7.103987e-02
-9.983077e-01
0.000000e+00
5.815303e-02
3.527756e-01
1.624698e+00
6.842519e-02
3.528897e-01
1.465278e+00
7.103987e-02
3.528897e-01
1.624812e+00
7.103987e-02
-9.932393e-01
0.000000e+00
1.160848e-01
3.528897e-01
1.624812e+00
7.103987e-02
3.528897e-01
1.465278e+00
7.103987e-02
3.532314e-01
1.465619e+00
7.363465e-02
-9.894404e-01
0.000000e+00
1.449400e-01
3.528897e-01
1.624812e+00
7.103987e-02
3.532314e-01
1.465619e+00
7.363465e-02
3.532314e-01
1.625154e+00
7.363465e-02
-9.793423e-01
0.000000e+00
2.022095e-01
3.532314e-01
1.625154e+00
7.363465e-02
3.532314e-01
1.465619e+00
7.363465e-02
3.537978e-01
1.466186e+00
7.618977e-02
-9.730430e-01
0.000000e+00
2.306239e-01
3.532314e-01
1.625154e+00
7.363465e-02
3.537978e-01
1.466186e+00
7.618977e-02
3.537978e-01
1.625720e+00
7.618977e-02
-9.579919e-01
0.000000e+00
2.867954e-01
3.537978e-01
1.625720e+00
7.618977e-02
3.537978e-01
1.466186e+00
7.618977e-02
3.545848e-01
1.466973e+00
7.868581e-02
-9.492401e-01
0.000000e+00
3.145525e-01
3.537978e-01
1.625720e+00
7.618977e-02
3.545848e-01
1.466973e+00
7.868581e-02
3.545848e-01
1.626507e+00
7.868581e-02
-9.293506e-01
0.000000e+00
3.691985e-01
3.545848e-01
1.626507e+00
7.868581e-02
3.545848e-01
1.466973e+00
7.868581e-02
3.555864e-01
1.467974e+00
8.110374e-02
-9.182128e-01
0.000000e+00
3.960873e-01
3.545848e-01
1.626507e+00
7.868581e-02
3.555864e-01
1.467974e+00
8.110374e-02
3.555864e-01
1.627509e+00
8.110374e-02
-8.936363e-01
0.000000e+00
4.487918e-01
3.555864e-01
1.627509e+00
8.110374e-02
3.555864e-01
1.467974e+00
8.110374e-02
3.567948e-01
1.469183e+00
8.342520e-02
-8.801975e-01
0.000000e+00
4.746076e-01
3.555864e-01
1.627509e+00
8.110374e-02
3.567948e-01
1.469183e+00
8.342520e-02
3.567948e-01
1.628717e+00
8.342520e-02
-8.511210e-01
0.000000e+00
5.249696e-01
3.567948e-01
1.628717e+00
8.342520e-02
3.567948e-01
1.469183e+00
8.342520e-02
3.582010e-01
1.470589e+00
8.563249e-02
-8.354833e-01
0.000000e+00
5.495159e-01
3.567948e-01
1.628717e+00
8.342520e-02
3.582010e-01
1.470589e+00
8.563249e-02
3.582010e-01
1.630123e+00
8.563249e-02
-8.021281e-01
0.000000e+00
5.971520e-01
3.582010e-01
1.630123e+00
8.563249e-02
3.582010e-01
1.470589e+00
8.563249e-02
3.597943e-01
1.472182e+00
8.770882e-02
-7.844105e-01
0.000000e+00
6.202420e-01
3.582010e-01
1.630123e+00
8.563249e-02
3.597943e-01
1.472182e+00
8.770882e-02
3.597943e-01
1.631716e+00
8.770882e-02
-7.274188e-01
0.000000e+00
6.861938e-01
3.597943e-01
1.631716e+00
8.770882e-02
3.597943e-01
1.472182e+00
8.770882e-02
3.634920e-01
1.475880e+00
9.140653e-02
-6.861938e-01
0.000000e+00
7.274188e-01
3.597943e-01
1.631716e+00
8.770882e-02
3.634920e-01
1.475880e+00
9.140653e-02
3.634920e-01
1.635414e+00
9.140653e-02
-5.972114e-01
0.000000e+00
8.020838e-01
3.634920e-01
1.635414e+00
9.140653e-02
3.634920e-01
1.475880e+00
9.140653e-02
3.677756e-01
1.480164e+00
9.440596e-02
-5.494540e-01
0.000000e+00
8.355240e-01
3.634920e-01
1.635414e+00
9.140653e-02
3.677756e-01
1.480164e+00
9.440596e-02
3.677756e-01
1.639698e+00
9.440596e-02
-4.488580e-01
0.000000e+00
8.936031e-01
3.677756e-01
1.639698e+00
9.440596e-02
3.677756e-01
1.480164e+00
9.440596e-02
3.725150e-01
1.484903e+00
9.661597e-02
-3.960194e-01
0.000000e+00
9.182422e-01
3.677756e-01
1.639698e+00
9.440596e-02
3.725150e-01
1.484903e+00
9.661597e-02
3.725150e-01
1.644437e+00
9.661597e-02
-2.868663e-01
0.000000e+00
9.579706e-01
3.725150e-01
1.644437e+00
9.661597e-02
3.725150e-01
1.484903e+00
9.661597e-02
3.775661e-01
1.489954e+00
9.796944e-02
-2.305519e-01
0.000000e+00
9.730600e-01
3.725150e-01
1.644437e+00
9.661597e-02
3.775661e-01
1.489954e+00
9.796944e-02
3.775661e-01
1.649488e+00
9.796944e-02
-1.161583e-01
0.000000e+00
9.932307e-01
3.775661e-01
1.649488e+00
9.796944e-02
3.775661e-01
1.489954e+00
9.796944e-02
3.827756e-01
1.495164e+00
9.842519e-02
-5.807913e-02
0.000000e+00
9.983119e-01
3.775661e-01
1.649488e+00
9.796944e-02
3.827756e-01
1.495164e+00
9.842519e-02
3.827756e-01
1.654698e+00
9.842519e-02
0.000000e+00
-8.354833e-01
5.495159e-01
3.567948e-01
1.628717e+00
8.342520e-02
3.582010e-01
1.630123e+00
8.563249e-02
1.973501e-01
1.630123e+00
8.563249e-02
0.000000e+00
-8.021281e-01
5.971520e-01
1.973501e-01
1.630123e+00
8.563249e-02
3.582010e-01
1.630123e+00
8.563249e-02
3.597943e-01
1.631716e+00
8.770882e-02
0.000000e+00
-7.844105e-01
6.202420e-01
1.973501e-01
1.630123e+00
8.563249e-02
3.597943e-01
1.631716e+00
8.770882e-02
1.957569e-01
1.631716e+00
8.770882e-02
0.000000e+00
-7.274188e-01
6.861938e-01
1.957569e-01
1.631716e+00
8.770882e-02
3.597943e-01
1.631716e+00
8.770882e-02
3.634920e-01
1.635414e+00
9.140653e-02
0.000000e+00
-6.861938e-01
7.274188e-01
1.957569e-01
1.631716e+00
8.770882e-02
3.634920e-01
1.635414e+00
9.140653e-02
1.920592e-01
1.635414e+00
9.140653e-02
0.000000e+00
-5.972114e-01
8.020838e-01
1.920592e-01
1.635414e+00
9.140653e-02
3.634920e-01
1.635414e+00
9.140653e-02
3.677756e-01
1.639698e+00
9.440596e-02
0.000000e+00
-5.494540e-01
8.355240e-01
1.920592e-01
1.635414e+00
9.140653e-02
3.677756e-01
1.639698e+00
9.440596e-02
1.877756e-01
1.639698e+00
9.440596e-02
0.000000e+00
-4.488580e-01
8.936031e-01
1.877756e-01
1.639698e+00
9.440596e-02
3.677756e-01
1.639698e+00
9.440596e-02
3.725150e-01
1.644437e+00
9.661597e-02
0.000000e+00
-3.960194e-01
9.182422e-01
1.877756e-01
1.639698e+00
9.440596e-02
3.725150e-01
1.644437e+00
9.661597e-02
1.830362e-01
1.644437e+00
9.661597e-02
0.000000e+00
-2.868663e-01
9.579706e-01
1.830362e-01
1.644437e+00
9.661597e-02
3.725150e-01
1.644437e+00
9.661597e-02
3.775661e-01
1.649488e+00
9.796944e-02
0.000000e+00
-2.305519e-01
9.730600e-01
1.830362e-01
1.644437e+00
9.661597e-02
3.775661e-01
1.649488e+00
9.796944e-02
1.779850e-01
1.649488e+00
9.796944e-02
0.000000e+00
-1.161583e-01
9.932307e-01
1.779850e-01
1.649488e+00
9.796944e-02
3.775661e-01
1.649488e+00
9.796944e-02
3.827756e-01
1.654698e+00
9.842519e-02
0.000000e+00
-5.807913e-02
9.983119e-01
1.779850e-01
1.649488e+00
9.796944e-02
3.827756e-01
1.654698e+00
9.842519e-02
1.727756e-01
1.654698e+00
9.842519e-02
0.000000e+00
-8.511210e-01
5.249696e-01
1.973501e-01
1.630123e+00
8.563249e-02
1.987564e-01
1.628717e+00
8.342520e-02
3.567948e-01
1.628717e+00
8.342520e-02
0.000000e+00
-8.801975e-01
4.746076e-01
3.567948e-01
1.628717e+00
8.342520e-02
1.987564e-01
1.628717e+00
8.342520e-02
1.999648e-01
1.627509e+00
8.110374e-02
0.000000e+00
-8.936363e-01
4.487919e-01
3.567948e-01
1.628717e+00
8.342520e-02
1.999648e-01
1.627509e+00
8.110374e-02
3.555864e-01
1.627509e+00
8.110374e-02
0.000000e+00
-9.182128e-01
3.960873e-01
3.555864e-01
1.627509e+00
8.110374e-02
1.999648e-01
1.627509e+00
8.110374e-02
3.545848e-01
1.626507e+00
7.868581e-02
0.000000e+00
-9.293506e-01
3.691985e-01
1.999648e-01
1.627509e+00
8.110374e-02
2.009664e-01
1.626507e+00
7.868581e-02
3.545848e-01
1.626507e+00
7.868581e-02
0.000000e+00
-9.492401e-01
3.145525e-01
3.545848e-01
1.626507e+00
7.868581e-02
2.009664e-01
1.626507e+00
7.868581e-02
2.017534e-01
1.625720e+00
7.618977e-02
0.000000e+00
-9.579919e-01
2.867954e-01
3.545848e-01
1.626507e+00
7.868581e-02
2.017534e-01
1.625720e+00
7.618977e-02
3.537978e-01
1.625720e+00
7.618977e-02
0.000000e+00
-9.730430e-01
2.306239e-01
3.537978e-01
1.625720e+00
7.618977e-02
2.017534e-01
1.625720e+00
7.618977e-02
3.532314e-01
1.625154e+00
7.363465e-02
0.000000e+00
-9.995772e-01
2.907651e-02
2.026614e-01
1.624812e+00
7.103987e-02
2.027756e-01
1.624698e+00
6.842519e-02
3.527756e-01
1.624698e+00
6.842519e-02
0.000000e+00
-9.793423e-01
2.022095e-01
2.017534e-01
1.625720e+00
7.618977e-02
2.023198e-01
1.625154e+00
7.363465e-02
3.532314e-01
1.625154e+00
7.363465e-02
0.000000e+00
-9.894404e-01
1.449400e-01
3.532314e-01
1.625154e+00
7.363465e-02
2.023198e-01
1.625154e+00
7.363465e-02
2.026614e-01
1.624812e+00
7.103987e-02
0.000000e+00
-9.932393e-01
1.160848e-01
3.532314e-01
1.625154e+00
7.363465e-02
2.026614e-01
1.624812e+00
7.103987e-02
3.528897e-01
1.624812e+00
7.103987e-02
0.000000e+00
-9.983077e-01
5.815303e-02
3.528897e-01
1.624812e+00
7.103987e-02
2.026614e-01
1.624812e+00
7.103987e-02
3.527756e-01
1.624698e+00
6.842519e-02
