0.000000e+00
0.000000e+00
1.000000e+00
0.000000e+00
1.166467e+00
9.842519e-02
0.000000e+00
0.000000e+00
9.842519e-02
2.875026e-01
5.132627e-01
9.842519e-02
0.000000e+00
0.000000e+00
1.000000e+00
2.875026e-01
5.132627e-01
9.842519e-02
0.000000e+00
0.000000e+00
9.842519e-02
5.905512e-01
0.000000e+00
9.842519e-02
0.000000e+00
0.000000e+00
1.000000e+00
2.875026e-01
5.132627e-01
9.842519e-02
5.905512e-01
0.000000e+00
9.842519e-02
5.905512e-01
1.168237e+00
9.842519e-02
-1.000000e+00
0.000000e+00
0.000000e+00
0.000000e+00
1.191417e+00
9.842519e-02
0.000000e+00
1.771654e+00
9.842519e-02
0.000000e+00
1.771654e+00
0.000000e+00
-1.000000e+00
0.000000e+00
0.000000e+00
0.000000e+00
0.000000e+00
0.000000e+00
0.000000e+00
0.000000e+00
9.842519e-02
0.000000e+00
1.166467e+00
9.842519e-02
-1.000000e+00
0.000000e+00
0.000000e+00
0.000000e+00
1.166467e+00
9.842519e-02
4.581811e-17
1.178053e+00
9.785970e-02
0.000000e+00
0.000000e+00
0.000000e+00
-1.000000e+00
0.000000e+00
0.000000e+00
0.000000e+00
0.000000e+00
0.000000e+00
4.581811e-17
1.178053e+00
9.785970e-02
0.000000e+00
1.184253e+00
9.755708e-02
-1.000000e+00
0.000000e+00
0.000000e+00
0.000000e+00
0.000000e+00
0.000000e+00
0.000000e+00
1.184253e+00
9.755708e-02
0.000000e+00
1.771654e+00
0.000000e+00
-1.000000e+00
0.000000e+00
0.000000e+00
0.000000e+00
1.771654e+00
0.000000e+00
0.000000e+00
1.184253e+00
9.755708e-02
0.000000e+00
1.186208e+00
9.796944e-02
-1.000000e+00
0.000000e+00
0.000000e+00
0.000000e+00
1.771654e+00
0.000000e+00
0.000000e+00
1.186208e+00
9.796944e-02
0.000000e+00
1.191417e+00
9.842519e-02
0.000000e+00
-1.000000e+00
0.000000e+00
5.905512e-01
0.000000e+00
9.842519e-02
0.000000e+00
0.000000e+00
9.842519e-02
5.905512e-01
0.000000e+00
0.000000e+00
0.000000e+00
-1.000000e+00
0.000000e+00
5.905512e-01
0.000000e+00
0.000000e+00
0.000000e+00
0.000000e+00
9.842519e-02
0.000000e+00
0.000000e+00
0.000000e+00
1.000000e+00
0.000000e+00
0.000000e+00
5.905512e-01
1.168237e+00
9.842519e-02
5.905512e-01
0.000000e+00
9.842519e-02
5.905512e-01
0.000000e+00
0.000000e+00
1.000000e+00
0.000000e+00
0.000000e+00
5.905512e-01
1.771654e+00
0.000000e+00
5.905512e-01
1.771654e+00
9.842519e-02
5.905512e-01
1.191417e+00
9.842519e-02
1.000000e+00
0.000000e+00
0.000000e+00
5.905512e-01
1.191417e+00
9.842519e-02
5.905512e-01
1.186208e+00
9.796944e-02
5.905512e-01
1.771654e+00
0.000000e+00
1.000000e+00
0.000000e+00
0.000000e+00
5.905512e-01
1.771654e+00
0.000000e+00
5.905512e-01
1.186208e+00
9.796944e-02
5.905512e-01
1.184562e+00
9.763147e-02
1.000000e+00
0.000000e+00
0.000000e+00
5.905512e-01
1.771654e+00
0.000000e+00
5.905512e-01
1.184562e+00
9.763147e-02
5.905512e-01
0.000000e+00
0.000000e+00
1.000000e+00
0.000000e+00
0.000000e+00
5.905512e-01
0.000000e+00
0.000000e+00
5.905512e-01
1.184562e+00
9.763147e-02
5.905512e-01
1.179361e+00
9.788435e-02
1.000000e+00
0.000000e+00
0.000000e+00
5.905512e-01
0.000000e+00
0.000000e+00
5.905512e-01
1.179361e+00
9.788435e-02
5.905512e-01
1.168237e+00
9.842519e-02
0.000000e+00
1.000000e+00
0.000000e+00
0.000000e+00
1.771654e+00
9.842519e-02
5.905512e-01
1.771654e+00
9.842519e-02
0.000000e+00
1.771654e+00
0.000000e+00
0.000000e+00
1.000000e+00
0.000000e+00
0.000000e+00
1.771654e+00
0.000000e+00
5.905512e-01
1.771654e+00
9.842519e-02
5.905512e-01
1.771654e+00
0.000000e+00
0.000000e+00
0.000000e+00
1.000000e+00
3.872839e-01
1.191417e+00
9.842519e-02
5.905512e-01
1.191417e+00
9.842519e-02
5.905512e-01
1.771654e+00
9.842519e-02
0.000000e+00
0.000000e+00
1.000000e+00
0.000000e+00
1.771654e+00
9.842519e-02
-6.823732e-32
1.191417e+00
9.842519e-02
5.905512e-01
1.771654e+00
9.842519e-02
0.000000e+00
0.000000e+00
1.000000e+00
5.905512e-01
1.771654e+00
9.842519e-02
-6.823732e-32
1.191417e+00
9.842519e-02
2.042741e-01
1.191417e+00
9.842519e-02
0.000000e+00
0.000000e+00
1.000000e+00
5.905512e-01
1.771654e+00
9.842519e-02
2.042741e-01
1.191417e+00
9.842519e-02
3.872839e-01
1.191417e+00
9.842519e-02
0.000000e+00
0.000000e+00
1.000000e+00
3.872839e-01
1.191417e+00
9.842519e-02
2.042741e-01
1.191417e+00
9.842519e-02
2.899025e-01
1.012059e+00
9.842519e-02
0.000000e+00
0.000000e+00
-1.000000e+00
2.881855e-01
9.460239e-01
0.000000e+00
1.853530e-01
1.161417e+00
0.000000e+00
4.051323e-01
1.161417e+00
0.000000e+00
0.000000e+00
0.000000e+00
-1.000000e+00
4.051323e-01
1.161417e+00
0.000000e+00
1.853530e-01
1.161417e+00
0.000000e+00
5.905512e-01
1.771654e+00
0.000000e+00
0.000000e+00
0.000000e+00
-1.000000e+00
4.051323e-01
1.161417e+00
0.000000e+00
5.905512e-01
1.771654e+00
0.000000e+00
5.543401e-01
1.161417e+00
0.000000e+00
0.000000e+00
0.000000e+00
-1.000000e+00
5.543401e-01
1.161417e+00
0.000000e+00
5.905512e-01
1.771654e+00
0.000000e+00
5.905512e-01
0.000000e+00
0.000000e+00
0.000000e+00
0.000000e+00
-1.000000e+00
5.543401e-01
1.161417e+00
0.000000e+00
5.905512e-01
0.000000e+00
0.000000e+00
2.881855e-01
5.861811e-01
0.000000e+00
0.000000e+00
0.000000e+00
-1.000000e+00
2.881855e-01
5.861811e-01
0.000000e+00
5.905512e-01
0.000000e+00
0.000000e+00
0.000000e+00
0.000000e+00
0.000000e+00
0.000000e+00
0.000000e+00
-1.000000e+00
2.881855e-01
5.861811e-01
0.000000e+00
0.000000e+00
0.000000e+00
0.000000e+00
3.500000e-02
1.161417e+00
0.000000e+00
0.000000e+00
0.000000e+00
-1.000000e+00
3.500000e-02
1.161417e+00
0.000000e+00
0.000000e+00
0.000000e+00
0.000000e+00
0.000000e+00
1.771654e+00
0.000000e+00
0.000000e+00
0.000000e+00
-1.000000e+00
3.500000e-02
1.161417e+00
0.000000e+00
0.000000e+00
1.771654e+00
0.000000e+00
1.853530e-01
1.161417e+00
0.000000e+00
0.000000e+00
0.000000e+00
-1.000000e+00
1.853530e-01
1.161417e+00
0.000000e+00
0.000000e+00
1.771654e+00
0.000000e+00
5.905512e-01
1.771654e+00
0.000000e+00
9.152672e-01
4.028473e-01
0.000000e+00
2.881855e-01
5.861811e-01
6.842519e-02
2.881855e-01
5.861811e-01
5.335641e-19
3.500000e-02
1.161417e+00
6.842519e-02
9.152672e-01
4.028473e-01
0.000000e+00
3.500000e-02
1.161417e+00
6.842519e-02
2.881855e-01
5.861811e-01
5.335641e-19
3.500000e-02
1.161417e+00
5.335641e-19
-9.084780e-16
-1.000000e+00
0.000000e+00
3.500000e-02
1.161417e+00
6.842519e-02
3.500000e-02
1.161417e+00
0.000000e+00
1.853530e-01
1.161417e+00
6.842519e-02
-9.084780e-16
-1.000000e+00
0.000000e+00
1.853530e-01
1.161417e+00
6.842519e-02
3.500000e-02
1.161417e+00
0.000000e+00
1.853530e-01
1.161417e+00
0.000000e+00
-9.024305e-01
-4.308356e-01
0.000000e+00
1.853530e-01
1.161417e+00
6.842519e-02
1.853530e-01
1.161417e+00
5.335641e-19
2.881855e-01
9.460239e-01
6.842519e-02
-9.024305e-01
-4.308356e-01
0.000000e+00
2.881855e-01
9.460239e-01
6.842519e-02
1.853530e-01
1.161417e+00
5.335641e-19
2.881855e-01
9.460239e-01
5.335641e-19
8.788212e-01
-4.771513e-01
0.000000e+00
2.881855e-01
9.460239e-01
6.842519e-02
2.881855e-01
9.460239e-01
0.000000e+00
4.051323e-01
1.161417e+00
6.842519e-02
8.788212e-01
-4.771513e-01
0.000000e+00
4.051323e-01
1.161417e+00
6.842519e-02
2.881855e-01
9.460239e-01
0.000000e+00
4.051323e-01
1.161417e+00
0.000000e+00
0.000000e+00
-1.000000e+00
0.000000e+00
4.051323e-01
1.161417e+00
6.842519e-02
4.051323e-01
1.161417e+00
0.000000e+00
5.543401e-01
1.161417e+00
6.842519e-02
0.000000e+00
-1.000000e+00
0.000000e+00
5.543401e-01
1.161417e+00
6.842519e-02
4.051323e-01
1.161417e+00
0.000000e+00
5.543401e-01
1.161417e+00
0.000000e+00
-9.075622e-01
4.199178e-01
0.000000e+00
5.543401e-01
1.161417e+00
6.842519e-02
5.543401e-01
1.161417e+00
5.335641e-19
2.881855e-01
5.861811e-01
6.842519e-02
-9.075622e-01
4.199178e-01
0.000000e+00
2.881855e-01
5.861811e-01
6.842519e-02
5.543401e-01
1.161417e+00
5.335641e-19
2.881855e-01
5.861811e-01
5.335641e-19
-8.200762e-01
-3.915183e-01
4.173590e-01
2.883726e-01
9.532213e-01
8.204491e-02
1.874153e-01
1.164687e+00
8.204491e-02
1.864941e-01
1.163226e+00
7.868581e-02
-8.296649e-01
-3.960961e-01
3.934005e-01
2.883726e-01
9.532213e-01
8.204491e-02
1.864941e-01
1.163226e+00
7.868581e-02
2.883162e-01
9.510506e-01
7.990570e-02
-8.471060e-01
-4.044228e-01
3.447514e-01
2.883162e-01
9.510506e-01
7.990570e-02
1.864941e-01
1.163226e+00
7.868581e-02
1.862791e-01
1.162886e+00
7.769570e-02
-8.506702e-01
-4.061243e-01
3.338012e-01
2.883162e-01
9.510506e-01
7.990570e-02
1.862791e-01
1.162886e+00
7.769570e-02
2.882695e-01
9.492559e-01
7.769570e-02
-8.702992e-01
-4.154956e-01
2.644666e-01
2.882695e-01
9.492559e-01
7.769570e-02
1.862791e-01
1.162886e+00
7.769570e-02
1.856405e-01
1.161873e+00
7.363465e-02
-8.762568e-01
-4.183398e-01
2.390938e-01
2.882695e-01
9.492559e-01
7.769570e-02
1.856405e-01
1.161873e+00
7.363465e-02
2.882329e-01
9.478484e-01
7.542856e-02
-8.863469e-01
-4.231570e-01
1.879560e-01
2.882329e-01
9.478484e-01
7.542856e-02
1.856405e-01
1.161873e+00
7.363465e-02
1.855988e-01
1.161807e+00
7.311564e-02
-8.873190e-01
-4.236211e-01
1.822365e-01
2.882329e-01
9.478484e-01
7.542856e-02
1.855988e-01
1.161807e+00
7.311564e-02
2.882066e-01
9.468369e-01
7.311823e-02
-8.947085e-01
-4.271490e-01
1.305390e-01
2.882066e-01
9.468369e-01
7.311823e-02
1.855988e-01
1.161807e+00
7.311564e-02
1.854113e-01
1.161510e+00
7.077897e-02
-8.974873e-01
-4.284757e-01
1.045225e-01
2.882066e-01
9.468369e-01
7.311823e-02
1.854113e-01
1.161510e+00
7.077897e-02
2.881908e-01
9.462274e-01
7.077897e-02
-9.011934e-01
-4.302450e-01
5.234193e-02
2.881908e-01
9.462274e-01
7.077897e-02
1.854113e-01
1.161510e+00
7.077897e-02
1.853530e-01
1.161417e+00
6.842519e-02
-9.021214e-01
-4.306880e-01
2.617097e-02
2.881908e-01
9.462274e-01
7.077897e-02
1.853530e-01
1.161417e+00
6.842519e-02
2.881855e-01
9.460239e-01
6.842519e-02
-7.968093e-01
-3.804103e-01
4.694495e-01
1.874153e-01
1.164687e+00
8.204491e-02
2.883726e-01
9.532213e-01
8.204491e-02
1.879322e-01
1.165507e+00
8.338231e-02
-7.735530e-01
-3.693073e-01
5.150030e-01
1.879322e-01
1.165507e+00
8.338231e-02
2.883726e-01
9.532213e-01
8.204491e-02
2.885134e-01
9.586356e-01
8.605875e-02
-7.481533e-01
-3.571811e-01
5.591854e-01
1.879322e-01
1.165507e+00
8.338231e-02
2.885134e-01
9.586356e-01
8.605875e-02
1.889666e-01
1.167147e+00
8.605875e-02
-7.175481e-01
-3.425696e-01
6.064410e-01
1.889666e-01
1.167147e+00
8.605875e-02
2.885134e-01
9.586356e-01
8.605875e-02
1.898235e-01
1.168506e+00
8.764954e-02
-6.879239e-01
-3.284265e-01
6.472223e-01
1.898235e-01
1.168506e+00
8.764954e-02
2.885134e-01
9.586356e-01
8.605875e-02
2.886884e-01
9.653653e-01
8.963840e-02
-6.564043e-01
-3.133785e-01
6.862414e-01
1.898235e-01
1.168506e+00
8.764954e-02
2.886884e-01
9.653653e-01
8.963840e-02
1.908949e-01
1.170204e+00
8.963840e-02
-6.192853e-01
-2.956573e-01
7.273737e-01
1.908949e-01
1.170204e+00
8.963840e-02
2.886884e-01
9.653653e-01
8.963840e-02
1.921492e-01
1.172193e+00
9.133704e-02
-5.840732e-01
-2.788465e-01
7.623012e-01
1.921492e-01
1.172193e+00
9.133704e-02
2.886884e-01
9.653653e-01
8.963840e-02
2.888933e-01
9.732447e-01
9.269571e-02
-5.472710e-01
-2.612764e-01
7.951283e-01
1.921492e-01
1.172193e+00
9.133704e-02
2.888933e-01
9.732447e-01
9.269571e-02
1.931525e-01
1.173784e+00
9.269571e-02
-5.046268e-01
-2.409174e-01
8.290420e-01
1.931525e-01
1.173784e+00
9.269571e-02
2.888933e-01
9.732447e-01
9.269571e-02
1.948405e-01
1.176460e+00
9.433579e-02
-4.647551e-01
-2.218820e-01
8.571879e-01
1.948405e-01
1.176460e+00
9.433579e-02
2.888933e-01
9.732447e-01
9.269571e-02
2.891326e-01
9.824491e-01
9.482630e-02
-4.236463e-01
-2.022559e-01
8.829588e-01
1.948405e-01
1.176460e+00
9.433579e-02
2.891326e-01
9.824491e-01
9.482630e-02
1.956841e-01
1.177798e+00
9.515539e-02
-1.927036e-01
-9.199997e-02
9.769347e-01
2.013142e-01
1.186724e+00
9.805585e-02
2.009937e-01
1.186216e+00
9.793387e-02
2.893719e-01
9.916534e-01
9.695689e-02
-2.386431e-01
-1.139323e-01
9.644008e-01
2.893719e-01
9.916534e-01
9.695689e-02
2.009937e-01
1.186216e+00
9.793387e-02
1.984271e-01
1.182147e+00
9.695689e-02
-3.233618e-01
-1.543784e-01
9.335976e-01
2.893719e-01
9.916534e-01
9.695689e-02
1.984271e-01
1.182147e+00
9.695689e-02
2.891326e-01
9.824491e-01
9.482630e-02
-3.331347e-01
-1.590442e-01
9.293687e-01
2.891326e-01
9.824491e-01
9.482630e-02
1.984271e-01
1.182147e+00
9.695689e-02
1.978180e-01
1.181181e+00
9.655682e-02
-3.766142e-01
-1.798020e-01
9.087536e-01
2.891326e-01
9.824491e-01
9.482630e-02
1.978180e-01
1.181181e+00
9.655682e-02
1.956841e-01
1.177798e+00
9.515539e-02
-1.875835e-01
-8.955555e-02
9.781576e-01
2.893719e-01
9.916534e-01
9.695689e-02
2.896372e-01
1.001856e+00
9.769104e-02
2.013142e-01
1.186724e+00
9.805585e-02
-9.437270e-02
-4.505513e-02
9.945168e-01
2.013142e-01
1.186724e+00
9.805585e-02
2.896372e-01
1.001856e+00
9.769104e-02
2.899025e-01
1.012059e+00
9.842519e-02
-4.718635e-02
-2.252756e-02
9.986320e-01
2.013142e-01
1.186724e+00
9.805585e-02
2.899025e-01
1.012059e+00
9.842519e-02
2.042741e-01
1.191417e+00
9.842519e-02
-5.269933e-17
-2.192238e-01
9.756746e-01
1.984271e-01
1.182147e+00
9.695689e-02
2.009937e-01
1.186216e+00
9.793387e-02
0.000000e+00
1.186208e+00
9.796944e-02
-5.276355e-17
-1.161358e-01
9.932333e-01
0.000000e+00
1.186208e+00
9.796944e-02
2.009937e-01
1.186216e+00
9.793387e-02
0.000000e+00
1.191417e+00
9.842519e-02
1.837451e-31
-1.103448e-01
9.938934e-01
0.000000e+00
1.191417e+00
9.842519e-02
2.009937e-01
1.186216e+00
9.793387e-02
2.013142e-01
1.186724e+00
9.805585e-02
1.836831e-31
-5.228807e-02
9.986320e-01
0.000000e+00
1.191417e+00
9.842519e-02
2.013142e-01
1.186724e+00
9.805585e-02
2.042741e-01
1.191417e+00
9.842519e-02
-1.476810e-16
-2.408883e-01
9.705529e-01
0.000000e+00
1.186208e+00
9.796944e-02
2.027996e-18
1.184253e+00
9.755708e-02
1.984271e-01
1.182147e+00
9.695689e-02
-1.898237e-16
-2.857290e-01
9.583104e-01
1.984271e-01
1.182147e+00
9.695689e-02
2.027996e-18
1.184253e+00
9.755708e-02
3.138028e-03
1.182205e+00
9.679531e-02
-9.486868e-17
-3.199752e-01
9.474259e-01
1.984271e-01
1.182147e+00
9.695689e-02
3.138028e-03
1.182205e+00
9.679531e-02
1.978180e-01
1.181181e+00
9.655682e-02
-1.897375e-16
-3.309666e-01
9.436425e-01
3.138028e-03
1.182205e+00
9.679531e-02
4.639931e-03
1.181225e+00
9.643073e-02
1.978180e-01
1.181181e+00
9.655682e-02
-2.375338e-16
-3.799359e-01
9.250128e-01
1.978180e-01
1.181181e+00
9.655682e-02
4.639931e-03
1.181225e+00
9.643073e-02
9.893627e-03
1.177798e+00
9.515539e-02
-1.425203e-16
-4.173331e-01
9.087536e-01
1.978180e-01
1.181181e+00
9.655682e-02
9.893627e-03
1.177798e+00
9.515539e-02
1.956841e-01
1.177798e+00
9.515539e-02
-1.423270e-16
-4.694504e-01
8.829588e-01
1.956841e-01
1.177798e+00
9.515539e-02
9.893627e-03
1.177798e+00
9.515539e-02
1.948405e-01
1.176460e+00
9.433579e-02
-2.846540e-16
-4.847752e-01
8.746388e-01
9.893627e-03
1.177798e+00
9.515539e-02
1.194398e-02
1.176460e+00
9.433564e-02
1.948405e-01
1.176460e+00
9.433579e-02
-3.324008e-16
-5.298724e-01
8.480774e-01
1.948405e-01
1.176460e+00
9.433579e-02
1.194398e-02
1.176460e+00
9.433564e-02
1.604572e-02
1.173784e+00
9.269571e-02
-1.899433e-16
-5.591863e-01
8.290420e-01
1.948405e-01
1.176460e+00
9.433579e-02
1.604572e-02
1.173784e+00
9.269571e-02
1.931525e-01
1.173784e+00
9.269571e-02
-5.694431e-16
-6.064411e-01
7.951284e-01
1.931525e-01
1.173784e+00
9.269571e-02
1.604572e-02
1.173784e+00
9.269571e-02
1.921492e-01
1.172193e+00
9.133704e-02
-7.592575e-16
-6.247797e-01
7.808011e-01
1.604572e-02
1.173784e+00
9.269571e-02
1.848407e-02
1.172193e+00
9.133698e-02
1.921492e-01
1.172193e+00
9.133704e-02
-7.832235e-16
-6.647782e-01
7.470408e-01
1.921492e-01
1.172193e+00
9.133704e-02
1.848407e-02
1.172193e+00
9.133698e-02
2.153231e-02
1.170204e+00
8.963840e-02
-9.730960e-16
-6.862416e-01
7.273737e-01
1.921492e-01
1.172193e+00
9.133704e-02
2.153231e-02
1.170204e+00
8.963840e-02
1.908949e-01
1.170204e+00
8.963840e-02
-9.730960e-16
-7.273738e-01
6.862415e-01
1.908949e-01
1.170204e+00
8.963840e-02
2.153231e-02
1.170204e+00
8.963840e-02
1.898235e-01
1.168506e+00
8.764954e-02
-8.306917e-16
-7.470411e-01
6.647779e-01
2.153231e-02
1.170204e+00
8.963840e-02
2.413577e-02
1.168506e+00
8.764961e-02
1.898235e-01
1.168506e+00
8.764954e-02
-8.660281e-16
-7.808013e-01
6.247794e-01
1.898235e-01
1.168506e+00
8.764954e-02
2.413577e-02
1.168506e+00
8.764961e-02
2.621830e-02
1.167147e+00
8.605875e-02
-1.008389e-15
-7.951284e-01
6.064410e-01
1.898235e-01
1.168506e+00
8.764954e-02
2.621830e-02
1.167147e+00
8.605875e-02
1.889666e-01
1.167147e+00
8.605875e-02
-8.191307e-16
-8.290426e-01
5.591854e-01
1.889666e-01
1.167147e+00
8.605875e-02
2.621830e-02
1.167147e+00
8.605875e-02
1.879322e-01
1.165507e+00
8.338231e-02
-7.482300e-16
-9.249974e-01
3.799735e-01
2.998831e-02
1.164687e+00
8.204491e-02
3.222697e-02
1.163226e+00
7.868581e-02
1.864941e-01
1.163226e+00
7.868581e-02
-7.004155e-16
-8.480679e-01
5.298875e-01
2.621830e-02
1.167147e+00
8.605875e-02
2.883964e-02
1.165437e+00
8.342520e-02
1.879322e-01
1.165507e+00
8.338231e-02
-7.234958e-16
-8.746301e-01
4.847909e-01
1.879322e-01
1.165507e+00
8.338231e-02
2.883964e-02
1.165437e+00
8.342520e-02
2.998831e-02
1.164687e+00
8.204491e-02
-6.523320e-16
-8.829593e-01
4.694495e-01
1.879322e-01
1.165507e+00
8.338231e-02
2.998831e-02
1.164687e+00
8.204491e-02
1.874153e-01
1.164687e+00
8.204491e-02
-6.532167e-16
-9.087417e-01
4.173590e-01
1.874153e-01
1.164687e+00
8.204491e-02
2.998831e-02
1.164687e+00
8.204491e-02
1.864941e-01
1.163226e+00
7.868581e-02
-9.713161e-16
-9.805013e-01
1.965125e-01
3.363415e-02
1.162308e+00
7.568286e-02
3.430144e-02
1.161873e+00
7.363465e-02
1.856405e-01
1.161873e+00
7.363465e-02
-7.619139e-16
-9.436061e-01
3.310702e-01
3.222697e-02
1.163226e+00
7.868581e-02
3.269595e-02
1.162921e+00
7.768499e-02
1.864941e-01
1.163226e+00
7.868581e-02
-7.714346e-16
-9.545841e-01
2.979417e-01
1.864941e-01
1.163226e+00
7.868581e-02
3.269595e-02
1.162921e+00
7.768499e-02
3.363415e-02
1.162308e+00
7.568286e-02
-8.634133e-16
-9.545861e-01
2.979353e-01
1.864941e-01
1.163226e+00
7.868581e-02
3.363415e-02
1.162308e+00
7.568286e-02
1.862791e-01
1.162886e+00
7.769570e-02
-1.054019e-15
-9.702957e-01
2.419219e-01
1.862791e-01
1.162886e+00
7.769570e-02
3.363415e-02
1.162308e+00
7.568286e-02
1.856405e-01
1.161873e+00
7.363465e-02
-9.849067e-16
-9.996575e-01
2.617097e-02
3.500000e-02
1.161417e+00
6.842519e-02
1.853530e-01
1.161417e+00
6.842519e-02
3.485825e-02
1.161510e+00
7.077897e-02
-1.061557e-15
-9.986292e-01
5.234194e-02
3.485825e-02
1.161510e+00
7.077897e-02
1.853530e-01
1.161417e+00
6.842519e-02
1.854113e-01
1.161510e+00
7.077897e-02
-9.767516e-16
-9.858001e-01
1.679228e-01
3.430144e-02
1.161873e+00
7.363465e-02
3.440263e-02
1.161807e+00
7.311563e-02
1.856405e-01
1.161873e+00
7.363465e-02
-9.816500e-16
-9.906668e-01
1.363062e-01
1.856405e-01
1.161873e+00
7.363465e-02
3.440263e-02
1.161807e+00
7.311563e-02
3.485825e-02
1.161510e+00
7.077897e-02
-1.061754e-15
-9.906668e-01
1.363063e-01
1.856405e-01
1.161873e+00
7.363465e-02
3.485825e-02
1.161510e+00
7.077897e-02
1.855988e-01
1.161807e+00
7.311564e-02
-1.061557e-15
-9.945218e-01
1.045294e-01
1.855988e-01
1.161807e+00
7.311564e-02
3.485825e-02
1.161510e+00
7.077897e-02
1.854113e-01
1.161510e+00
7.077897e-02
4.595187e-02
-2.494932e-02
9.986320e-01
2.899025e-01
1.012059e+00
9.842519e-02
2.896372e-01
1.001856e+00
9.769104e-02
3.872839e-01
1.191417e+00
9.842519e-02
9.192923e-02
-4.991249e-02
9.945139e-01
3.872839e-01
1.191417e+00
9.842519e-02
2.896372e-01
1.001856e+00
9.769104e-02
3.900737e-01
1.186728e+00
9.801494e-02
2.275296e-01
-1.235360e-01
9.659033e-01
2.893719e-01
9.916534e-01
9.695689e-02
3.927879e-01
1.182166e+00
9.688643e-02
2.896372e-01
1.001856e+00
9.769104e-02
1.877150e-01
-1.019189e-01
9.769214e-01
2.896372e-01
1.001856e+00
9.769104e-02
3.927879e-01
1.182166e+00
9.688643e-02
3.903832e-01
1.186208e+00
9.796944e-02
1.425506e-01
-7.739709e-02
9.867569e-01
2.896372e-01
1.001856e+00
9.769104e-02
3.903832e-01
1.186208e+00
9.796944e-02
3.900737e-01
1.186728e+00
9.801494e-02
4.786904e-01
-2.599024e-01
8.386336e-01
2.891326e-01
9.824491e-01
9.482630e-02
2.888933e-01
9.732447e-01
9.269571e-02
3.977374e-01
1.173847e+00
9.260601e-02
4.526280e-01
-2.457520e-01
8.571662e-01
3.977374e-01
1.173847e+00
9.260601e-02
3.962081e-01
1.176417e+00
9.440596e-02
2.891326e-01
9.824491e-01
9.482630e-02
4.126070e-01
-2.240228e-01
8.829322e-01
2.891326e-01
9.824491e-01
9.482630e-02
3.962081e-01
1.176417e+00
9.440596e-02
3.953626e-01
1.177838e+00
9.506860e-02
3.575150e-01
-1.941109e-01
9.135119e-01
2.891326e-01
9.824491e-01
9.482630e-02
3.953626e-01
1.177838e+00
9.506860e-02
2.893719e-01
9.916534e-01
9.695689e-02
3.244707e-01
-1.761696e-01
9.293455e-01
2.893719e-01
9.916534e-01
9.695689e-02
3.953626e-01
1.177838e+00
9.506860e-02
3.933884e-01
1.181157e+00
9.661597e-02
2.813092e-01
-1.527354e-01
9.473843e-01
2.893719e-01
9.916534e-01
9.695689e-02
3.933884e-01
1.181157e+00
9.661597e-02
3.927879e-01
1.182166e+00
9.688643e-02
6.829988e-01
-3.708306e-01
6.292831e-01
2.886884e-01
9.653653e-01
8.963840e-02
2.885134e-01
9.586356e-01
8.605875e-02
4.017235e-01
1.167147e+00
8.605875e-02
6.699216e-01
-3.637304e-01
6.472289e-01
4.017235e-01
1.167147e+00
8.605875e-02
4.009565e-01
1.168436e+00
8.770882e-02
2.886884e-01
9.653653e-01
8.963840e-02
6.392264e-01
-3.470646e-01
6.862476e-01
2.886884e-01
9.653653e-01
8.963840e-02
4.009565e-01
1.168436e+00
8.770882e-02
3.998566e-01
1.170285e+00
8.955768e-02
5.880774e-01
-3.192936e-01
7.431127e-01
2.886884e-01
9.653653e-01
8.963840e-02
3.998566e-01
1.170285e+00
8.955768e-02
2.888933e-01
9.732447e-01
9.269571e-02
5.687984e-01
-3.088261e-01
7.622958e-01
2.888933e-01
9.732447e-01
9.269571e-02
3.998566e-01
1.170285e+00
8.955768e-02
3.987566e-01
1.172134e+00
9.140653e-02
5.329731e-01
-2.893749e-01
7.951112e-01
2.888933e-01
9.732447e-01
9.269571e-02
3.987566e-01
1.172134e+00
9.140653e-02
3.977374e-01
1.173847e+00
9.260601e-02
8.167496e-01
-4.434499e-01
3.691508e-01
4.042587e-01
1.162886e+00
7.769570e-02
4.040207e-01
1.163286e+00
7.866138e-02
2.883726e-01
9.532213e-01
8.204491e-02
7.986326e-01
-4.336134e-01
4.173312e-01
2.883726e-01
9.532213e-01
8.204491e-02
4.040207e-01
1.163286e+00
7.866138e-02
4.031869e-01
1.164687e+00
8.204491e-02
7.611025e-01
-4.132366e-01
4.999585e-01
2.883726e-01
9.532213e-01
8.204491e-02
4.031869e-01
1.164687e+00
8.204491e-02
2.885134e-01
9.586356e-01
8.605875e-02
7.533153e-01
-4.090086e-01
5.150028e-01
2.885134e-01
9.586356e-01
8.605875e-02
4.031869e-01
1.164687e+00
8.204491e-02
4.026993e-01
1.165507e+00
8.338230e-02
7.285802e-01
-3.955788e-01
5.591854e-01
2.885134e-01
9.586356e-01
8.605875e-02
4.026993e-01
1.165507e+00
8.338230e-02
4.017235e-01
1.167147e+00
8.605875e-02
8.785201e-01
-4.769879e-01
2.617097e-02
2.881855e-01
9.460239e-01
6.842519e-02
4.051323e-01
1.161417e+00
6.842519e-02
2.881908e-01
9.462274e-01
7.077897e-02
8.776165e-01
-4.764973e-01
5.234193e-02
2.881908e-01
9.462274e-01
7.077897e-02
4.051323e-01
1.161417e+00
6.842519e-02
4.050772e-01
1.161510e+00
7.077897e-02
8.740074e-01
-4.745378e-01
1.045225e-01
2.881908e-01
9.462274e-01
7.077897e-02
4.050772e-01
1.161510e+00
7.077897e-02
2.882066e-01
9.468369e-01
7.311823e-02
8.713020e-01
-4.730689e-01
1.305321e-01
2.882066e-01
9.468369e-01
7.311823e-02
4.050772e-01
1.161510e+00
7.077897e-02
4.049125e-01
1.161787e+00
7.311823e-02
8.641062e-01
-4.691619e-01
1.822296e-01
2.882066e-01
9.468369e-01
7.311823e-02
4.049125e-01
1.161787e+00
7.311823e-02
2.882329e-01
9.478484e-01
7.542856e-02
8.631595e-01
-4.686479e-01
1.879492e-01
2.882329e-01
9.478484e-01
7.542856e-02
4.049125e-01
1.161787e+00
7.311823e-02
4.048611e-01
1.161873e+00
7.363465e-02
8.533322e-01
-4.633123e-01
2.390938e-01
2.882329e-01
9.478484e-01
7.542856e-02
4.048611e-01
1.161873e+00
7.363465e-02
2.882695e-01
9.492559e-01
7.769570e-02
8.475305e-01
-4.601623e-01
2.644666e-01
2.882695e-01
9.492559e-01
7.769570e-02
4.048611e-01
1.161873e+00
7.363465e-02
4.042587e-01
1.162886e+00
7.769570e-02
8.284150e-01
-4.497836e-01
3.338012e-01
2.882695e-01
9.492559e-01
7.769570e-02
4.042587e-01
1.162886e+00
7.769570e-02
2.883162e-01
9.510506e-01
7.990570e-02
8.119249e-01
-4.408303e-01
3.826834e-01
2.883162e-01
9.510506e-01
7.990570e-02
4.042587e-01
1.162886e+00
7.769570e-02
2.883726e-01
9.532213e-01
8.204491e-02
2.153065e-01
9.476539e-02
9.719375e-01
3.138028e-03
1.182205e+00
9.679531e-02
-1.173841e-17
1.184253e+00
9.755708e-02
4.581811e-17
1.178053e+00
9.785970e-02
4.985271e-01
2.194226e-01
8.386444e-01
2.878088e-01
5.459594e-01
9.482630e-02
2.879040e-01
5.561230e-01
9.269571e-02
1.604572e-02
1.173784e+00
9.269571e-02
3.378873e-01
1.487183e-01
9.293627e-01
4.639931e-03
1.181225e+00
9.643073e-02
2.877136e-01
5.357957e-01
9.695689e-02
9.893627e-03
1.177798e+00
9.515539e-02
3.723128e-01
1.638704e-01
9.135259e-01
9.893627e-03
1.177798e+00
9.515539e-02
2.877136e-01
5.357957e-01
9.695689e-02
2.878088e-01
5.459594e-01
9.482630e-02
4.296752e-01
1.891180e-01
8.829573e-01
9.893627e-03
1.177798e+00
9.515539e-02
2.878088e-01
5.459594e-01
9.482630e-02
1.194398e-02
1.176460e+00
9.433564e-02
4.713687e-01
2.074690e-01
8.571862e-01
1.194398e-02
1.176460e+00
9.433564e-02
2.878088e-01
5.459594e-01
9.482630e-02
1.604572e-02
1.173784e+00
9.269571e-02
7.113239e-01
3.130833e-01
6.292831e-01
2.879855e-01
5.648238e-01
8.963840e-02
2.880551e-01
5.722550e-01
8.605875e-02
2.621830e-02
1.167147e+00
8.605875e-02
6.977087e-01
3.070908e-01
6.472232e-01
2.621830e-02
1.167147e+00
8.605875e-02
2.413577e-02
1.168506e+00
8.764961e-02
2.879855e-01
5.648238e-01
8.963840e-02
6.657407e-01
2.930203e-01
6.862422e-01
2.879855e-01
5.648238e-01
8.963840e-02
2.413577e-02
1.168506e+00
8.764961e-02
2.153231e-02
1.170204e+00
8.963840e-02
6.124659e-01
2.695718e-01
7.431127e-01
2.879855e-01
5.648238e-01
8.963840e-02
2.153231e-02
1.170204e+00
8.963840e-02
2.879040e-01
5.561230e-01
9.269571e-02
5.923823e-01
2.607322e-01
7.623004e-01
2.879040e-01
5.561230e-01
9.269571e-02
2.153231e-02
1.170204e+00
8.963840e-02
1.848407e-02
1.172193e+00
9.133698e-02
5.550565e-01
2.443036e-01
7.951277e-01
2.879040e-01
5.561230e-01
9.269571e-02
1.848407e-02
1.172193e+00
9.133698e-02
1.604572e-02
1.173784e+00
9.269571e-02
8.506089e-01
3.743884e-01
3.691855e-01
3.269595e-02
1.162921e+00
7.768499e-02
3.222697e-02
1.163226e+00
7.868581e-02
2.881111e-01
5.782335e-01
8.204491e-02
8.317415e-01
3.660842e-01
4.173589e-01
2.881111e-01
5.782335e-01
8.204491e-02
3.222697e-02
1.163226e+00
7.868581e-02
2.998831e-02
1.164687e+00
8.204491e-02
7.926666e-01
3.488857e-01
4.999584e-01
2.881111e-01
5.782335e-01
8.204491e-02
2.998831e-02
1.164687e+00
8.204491e-02
2.880551e-01
5.722550e-01
8.605875e-02
7.845454e-01
3.453112e-01
5.150229e-01
2.880551e-01
5.722550e-01
8.605875e-02
2.998831e-02
1.164687e+00
8.204491e-02
2.883964e-02
1.165437e+00
8.342520e-02
7.587837e-01
3.339724e-01
5.592046e-01
2.880551e-01
5.722550e-01
8.605875e-02
2.883964e-02
1.165437e+00
8.342520e-02
2.621830e-02
1.167147e+00
8.605875e-02
8.941505e-01
3.935530e-01
2.135673e-01
3.440263e-02
1.161807e+00
7.311563e-02
3.430144e-02
1.161873e+00
7.363465e-02
2.881521e-01
5.826122e-01
7.769570e-02
8.455943e-01
3.721813e-01
3.826896e-01
2.881111e-01
5.782335e-01
8.204491e-02
2.881335e-01
5.806305e-01
7.990570e-02
3.269595e-02
1.162921e+00
7.768499e-02
8.627686e-01
3.797405e-01
3.338075e-01
3.269595e-02
1.162921e+00
7.768499e-02
2.881335e-01
5.806305e-01
7.990570e-02
2.881521e-01
5.826122e-01
7.769570e-02
8.768135e-01
3.859222e-01
2.868136e-01
3.269595e-02
1.162921e+00
7.768499e-02
2.881521e-01
5.826122e-01
7.769570e-02
3.363415e-02
1.162308e+00
7.568286e-02
8.880799e-01
3.908811e-01
2.419219e-01
3.363415e-02
1.162308e+00
7.568286e-02
2.881521e-01
5.826122e-01
7.769570e-02
3.430144e-02
1.161873e+00
7.363465e-02
8.899769e-01
3.917160e-01
2.334521e-01
2.881521e-01
5.826122e-01
7.769570e-02
2.881666e-01
5.841663e-01
7.542856e-02
3.440263e-02
1.161807e+00
7.311563e-02
8.999408e-01
3.961016e-01
1.822364e-01
3.440263e-02
1.161807e+00
7.311563e-02
2.881666e-01
5.841663e-01
7.542856e-02
2.881771e-01
5.852834e-01
7.311823e-02
9.074354e-01
3.994002e-01
1.305390e-01
3.440263e-02
1.161807e+00
7.311563e-02
2.881771e-01
5.852834e-01
7.311823e-02
3.485825e-02
1.161510e+00
7.077897e-02
9.089230e-01
4.000549e-01
1.175374e-01
3.485825e-02
1.161510e+00
7.077897e-02
2.881771e-01
5.852834e-01
7.311823e-02
2.881808e-01
5.856757e-01
7.195132e-02
9.151888e-01
4.028128e-01
1.308885e-02
2.881855e-01
5.861811e-01
6.842519e-02
3.500000e-02
1.161417e+00
6.842519e-02
2.881850e-01
5.861249e-01
6.960300e-02
9.145616e-01
4.025367e-01
3.925982e-02
2.881850e-01
5.861249e-01
6.960300e-02
3.500000e-02
1.161417e+00
6.842519e-02
3.485825e-02
1.161510e+00
7.077897e-02
9.133075e-01
4.019848e-01
6.540388e-02
2.881850e-01
5.861249e-01
6.960300e-02
3.485825e-02
1.161510e+00
7.077897e-02
2.881834e-01
5.859563e-01
7.077897e-02
9.114276e-01
4.011573e-01
9.150088e-02
2.881834e-01
5.859563e-01
7.077897e-02
3.485825e-02
1.161510e+00
7.077897e-02
2.881808e-01
5.856757e-01
7.195132e-02
2.928768e-01
1.289073e-01
9.474208e-01
4.639931e-03
1.181225e+00
9.643073e-02
3.138028e-03
1.182205e+00
9.679531e-02
2.877136e-01
5.357957e-01
9.695689e-02
2.369270e-01
1.042814e-01
9.659146e-01
2.877136e-01
5.357957e-01
9.695689e-02
3.138028e-03
1.182205e+00
9.679531e-02
4.581811e-17
1.178053e+00
9.785970e-02
1.903041e-01
8.376076e-02
9.781455e-01
2.877136e-01
5.357957e-01
9.695689e-02
4.581811e-17
1.178053e+00
9.785970e-02
2.876081e-01
5.245292e-01
9.769104e-02
9.576822e-02
4.215160e-02
9.945108e-01
2.876081e-01
5.245292e-01
9.769104e-02
4.581811e-17
1.178053e+00
9.785970e-02
1.533766e-16
1.166467e+00
9.842519e-02
4.785756e-02
2.106411e-02
9.986320e-01
2.876081e-01
5.245292e-01
9.769104e-02
1.533766e-16
1.166467e+00
9.842519e-02
2.875026e-01
5.132627e-01
9.842519e-02
0.000000e+00
-2.192838e-01
9.756610e-01
5.905512e-01
1.186208e+00
9.796944e-02
3.903832e-01
1.186208e+00
9.796944e-02
3.927879e-01
1.182166e+00
9.688643e-02
0.000000e+00
-2.373870e-01
9.714152e-01
5.905512e-01
1.184562e+00
9.763147e-02
5.905512e-01
1.186208e+00
9.796944e-02
5.868757e-01
1.182213e+00
9.677156e-02
0.000000e+00
-2.644441e-01
9.644011e-01
5.868757e-01
1.182213e+00
9.677156e-02
5.905512e-01
1.186208e+00
9.796944e-02
3.927879e-01
1.182166e+00
9.688643e-02
0.000000e+00
-3.200360e-01
9.474053e-01
5.868757e-01
1.182213e+00
9.677156e-02
3.927879e-01
1.182166e+00
9.688643e-02
5.853398e-01
1.181231e+00
9.641222e-02
0.000000e+00
-3.310975e-01
9.435965e-01
5.853398e-01
1.181231e+00
9.641222e-02
3.927879e-01
1.182166e+00
9.688643e-02
3.933884e-01
1.181157e+00
9.661597e-02
0.000000e+00
-3.799704e-01
9.249987e-01
5.853398e-01
1.181231e+00
9.641222e-02
3.933884e-01
1.181157e+00
9.661597e-02
5.799678e-01
1.177798e+00
9.515539e-02
0.000000e+00
-4.173903e-01
9.087273e-01
5.799678e-01
1.177798e+00
9.515539e-02
3.933884e-01
1.181157e+00
9.661597e-02
3.953626e-01
1.177838e+00
9.506860e-02
0.000000e+00
-4.694354e-01
8.829668e-01
5.799678e-01
1.177798e+00
9.515539e-02
3.953626e-01
1.177838e+00
9.506860e-02
5.779241e-01
1.176491e+00
9.429084e-02
0.000000e+00
-4.847769e-01
8.746378e-01
5.779241e-01
1.176491e+00
9.429084e-02
3.953626e-01
1.177838e+00
9.506860e-02
3.962081e-01
1.176417e+00
9.440596e-02
0.000000e+00
-5.298617e-01
8.480842e-01
5.779241e-01
1.176491e+00
9.429084e-02
3.962081e-01
1.176417e+00
9.440596e-02
3.977374e-01
1.173847e+00
9.260601e-02
0.000000e+00
-9.250090e-01
3.799452e-01
4.040207e-01
1.163286e+00
7.866138e-02
5.571707e-01
1.163226e+00
7.868581e-02
4.031869e-01
1.164687e+00
8.204491e-02
0.000000e+00
-9.087418e-01
4.173589e-01
4.031869e-01
1.164687e+00
8.204491e-02
5.571707e-01
1.163226e+00
7.868581e-02
5.594559e-01
1.164687e+00
8.204491e-02
0.000000e+00
-8.829594e-01
4.694495e-01
4.031869e-01
1.164687e+00
8.204491e-02
5.594559e-01
1.164687e+00
8.204491e-02
4.026993e-01
1.165507e+00
8.338230e-02
0.000000e+00
-8.746302e-01
4.847908e-01
4.026993e-01
1.165507e+00
8.338230e-02
5.594559e-01
1.164687e+00
8.204491e-02
5.606284e-01
1.165437e+00
8.342520e-02
0.000000e+00
-8.480679e-01
5.298875e-01
4.026993e-01
1.165507e+00
8.338230e-02
5.606284e-01
1.165437e+00
8.342520e-02
4.017235e-01
1.167147e+00
8.605875e-02
0.000000e+00
-8.290296e-01
5.592046e-01
4.017235e-01
1.167147e+00
8.605875e-02
5.606284e-01
1.165437e+00
8.342520e-02
5.633042e-01
1.167147e+00
8.605875e-02
0.000000e+00
-7.951233e-01
6.064478e-01
4.017235e-01
1.167147e+00
8.605875e-02
5.633042e-01
1.167147e+00
8.605875e-02
4.009565e-01
1.168436e+00
8.770882e-02
0.000000e+00
-7.807914e-01
6.247919e-01
4.009565e-01
1.168436e+00
8.770882e-02
5.633042e-01
1.167147e+00
8.605875e-02
5.653211e-01
1.168436e+00
8.770882e-02
0.000000e+00
-7.470305e-01
6.647897e-01
4.009565e-01
1.168436e+00
8.770882e-02
5.653211e-01
1.168436e+00
8.770882e-02
3.998566e-01
1.170285e+00
8.955768e-02
0.000000e+00
-7.273681e-01
6.862476e-01
3.998566e-01
1.170285e+00
8.955768e-02
5.653211e-01
1.168436e+00
8.770882e-02
5.682137e-01
1.170285e+00
8.955768e-02
0.000000e+00
-6.862476e-01
7.273681e-01
3.998566e-01
1.170285e+00
8.955768e-02
5.682137e-01
1.170285e+00
8.955768e-02
3.987566e-01
1.172134e+00
9.140653e-02
0.000000e+00
-6.647897e-01
7.470305e-01
3.987566e-01
1.172134e+00
9.140653e-02
5.682137e-01
1.170285e+00
8.955768e-02
5.711064e-01
1.172134e+00
9.140653e-02
0.000000e+00
-6.248074e-01
7.807789e-01
3.987566e-01
1.172134e+00
9.140653e-02
5.711064e-01
1.172134e+00
9.140653e-02
3.977374e-01
1.173847e+00
9.260601e-02
0.000000e+00
-6.065139e-01
7.950729e-01
3.977374e-01
1.173847e+00
9.260601e-02
5.711064e-01
1.172134e+00
9.140653e-02
5.738318e-01
1.173876e+00
9.255954e-02
0.000000e+00
-5.592127e-01
8.290243e-01
3.977374e-01
1.173847e+00
9.260601e-02
5.738318e-01
1.173876e+00
9.255954e-02
5.779241e-01
1.176491e+00
9.429084e-02
0.000000e+00
-9.906677e-01
1.362993e-01
5.544848e-01
1.161510e+00
7.077897e-02
5.549180e-01
1.161787e+00
7.311823e-02
4.048611e-01
1.161873e+00
7.363465e-02
0.000000e+00
-9.858022e-01
1.679109e-01
4.048611e-01
1.161873e+00
7.363465e-02
5.549180e-01
1.161787e+00
7.311823e-02
5.550812e-01
1.161891e+00
7.363101e-02
0.000000e+00
-9.756708e-01
2.192407e-01
4.048611e-01
1.161873e+00
7.363465e-02
5.550812e-01
1.161891e+00
7.363101e-02
4.042587e-01
1.162886e+00
7.769570e-02
0.000000e+00
-9.702970e-01
2.419169e-01
4.042587e-01
1.162886e+00
7.769570e-02
5.550812e-01
1.161891e+00
7.363101e-02
5.557344e-01
1.162308e+00
7.568286e-02
0.000000e+00
-9.545951e-01
2.979061e-01
4.042587e-01
1.162886e+00
7.769570e-02
5.557344e-01
1.162308e+00
7.568286e-02
4.040207e-01
1.163286e+00
7.866138e-02
0.000000e+00
-9.545951e-01
2.979062e-01
4.040207e-01
1.163286e+00
7.866138e-02
5.557344e-01
1.162308e+00
7.568286e-02
5.566374e-01
1.162886e+00
7.769570e-02
0.000000e+00
-9.436184e-01
3.310351e-01
4.040207e-01
1.163286e+00
7.866138e-02
5.566374e-01
1.162886e+00
7.769570e-02
5.571707e-01
1.163226e+00
7.868581e-02
0.000000e+00
-9.996575e-01
2.617097e-02
4.051323e-01
1.161417e+00
6.842519e-02
5.543401e-01
1.161417e+00
6.842519e-02
4.050772e-01
1.161510e+00
7.077897e-02
0.000000e+00
-9.986292e-01
5.234194e-02
4.050772e-01
1.161510e+00
7.077897e-02
5.543401e-01
1.161417e+00
6.842519e-02
5.544848e-01
1.161510e+00
7.077897e-02
0.000000e+00
-9.945225e-01
1.045225e-01
4.050772e-01
1.161510e+00
7.077897e-02
5.544848e-01
1.161510e+00
7.077897e-02
4.049125e-01
1.161787e+00
7.311823e-02
0.000000e+00
-9.906677e-01
1.362993e-01
4.049125e-01
1.161787e+00
7.311823e-02
5.544848e-01
1.161510e+00
7.077897e-02
4.048611e-01
1.161873e+00
7.363465e-02
0.000000e+00
-1.679447e-01
9.857965e-01
3.903832e-01
1.186208e+00
9.796944e-02
5.905512e-01
1.186208e+00
9.796944e-02
3.900737e-01
1.186728e+00
9.801494e-02
0.000000e+00
-1.103962e-01
9.938877e-01
3.900737e-01
1.186728e+00
9.801494e-02
5.905512e-01
1.186208e+00
9.796944e-02
5.905512e-01
1.191417e+00
9.842519e-02
0.000000e+00
-5.231708e-02
9.986305e-01
3.900737e-01
1.186728e+00
9.801494e-02
5.905512e-01
1.191417e+00
9.842519e-02
3.872839e-01
1.191417e+00
9.842519e-02
-9.072513e-01
4.197739e-01
2.617097e-02
5.544848e-01
1.161510e+00
7.077897e-02
5.543401e-01
1.161417e+00
6.842519e-02
2.881855e-01
5.861811e-01
6.842519e-02
-9.047644e-01
4.186233e-01
7.845910e-02
5.544848e-01
1.161510e+00
7.077897e-02
2.881855e-01
5.861811e-01
6.842519e-02
5.549180e-01
1.161787e+00
7.311823e-02
-9.056206e-01
4.190194e-01
6.537697e-02
5.549180e-01
1.161787e+00
7.311823e-02
2.881855e-01
5.861811e-01
6.842519e-02
2.881850e-01
5.861249e-01
6.960300e-02
-9.037555e-01
4.181565e-01
9.149417e-02
5.549180e-01
1.161787e+00
7.311823e-02
2.881850e-01
5.861249e-01
6.960300e-02
2.881834e-01
5.859563e-01
7.077897e-02
-8.818648e-01
4.080279e-01
2.362787e-01
5.566374e-01
1.162886e+00
7.769570e-02
5.557344e-01
1.162308e+00
7.568286e-02
2.881771e-01
5.852834e-01
7.311823e-02
-9.012713e-01
4.170071e-01
1.175374e-01
2.881834e-01
5.859563e-01
7.077897e-02
2.881808e-01
5.856757e-01
7.195132e-02
5.549180e-01
1.161787e+00
7.311823e-02
-8.981701e-01
4.155721e-01
1.434934e-01
5.549180e-01
1.161787e+00
7.311823e-02
2.881808e-01
5.856757e-01
7.195132e-02
2.881771e-01
5.852834e-01
7.311823e-02
-8.955482e-01
4.143590e-01
1.621728e-01
5.549180e-01
1.161787e+00
7.311823e-02
2.881771e-01
5.852834e-01
7.311823e-02
5.550812e-01
1.161891e+00
7.363101e-02
-8.908895e-01
4.122035e-01
1.907987e-01
5.550812e-01
1.161891e+00
7.363101e-02
2.881771e-01
5.852834e-01
7.311823e-02
5.557344e-01
1.162308e+00
7.568286e-02
-8.824861e-01
4.083154e-01
2.334454e-01
2.881771e-01
5.852834e-01
7.311823e-02
2.881666e-01
5.841663e-01
7.542856e-02
5.566374e-01
1.162886e+00
7.769570e-02
-8.701870e-01
4.026247e-01
2.840210e-01
5.566374e-01
1.162886e+00
7.769570e-02
2.881666e-01
5.841663e-01
7.542856e-02
2.881521e-01
5.826122e-01
7.769570e-02
-8.598216e-01
3.978287e-01
3.200614e-01
5.566374e-01
1.162886e+00
7.769570e-02
2.881521e-01
5.826122e-01
7.769570e-02
5.571707e-01
1.163226e+00
7.868581e-02
-8.519232e-01
3.941743e-01
3.447514e-01
5.571707e-01
1.163226e+00
7.868581e-02
2.881521e-01
5.826122e-01
7.769570e-02
2.881335e-01
5.806305e-01
7.990570e-02
-8.343829e-01
3.860586e-01
3.934005e-01
5.571707e-01
1.163226e+00
7.868581e-02
2.881335e-01
5.806305e-01
7.990570e-02
5.594559e-01
1.164687e+00
8.204491e-02
-8.191499e-01
3.790105e-01
4.305165e-01
5.594559e-01
1.164687e+00
8.204491e-02
2.881335e-01
5.806305e-01
7.990570e-02
2.881111e-01
5.782335e-01
8.204491e-02
-8.013306e-01
3.707657e-01
4.694700e-01
5.594559e-01
1.164687e+00
8.204491e-02
2.881111e-01
5.782335e-01
8.204491e-02
5.606284e-01
1.165437e+00
8.342520e-02
-7.779409e-01
3.599436e-01
5.150229e-01
5.606284e-01
1.165437e+00
8.342520e-02
2.881111e-01
5.782335e-01
8.204491e-02
5.633042e-01
1.167147e+00
8.605875e-02
-7.611220e-01
3.521617e-01
5.446792e-01
5.633042e-01
1.167147e+00
8.605875e-02
2.881111e-01
5.782335e-01
8.204491e-02
2.880551e-01
5.722550e-01
8.605875e-02
-7.216238e-01
3.338864e-01
6.064477e-01
5.633042e-01
1.167147e+00
8.605875e-02
2.880551e-01
5.722550e-01
8.605875e-02
5.653211e-01
1.168436e+00
8.770882e-02
-6.918308e-01
3.201015e-01
6.472289e-01
5.653211e-01
1.168436e+00
8.770882e-02
2.880551e-01
5.722550e-01
8.605875e-02
5.682137e-01
1.170285e+00
8.955768e-02
-6.744210e-01
3.120462e-01
6.691663e-01
5.682137e-01
1.170285e+00
8.955768e-02
2.880551e-01
5.722550e-01
8.605875e-02
2.879855e-01
5.648238e-01
8.963840e-02
-6.228124e-01
2.881676e-01
7.273681e-01
5.682137e-01
1.170285e+00
8.955768e-02
2.879855e-01
5.648238e-01
8.963840e-02
5.711064e-01
1.172134e+00
9.140653e-02
-5.874442e-01
2.718031e-01
7.622548e-01
5.711064e-01
1.172134e+00
9.140653e-02
2.879855e-01
5.648238e-01
8.963840e-02
5.738318e-01
1.173876e+00
9.255954e-02
-5.711583e-01
2.642679e-01
7.771363e-01
5.738318e-01
1.173876e+00
9.255954e-02
2.879855e-01
5.648238e-01
8.963840e-02
2.879040e-01
5.561230e-01
9.269571e-02
-5.075052e-01
2.348164e-01
8.290354e-01
5.738318e-01
1.173876e+00
9.255954e-02
2.879040e-01
5.561230e-01
9.269571e-02
5.779241e-01
1.176491e+00
9.429084e-02
-4.673578e-01
2.162407e-01
8.572145e-01
5.779241e-01
1.176491e+00
9.429084e-02
2.879040e-01
5.561230e-01
9.269571e-02
5.799678e-01
1.177798e+00
9.515539e-02
-4.537434e-01
2.099414e-01
8.660493e-01
5.799678e-01
1.177798e+00
9.515539e-02
2.879040e-01
5.561230e-01
9.269571e-02
2.878088e-01
5.459594e-01
9.482630e-02
-3.787764e-01
1.752551e-01
9.087431e-01
5.799678e-01
1.177798e+00
9.515539e-02
2.878088e-01
5.459594e-01
9.482630e-02
5.853398e-01
1.181231e+00
9.641222e-02
-2.103660e-01
9.733374e-02
9.727653e-01
5.905512e-01
1.179361e+00
9.788435e-02
5.905512e-01
1.184562e+00
9.763147e-02
5.868757e-01
1.182213e+00
9.677156e-02
-3.349976e-01
1.549992e-01
9.293825e-01
5.853398e-01
1.181231e+00
9.641222e-02
2.878088e-01
5.459594e-01
9.482630e-02
5.868757e-01
1.182213e+00
9.677156e-02
-3.251476e-01
1.504418e-01
9.336200e-01
5.868757e-01
1.182213e+00
9.677156e-02
2.878088e-01
5.459594e-01
9.482630e-02
2.877136e-01
5.357957e-01
9.695689e-02
-2.349329e-01
1.087005e-01
9.659145e-01
5.868757e-01
1.182213e+00
9.677156e-02
2.877136e-01
5.357957e-01
9.695689e-02
5.905512e-01
1.179361e+00
9.788435e-02
-1.887023e-01
8.731023e-02
9.781454e-01
2.877136e-01
5.357957e-01
9.695689e-02
2.876081e-01
5.245292e-01
9.769104e-02
5.905512e-01
1.179361e+00
9.788435e-02
-9.496234e-02
4.393790e-02
9.945107e-01
5.905512e-01
1.179361e+00
9.788435e-02
2.876081e-01
5.245292e-01
9.769104e-02
2.875026e-01
5.132627e-01
9.842519e-02
-4.750767e-02
2.198121e-02
9.986290e-01
5.905512e-01
1.179361e+00
9.788435e-02
2.875026e-01
5.132627e-01
9.842519e-02
5.905512e-01
1.168237e+00
9.842519e-02
