0.000000e+00
0.000000e+00
1.000000e+00
5.905512e-01
0.000000e+00
9.842519e-02
5.905512e-01
1.184698e+00
9.842519e-02
4.610724e-01
5.081676e-01
9.842519e-02
0.000000e+00
0.000000e+00
1.000000e+00
4.610724e-01
5.081676e-01
9.842519e-02
2.962508e-01
7.574686e-01
9.842519e-02
5.905512e-01
0.000000e+00
9.842519e-02
0.000000e+00
0.000000e+00
1.000000e+00
5.905512e-01
0.000000e+00
9.842519e-02
2.962508e-01
7.574686e-01
9.842519e-02
1.316185e-01
5.084541e-01
9.842519e-02
0.000000e+00
0.000000e+00
1.000000e+00
5.905512e-01
0.000000e+00
9.842519e-02
1.316185e-01
5.084541e-01
9.842519e-02
0.000000e+00
0.000000e+00
9.842519e-02
0.000000e+00
0.000000e+00
1.000000e+00
0.000000e+00
0.000000e+00
9.842519e-02
1.316185e-01
5.084541e-01
9.842519e-02
0.000000e+00
1.184193e+00
9.842519e-02
-1.000000e+00
0.000000e+00
0.000000e+00
0.000000e+00
1.771654e+00
9.842519e-02
0.000000e+00
1.771654e+00
0.000000e+00
0.000000e+00
1.191417e+00
9.842519e-02
-1.000000e+00
0.000000e+00
0.000000e+00
0.000000e+00
1.191417e+00
9.842519e-02
0.000000e+00
1.771654e+00
0.000000e+00
0.000000e+00
1.190258e+00
9.840278e-02
-1.000000e+00
0.000000e+00
0.000000e+00
0.000000e+00
1.190258e+00
9.840278e-02
0.000000e+00
1.771654e+00
0.000000e+00
0.000000e+00
1.184193e+00
9.842519e-02
-1.000000e+00
0.000000e+00
0.000000e+00
0.000000e+00
1.184193e+00
9.842519e-02
0.000000e+00
1.771654e+00
0.000000e+00
0.000000e+00
0.000000e+00
0.000000e+00
-1.000000e+00
0.000000e+00
0.000000e+00
0.000000e+00
1.184193e+00
9.842519e-02
0.000000e+00
0.000000e+00
0.000000e+00
0.000000e+00
0.000000e+00
9.842519e-02
0.000000e+00
-1.000000e+00
0.000000e+00
5.905512e-01
0.000000e+00
9.842519e-02
0.000000e+00
0.000000e+00
9.842519e-02
5.905512e-01
0.000000e+00
0.000000e+00
0.000000e+00
-1.000000e+00
0.000000e+00
5.905512e-01
0.000000e+00
0.000000e+00
0.000000e+00
0.000000e+00
9.842519e-02
0.000000e+00
0.000000e+00
0.000000e+00
1.000000e+00
0.000000e+00
0.000000e+00
5.905512e-01
1.771654e+00
0.000000e+00
5.905512e-01
1.771654e+00
9.842519e-02
5.905512e-01
1.191417e+00
9.842519e-02
1.000000e+00
0.000000e+00
0.000000e+00
5.905512e-01
0.000000e+00
9.842519e-02
5.905512e-01
0.000000e+00
0.000000e+00
5.905512e-01
1.184698e+00
9.842519e-02
1.000000e+00
0.000000e+00
0.000000e+00
5.905512e-01
1.184698e+00
9.842519e-02
5.905512e-01
0.000000e+00
0.000000e+00
5.905512e-01
1.771654e+00
0.000000e+00
1.000000e+00
0.000000e+00
0.000000e+00
5.905512e-01
1.184698e+00
9.842519e-02
5.905512e-01
1.771654e+00
0.000000e+00
5.905512e-01
1.190354e+00
9.840635e-02
1.000000e+00
0.000000e+00
0.000000e+00
5.905512e-01
1.190354e+00
9.840635e-02
5.905512e-01
1.771654e+00
0.000000e+00
5.905512e-01
1.191417e+00
9.842519e-02
0.000000e+00
1.000000e+00
0.000000e+00
0.000000e+00
1.771654e+00
9.842519e-02
5.905512e-01
1.771654e+00
9.842519e-02
0.000000e+00
1.771654e+00
0.000000e+00
0.000000e+00
1.000000e+00
0.000000e+00
0.000000e+00
1.771654e+00
0.000000e+00
5.905512e-01
1.771654e+00
9.842519e-02
5.905512e-01
1.771654e+00
0.000000e+00
0.000000e+00
0.000000e+00
1.000000e+00
3.892051e-01
1.191417e+00
9.842519e-02
5.905512e-01
1.191417e+00
9.842519e-02
5.905512e-01
1.771654e+00
9.842519e-02
0.000000e+00
0.000000e+00
1.000000e+00
2.023458e-01
1.191417e+00
9.842519e-02
2.403012e-01
1.086857e+00
9.842519e-02
2.964698e-01
1.139949e+00
9.842519e-02
0.000000e+00
0.000000e+00
1.000000e+00
5.905512e-01
1.771654e+00
9.842519e-02
0.000000e+00
1.771654e+00
9.842519e-02
0.000000e+00
1.191417e+00
9.842519e-02
0.000000e+00
0.000000e+00
1.000000e+00
0.000000e+00
1.191417e+00
9.842519e-02
2.023458e-01
1.191417e+00
9.842519e-02
5.905512e-01
1.771654e+00
9.842519e-02
0.000000e+00
0.000000e+00
1.000000e+00
5.905512e-01
1.771654e+00
9.842519e-02
2.023458e-01
1.191417e+00
9.842519e-02
2.964698e-01
1.139949e+00
9.842519e-02
0.000000e+00
0.000000e+00
1.000000e+00
5.905512e-01
1.771654e+00
9.842519e-02
2.964698e-01
1.139949e+00
9.842519e-02
3.892051e-01
1.191417e+00
9.842519e-02
0.000000e+00
0.000000e+00
1.000000e+00
3.892051e-01
1.191417e+00
9.842519e-02
2.964698e-01
1.139949e+00
9.842519e-02
3.457921e-01
1.087768e+00
9.842519e-02
0.000000e+00
0.000000e+00
-1.000000e+00
1.470429e-01
5.861811e-01
0.000000e+00
2.962508e-01
8.118656e-01
0.000000e+00
4.454587e-01
5.861811e-01
0.000000e+00
0.000000e+00
0.000000e+00
-1.000000e+00
3.556547e-01
1.033661e+00
0.000000e+00
2.952756e-01
1.097539e+00
0.000000e+00
4.091649e-01
1.161417e+00
0.000000e+00
0.000000e+00
0.000000e+00
-1.000000e+00
4.091649e-01
1.161417e+00
0.000000e+00
2.952756e-01
1.097539e+00
0.000000e+00
5.905512e-01
1.771654e+00
0.000000e+00
0.000000e+00
0.000000e+00
-1.000000e+00
4.091649e-01
1.161417e+00
0.000000e+00
5.905512e-01
1.771654e+00
0.000000e+00
5.555512e-01
1.161417e+00
0.000000e+00
0.000000e+00
0.000000e+00
-1.000000e+00
5.555512e-01
1.161417e+00
0.000000e+00
5.905512e-01
1.771654e+00
0.000000e+00
5.905512e-01
0.000000e+00
0.000000e+00
0.000000e+00
0.000000e+00
-1.000000e+00
2.952756e-01
1.097539e+00
0.000000e+00
2.276958e-01
1.033661e+00
0.000000e+00
5.905512e-01
1.771654e+00
0.000000e+00
0.000000e+00
0.000000e+00
-1.000000e+00
5.905512e-01
1.771654e+00
0.000000e+00
2.276958e-01
1.033661e+00
0.000000e+00
1.813204e-01
1.161417e+00
0.000000e+00
0.000000e+00
0.000000e+00
-1.000000e+00
5.905512e-01
1.771654e+00
0.000000e+00
1.813204e-01
1.161417e+00
0.000000e+00
0.000000e+00
1.771654e+00
0.000000e+00
0.000000e+00
0.000000e+00
-1.000000e+00
0.000000e+00
1.771654e+00
0.000000e+00
1.813204e-01
1.161417e+00
0.000000e+00
3.500000e-02
1.161417e+00
0.000000e+00
0.000000e+00
0.000000e+00
-1.000000e+00
0.000000e+00
1.771654e+00
0.000000e+00
3.500000e-02
1.161417e+00
0.000000e+00
0.000000e+00
0.000000e+00
0.000000e+00
0.000000e+00
0.000000e+00
-1.000000e+00
0.000000e+00
0.000000e+00
0.000000e+00
3.500000e-02
1.161417e+00
0.000000e+00
1.470429e-01
5.861811e-01
0.000000e+00
0.000000e+00
0.000000e+00
-1.000000e+00
0.000000e+00
0.000000e+00
0.000000e+00
1.470429e-01
5.861811e-01
0.000000e+00
5.905512e-01
0.000000e+00
0.000000e+00
0.000000e+00
0.000000e+00
-1.000000e+00
5.905512e-01
0.000000e+00
0.000000e+00
1.470429e-01
5.861811e-01
0.000000e+00
4.454587e-01
5.861811e-01
0.000000e+00
0.000000e+00
0.000000e+00
-1.000000e+00
5.905512e-01
0.000000e+00
0.000000e+00
4.454587e-01
5.861811e-01
0.000000e+00
5.555512e-01
1.161417e+00
0.000000e+00
9.815542e-01
1.911843e-01
0.000000e+00
1.470429e-01
5.861811e-01
6.842519e-02
1.470429e-01
5.861811e-01
0.000000e+00
3.500000e-02
1.161417e+00
6.842519e-02
9.815542e-01
1.911843e-01
0.000000e+00
3.500000e-02
1.161417e+00
6.842519e-02
1.470429e-01
5.861811e-01
0.000000e+00
3.500000e-02
1.161417e+00
0.000000e+00
0.000000e+00
-1.000000e+00
0.000000e+00
3.500000e-02
1.161417e+00
6.842519e-02
3.500000e-02
1.161417e+00
0.000000e+00
1.813204e-01
1.161417e+00
6.842519e-02
0.000000e+00
-1.000000e+00
0.000000e+00
1.813204e-01
1.161417e+00
6.842519e-02
3.500000e-02
1.161417e+00
0.000000e+00
1.813204e-01
1.161417e+00
0.000000e+00
-9.399856e-01
-3.412143e-01
0.000000e+00
1.813204e-01
1.161417e+00
6.842519e-02
1.813204e-01
1.161417e+00
5.335641e-19
2.276958e-01
1.033661e+00
6.842519e-02
-9.399856e-01
-3.412143e-01
0.000000e+00
2.276958e-01
1.033661e+00
6.842519e-02
1.813204e-01
1.161417e+00
5.335641e-19
2.276958e-01
1.033661e+00
5.335641e-19
6.869232e-01
-7.267300e-01
0.000000e+00
2.276958e-01
1.033661e+00
6.842519e-02
2.276958e-01
1.033661e+00
0.000000e+00
2.952756e-01
1.097539e+00
6.842519e-02
6.869232e-01
-7.267300e-01
0.000000e+00
2.952756e-01
1.097539e+00
6.842519e-02
2.276958e-01
1.033661e+00
0.000000e+00
2.952756e-01
1.097539e+00
0.000000e+00
-7.267300e-01
-6.869232e-01
0.000000e+00
2.952756e-01
1.097539e+00
6.842519e-02
2.952756e-01
1.097539e+00
0.000000e+00
3.556547e-01
1.033661e+00
6.842519e-02
-7.267300e-01
-6.869232e-01
0.000000e+00
3.556547e-01
1.033661e+00
6.842519e-02
2.952756e-01
1.097539e+00
0.000000e+00
3.556547e-01
1.033661e+00
0.000000e+00
9.223618e-01
-3.863272e-01
0.000000e+00
3.556547e-01
1.033661e+00
6.842519e-02
3.556547e-01
1.033661e+00
5.335641e-19
4.091649e-01
1.161417e+00
6.842519e-02
9.223618e-01
-3.863272e-01
0.000000e+00
4.091649e-01
1.161417e+00
6.842519e-02
3.556547e-01
1.033661e+00
5.335641e-19
4.091649e-01
1.161417e+00
5.335641e-19
0.000000e+00
-1.000000e+00
0.000000e+00
4.091649e-01
1.161417e+00
6.842519e-02
4.091649e-01
1.161417e+00
0.000000e+00
5.555512e-01
1.161417e+00
6.842519e-02
0.000000e+00
-1.000000e+00
0.000000e+00
5.555512e-01
1.161417e+00
6.842519e-02
4.091649e-01
1.161417e+00
0.000000e+00
5.555512e-01
1.161417e+00
0.000000e+00
-9.821739e-01
1.879749e-01
0.000000e+00
5.555512e-01
1.161417e+00
6.842519e-02
5.555512e-01
1.161417e+00
0.000000e+00
4.454587e-01
5.861811e-01
6.842519e-02
-9.821739e-01
1.879749e-01
0.000000e+00
4.454587e-01
5.861811e-01
6.842519e-02
5.555512e-01
1.161417e+00
0.000000e+00
4.454587e-01
5.861811e-01
0.000000e+00
8.341739e-01
5.515016e-01
0.000000e+00
4.454587e-01
5.861811e-01
6.842519e-02
4.454587e-01
5.861811e-01
0.000000e+00
2.962508e-01
8.118656e-01
6.842519e-02
8.341739e-01
5.515016e-01
0.000000e+00
2.962508e-01
8.118656e-01
6.842519e-02
4.454587e-01
5.861811e-01
0.000000e+00
2.962508e-01
8.118656e-01
0.000000e+00
-8.341739e-01
5.515016e-01
0.000000e+00
2.962508e-01
8.118656e-01
6.842519e-02
2.962508e-01
8.118656e-01
0.000000e+00
1.470429e-01
5.861811e-01
6.842519e-02
-8.341739e-01
5.515016e-01
0.000000e+00
1.470429e-01
5.861811e-01
6.842519e-02
2.962508e-01
8.118656e-01
0.000000e+00
1.470429e-01
5.861811e-01
0.000000e+00
8.341025e-01
5.514543e-01
1.308885e-02
4.454707e-01
5.861210e-01
6.960300e-02
4.454587e-01
5.861811e-01
6.842519e-02
2.962508e-01
8.118656e-01
6.842519e-02
8.335307e-01
5.510764e-01
3.925982e-02
4.454707e-01
5.861210e-01
6.960300e-02
2.962508e-01
8.118656e-01
6.842519e-02
4.455068e-01
5.859406e-01
7.077897e-02
8.093953e-01
5.351196e-01
2.419219e-01
2.962508e-01
8.102497e-01
7.568286e-02
2.962508e-01
8.092033e-01
7.769570e-02
4.456959e-01
5.849959e-01
7.363465e-02
8.323874e-01
5.503204e-01
6.541059e-02
4.455068e-01
5.859406e-01
7.077897e-02
2.962508e-01
8.118656e-01
6.842519e-02
4.455670e-01
5.856404e-01
7.195132e-02
8.323874e-01
5.503204e-01
6.541059e-02
4.455670e-01
5.856404e-01
7.195132e-02
2.962508e-01
8.118656e-01
6.842519e-02
2.962508e-01
8.116978e-01
7.077897e-02
8.283916e-01
5.476787e-01
1.175386e-01
4.455670e-01
5.856404e-01
7.195132e-02
2.962508e-01
8.116978e-01
7.077897e-02
4.456562e-01
5.851942e-01
7.311673e-02
8.270366e-01
5.467829e-01
1.305333e-01
4.456562e-01
5.851942e-01
7.311673e-02
2.962508e-01
8.116978e-01
7.077897e-02
2.962508e-01
8.111959e-01
7.311823e-02
8.231305e-01
5.442004e-01
1.621790e-01
4.456562e-01
5.851942e-01
7.311673e-02
2.962508e-01
8.111959e-01
7.311823e-02
4.456959e-01
5.849959e-01
7.363465e-02
8.223304e-01
5.436714e-01
1.679109e-01
4.456959e-01
5.849959e-01
7.363465e-02
2.962508e-01
8.111959e-01
7.311823e-02
2.962508e-01
8.110067e-01
7.363101e-02
8.179094e-01
5.407485e-01
1.965074e-01
4.456959e-01
5.849959e-01
7.363465e-02
2.962508e-01
8.110067e-01
7.363101e-02
2.962508e-01
8.102497e-01
7.568286e-02
3.915909e-01
2.588944e-01
8.829668e-01
2.962508e-01
7.820897e-01
9.506880e-02
4.539840e-01
5.435850e-01
9.515539e-02
4.533039e-01
5.469828e-01
9.429056e-02
4.043883e-01
2.673553e-01
8.746378e-01
2.962508e-01
7.820897e-01
9.506880e-02
4.533039e-01
5.469828e-01
9.429056e-02
2.962508e-01
7.846671e-01
9.440596e-02
4.420279e-01
2.922401e-01
8.480608e-01
2.962508e-01
7.846671e-01
9.440596e-02
4.533039e-01
5.469828e-01
9.429056e-02
4.519430e-01
5.537828e-01
9.255977e-02
4.665262e-01
3.084368e-01
8.289873e-01
2.962508e-01
7.846671e-01
9.440596e-02
4.519430e-01
5.537828e-01
9.255977e-02
2.962508e-01
7.893278e-01
9.260616e-02
5.059329e-01
3.344900e-01
7.950775e-01
2.962508e-01
7.893278e-01
9.260616e-02
4.519430e-01
5.537828e-01
9.255977e-02
4.510361e-01
5.583137e-01
9.140653e-02
5.211961e-01
3.445810e-01
7.807807e-01
2.962508e-01
7.893278e-01
9.260616e-02
4.510361e-01
5.583137e-01
9.140653e-02
2.962508e-01
7.924343e-01
9.140653e-02
5.545126e-01
3.666077e-01
7.470707e-01
2.962508e-01
7.924343e-01
9.140653e-02
4.510361e-01
5.583137e-01
9.140653e-02
4.501094e-01
5.629441e-01
8.949707e-02
5.724131e-01
3.784424e-01
7.274095e-01
2.962508e-01
7.924343e-01
9.140653e-02
4.501094e-01
5.629441e-01
8.949707e-02
2.962508e-01
7.957867e-01
8.955768e-02
6.067628e-01
4.011522e-01
6.862331e-01
2.962508e-01
7.957867e-01
8.955768e-02
4.501094e-01
5.629441e-01
8.949707e-02
4.491819e-01
5.675781e-01
8.758608e-02
6.231980e-01
4.120181e-01
6.647295e-01
2.962508e-01
7.957867e-01
8.955768e-02
4.491819e-01
5.675781e-01
8.758608e-02
2.962508e-01
7.991391e-01
8.770882e-02
6.513578e-01
4.306355e-01
6.247289e-01
2.962508e-01
7.991391e-01
8.770882e-02
4.491819e-01
5.675781e-01
8.758608e-02
4.484407e-01
5.712819e-01
8.605875e-02
6.632711e-01
4.385118e-01
6.064478e-01
2.962508e-01
7.991391e-01
8.770882e-02
4.484407e-01
5.712819e-01
8.605875e-02
2.962508e-01
8.014767e-01
8.605875e-02
6.915637e-01
4.572170e-01
5.591889e-01
2.962508e-01
8.014767e-01
8.605875e-02
4.484407e-01
5.712819e-01
8.605875e-02
4.475871e-01
5.755464e-01
8.338263e-02
7.074342e-01
4.677095e-01
5.298911e-01
2.962508e-01
8.014767e-01
8.605875e-02
4.475871e-01
5.755464e-01
8.338263e-02
2.962508e-01
8.045778e-01
8.342520e-02
7.295919e-01
4.823588e-01
4.847946e-01
2.962508e-01
8.045778e-01
8.342520e-02
4.475871e-01
5.755464e-01
8.338263e-02
4.471605e-01
5.776781e-01
8.204491e-02
7.365325e-01
4.869474e-01
4.694700e-01
2.962508e-01
8.045778e-01
8.342520e-02
4.471605e-01
5.776781e-01
8.204491e-02
2.962508e-01
8.059366e-01
8.204491e-02
7.580486e-01
5.011725e-01
4.173590e-01
2.962508e-01
8.059366e-01
8.204491e-02
4.471605e-01
5.776781e-01
8.204491e-02
4.464003e-01
5.814763e-01
7.868581e-02
7.716086e-01
5.101375e-01
3.799735e-01
2.962508e-01
8.059366e-01
8.204491e-02
4.464003e-01
5.814763e-01
7.868581e-02
2.962508e-01
8.085850e-01
7.868581e-02
7.871334e-01
5.204014e-01
3.310639e-01
2.962508e-01
8.085850e-01
7.868581e-02
4.464003e-01
5.814763e-01
7.868581e-02
4.462229e-01
5.823629e-01
7.769570e-02
7.902936e-01
5.224909e-01
3.200614e-01
2.962508e-01
8.085850e-01
7.868581e-02
4.462229e-01
5.823629e-01
7.769570e-02
2.962508e-01
8.092033e-01
7.769570e-02
7.991288e-01
5.283321e-01
2.868073e-01
2.962508e-01
8.092033e-01
7.769570e-02
4.462229e-01
5.823629e-01
7.769570e-02
4.459225e-01
5.838637e-01
7.568286e-02
8.093953e-01
5.351196e-01
2.419219e-01
2.962508e-01
8.092033e-01
7.769570e-02
4.459225e-01
5.838637e-01
7.568286e-02
4.456959e-01
5.849959e-01
7.363465e-02
3.482231e-01
2.302225e-01
9.087014e-01
4.539840e-01
5.435850e-01
9.515539e-02
2.962508e-01
7.820897e-01
9.506880e-02
4.557861e-01
5.345805e-01
9.631398e-02
3.170385e-01
2.096053e-01
9.249607e-01
4.557861e-01
5.345805e-01
9.631398e-02
2.962508e-01
7.820897e-01
9.506880e-02
2.962508e-01
7.760735e-01
9.661597e-02
2.761997e-01
1.826053e-01
9.435937e-01
4.557861e-01
5.345805e-01
9.631398e-02
2.962508e-01
7.760735e-01
9.661597e-02
4.563014e-01
5.320061e-01
9.664522e-02
2.669946e-01
1.765195e-01
9.473937e-01
4.563014e-01
5.320061e-01
9.664522e-02
2.962508e-01
7.760735e-01
9.661597e-02
2.962508e-01
7.742424e-01
9.688656e-02
2.206190e-01
1.458590e-01
9.643922e-01
4.563014e-01
5.320061e-01
9.664522e-02
2.962508e-01
7.742424e-01
9.688656e-02
4.583611e-01
5.217145e-01
9.796944e-02
1.829158e-01
1.209321e-01
9.756625e-01
4.583611e-01
5.217145e-01
9.796944e-02
2.962508e-01
7.742424e-01
9.688656e-02
2.962508e-01
7.669146e-01
9.796944e-02
1.400899e-01
9.261832e-02
9.857975e-01
4.583611e-01
5.217145e-01
9.796944e-02
2.962508e-01
7.669146e-01
9.796944e-02
4.586322e-01
5.203601e-01
9.801500e-02
1.353235e-01
8.946710e-02
9.867539e-01
2.962508e-01
7.669146e-01
9.796944e-02
2.962508e-01
7.659705e-01
9.801498e-02
4.586322e-01
5.203601e-01
9.801500e-02
8.727399e-02
5.769989e-02
9.945120e-01
4.586322e-01
5.203601e-01
9.801500e-02
2.962508e-01
7.659705e-01
9.801498e-02
2.962508e-01
7.574686e-01
9.842519e-02
4.363628e-02
2.884947e-02
9.986309e-01
4.586322e-01
5.203601e-01
9.801500e-02
2.962508e-01
7.574686e-01
9.842519e-02
4.610724e-01
5.081676e-01
9.842519e-02
-5.137827e-02
9.833110e-03
9.986309e-01
4.586322e-01
5.203601e-01
9.801500e-02
4.610724e-01
5.081676e-01
9.842519e-02
5.905512e-01
1.184698e+00
9.842519e-02
-1.649447e-01
3.156820e-02
9.857975e-01
4.583611e-01
5.217145e-01
9.796944e-02
4.586322e-01
5.203601e-01
9.801500e-02
5.855362e-01
1.186208e+00
9.796944e-02
-1.084221e-01
2.075053e-02
9.938884e-01
5.855362e-01
1.186208e+00
9.796944e-02
4.586322e-01
5.203601e-01
9.801500e-02
5.905512e-01
1.184698e+00
9.842519e-02
-6.864924e-02
1.313854e-02
9.975544e-01
5.855362e-01
1.186208e+00
9.796944e-02
5.905512e-01
1.184698e+00
9.842519e-02
5.905512e-01
1.190354e+00
9.840635e-02
-2.818161e-01
5.393582e-02
9.579513e-01
5.794267e-01
1.181157e+00
9.661597e-02
4.557861e-01
5.345805e-01
9.631398e-02
5.855362e-01
1.186208e+00
9.796944e-02
-2.708059e-01
5.182860e-02
9.612377e-01
5.855362e-01
1.186208e+00
9.796944e-02
4.557861e-01
5.345805e-01
9.631398e-02
4.563014e-01
5.320061e-01
9.664522e-02
-2.153154e-01
4.120847e-02
9.756747e-01
5.855362e-01
1.186208e+00
9.796944e-02
4.563014e-01
5.320061e-01
9.664522e-02
4.583611e-01
5.217145e-01
9.796944e-02
-5.865654e-01
1.122607e-01
8.020838e-01
5.736942e-01
1.176417e+00
9.440596e-02
5.685130e-01
1.172134e+00
9.140653e-02
4.510361e-01
5.583137e-01
9.140653e-02
-5.680817e-01
1.087232e-01
8.157588e-01
4.510361e-01
5.583137e-01
9.140653e-02
4.519430e-01
5.537828e-01
9.255977e-02
5.736942e-01
1.176417e+00
9.440596e-02
-5.204529e-01
9.960768e-02
8.480608e-01
5.736942e-01
1.176417e+00
9.440596e-02
4.519430e-01
5.537828e-01
9.255977e-02
4.533039e-01
5.469828e-01
9.429056e-02
-4.407966e-01
8.436255e-02
8.936338e-01
5.736942e-01
1.176417e+00
9.440596e-02
4.533039e-01
5.469828e-01
9.429056e-02
5.794267e-01
1.181157e+00
9.661597e-02
-4.253790e-01
8.141183e-02
9.013461e-01
5.794267e-01
1.181157e+00
9.661597e-02
4.533039e-01
5.469828e-01
9.429056e-02
4.539840e-01
5.435850e-01
9.515539e-02
-3.732613e-01
7.143721e-02
9.249718e-01
5.794267e-01
1.181157e+00
9.661597e-02
4.539840e-01
5.435850e-01
9.515539e-02
4.557861e-01
5.345805e-01
9.631398e-02
-8.012611e-01
1.533506e-01
5.783289e-01
4.475871e-01
5.755464e-01
8.338263e-02
4.484407e-01
5.712819e-01
8.605875e-02
5.640405e-01
1.168436e+00
8.770882e-02
-7.669223e-01
1.467786e-01
6.247289e-01
5.640405e-01
1.168436e+00
8.770882e-02
4.484407e-01
5.712819e-01
8.605875e-02
4.491819e-01
5.675781e-01
8.758608e-02
-7.145061e-01
1.367469e-01
6.861351e-01
5.640405e-01
1.168436e+00
8.770882e-02
4.491819e-01
5.675781e-01
8.758608e-02
5.685130e-01
1.172134e+00
9.140653e-02
-6.945156e-01
1.329209e-01
7.070928e-01
5.685130e-01
1.172134e+00
9.140653e-02
4.491819e-01
5.675781e-01
8.758608e-02
4.501094e-01
5.629441e-01
8.949707e-02
-6.528948e-01
1.249553e-01
7.470707e-01
5.685130e-01
1.172134e+00
9.140653e-02
4.501094e-01
5.629441e-01
8.949707e-02
4.510361e-01
5.583137e-01
9.140653e-02
-8.045604e-01
1.539820e-01
5.735609e-01
5.640405e-01
1.168436e+00
8.770882e-02
5.621135e-01
1.166843e+00
8.563249e-02
4.475871e-01
5.755464e-01
8.338263e-02
-8.359585e-01
1.599912e-01
5.249534e-01
4.475871e-01
5.755464e-01
8.338263e-02
5.621135e-01
1.166843e+00
8.563249e-02
5.604126e-01
1.165437e+00
8.342520e-02
-8.590368e-01
1.644081e-01
4.847946e-01
4.475871e-01
5.755464e-01
8.338263e-02
5.604126e-01
1.165437e+00
8.342520e-02
4.471605e-01
5.776781e-01
8.204491e-02
-8.852496e-01
1.694249e-01
4.331610e-01
4.471605e-01
5.776781e-01
8.204491e-02
5.604126e-01
1.165437e+00
8.342520e-02
4.464003e-01
5.814763e-01
7.868581e-02
-9.501736e-01
1.818504e-01
2.531809e-01
4.456959e-01
5.849959e-01
7.363465e-02
4.459225e-01
5.838637e-01
7.568286e-02
5.577395e-01
1.163226e+00
7.868581e-02
-8.901519e-01
1.703631e-01
4.226183e-01
5.604126e-01
1.165437e+00
8.342520e-02
5.589509e-01
1.164228e+00
8.110374e-02
4.464003e-01
5.814763e-01
7.868581e-02
-9.127838e-01
1.746946e-01
3.691985e-01
4.464003e-01
5.814763e-01
7.868581e-02
5.589509e-01
1.164228e+00
8.110374e-02
5.577395e-01
1.163226e+00
7.868581e-02
-9.267874e-01
1.773746e-01
3.310639e-01
4.464003e-01
5.814763e-01
7.868581e-02
5.577395e-01
1.163226e+00
7.868581e-02
4.462229e-01
5.823629e-01
7.769570e-02
-9.375695e-01
1.794382e-01
2.979353e-01
4.462229e-01
5.823629e-01
7.769570e-02
5.577395e-01
1.163226e+00
7.868581e-02
4.459225e-01
5.838637e-01
7.568286e-02
-9.817585e-01
1.878954e-01
2.907651e-02
5.556893e-01
1.161532e+00
7.103987e-02
5.555512e-01
1.161417e+00
6.842519e-02
4.454587e-01
5.861811e-01
6.842519e-02
-9.746780e-01
1.865403e-01
1.233106e-01
4.455068e-01
5.859406e-01
7.077897e-02
4.455670e-01
5.856404e-01
7.195132e-02
5.561025e-01
1.161873e+00
7.363465e-02
-9.784364e-01
1.872596e-01
8.715574e-02
5.556893e-01
1.161532e+00
7.103987e-02
4.454587e-01
5.861811e-01
6.842519e-02
5.561025e-01
1.161873e+00
7.363465e-02
-9.796833e-01
1.874982e-01
7.116807e-02
5.561025e-01
1.161873e+00
7.363465e-02
4.454587e-01
5.861811e-01
6.842519e-02
4.454707e-01
5.861210e-01
6.960300e-02
-9.775155e-01
1.870833e-01
9.727933e-02
5.561025e-01
1.161873e+00
7.363465e-02
4.454707e-01
5.861210e-01
6.960300e-02
4.455068e-01
5.859406e-01
7.077897e-02
-9.487070e-01
1.815698e-01
2.588190e-01
5.577395e-01
1.163226e+00
7.868581e-02
5.567876e-01
1.162439e+00
7.618977e-02
4.456959e-01
5.849959e-01
7.363465e-02
-9.618844e-01
1.840917e-01
2.022095e-01
4.456959e-01
5.849959e-01
7.363465e-02
5.567876e-01
1.162439e+00
7.618977e-02
5.561025e-01
1.161873e+00
7.363465e-02
-9.682281e-01
1.853058e-01
1.679171e-01
4.456959e-01
5.849959e-01
7.363465e-02
5.561025e-01
1.161873e+00
7.363465e-02
4.456562e-01
5.851942e-01
7.311673e-02
-9.711730e-01
1.858695e-01
1.492499e-01
4.456562e-01
5.851942e-01
7.311673e-02
5.561025e-01
1.161873e+00
7.363465e-02
4.455670e-01
5.856404e-01
7.195132e-02
-4.363629e-02
2.884948e-02
9.986309e-01
1.340292e-01
5.206019e-01
9.801500e-02
1.316185e-01
5.084541e-01
9.842519e-02
2.962508e-01
7.574686e-01
9.842519e-02
-9.208439e-02
6.088022e-02
9.938884e-01
1.340292e-01
5.206019e-01
9.801500e-02
2.962508e-01
7.574686e-01
9.842519e-02
1.342969e-01
5.219513e-01
9.796944e-02
-9.208582e-02
6.088116e-02
9.938882e-01
2.962508e-01
7.574686e-01
9.842519e-02
2.962508e-01
7.659705e-01
9.801498e-02
1.342969e-01
5.219513e-01
9.796944e-02
-1.400913e-01
9.261926e-02
9.857972e-01
1.342969e-01
5.219513e-01
9.796944e-02
2.962508e-01
7.659705e-01
9.801498e-02
2.962508e-01
7.669146e-01
9.796944e-02
-1.828703e-01
1.209020e-01
9.756747e-01
1.342969e-01
5.219513e-01
9.796944e-02
2.962508e-01
7.669146e-01
9.796944e-02
1.363317e-01
5.322050e-01
9.664522e-02
-2.299992e-01
1.520605e-01
9.612377e-01
1.363317e-01
5.322050e-01
9.664522e-02
2.962508e-01
7.669146e-01
9.796944e-02
1.368407e-01
5.347701e-01
9.631397e-02
-2.300442e-01
1.520903e-01
9.612222e-01
2.962508e-01
7.669146e-01
9.796944e-02
2.962508e-01
7.742424e-01
9.688656e-02
1.368407e-01
5.347701e-01
9.631397e-02
-2.762439e-01
1.826345e-01
9.435751e-01
1.368407e-01
5.347701e-01
9.631397e-02
2.962508e-01
7.742424e-01
9.688656e-02
2.962508e-01
7.760735e-01
9.661597e-02
-3.170161e-01
2.095904e-01
9.249718e-01
1.368407e-01
5.347701e-01
9.631397e-02
2.962508e-01
7.760735e-01
9.661597e-02
1.386210e-01
5.437414e-01
9.515539e-02
-3.612803e-01
2.388550e-01
9.013461e-01
1.386210e-01
5.437414e-01
9.515539e-02
2.962508e-01
7.760735e-01
9.661597e-02
1.392928e-01
5.471267e-01
9.429057e-02
-3.613023e-01
2.388696e-01
9.013335e-01
2.962508e-01
7.760735e-01
9.661597e-02
2.962508e-01
7.820897e-01
9.506880e-02
1.392928e-01
5.471267e-01
9.429057e-02
-4.043883e-01
2.673553e-01
8.746378e-01
1.392928e-01
5.471267e-01
9.429057e-02
2.962508e-01
7.820897e-01
9.506880e-02
2.962508e-01
7.846671e-01
9.440596e-02
-4.420278e-01
2.922401e-01
8.480608e-01
1.392928e-01
5.471267e-01
9.429057e-02
2.962508e-01
7.846671e-01
9.440596e-02
1.406373e-01
5.539018e-01
9.255977e-02
-4.824797e-01
3.189842e-01
8.157588e-01
1.406373e-01
5.539018e-01
9.255977e-02
2.962508e-01
7.846671e-01
9.440596e-02
1.415331e-01
5.584161e-01
9.140653e-02
-4.824513e-01
3.189655e-01
8.157828e-01
2.962508e-01
7.846671e-01
9.440596e-02
2.962508e-01
7.893278e-01
9.260616e-02
1.415331e-01
5.584161e-01
9.140653e-02
-5.211961e-01
3.445810e-01
7.807807e-01
1.415331e-01
5.584161e-01
9.140653e-02
2.962508e-01
7.893278e-01
9.260616e-02
2.962508e-01
7.924343e-01
9.140653e-02
-5.545125e-01
3.666077e-01
7.470707e-01
1.415331e-01
5.584161e-01
9.140653e-02
2.962508e-01
7.924343e-01
9.140653e-02
1.424486e-01
5.630294e-01
8.949707e-02
-5.898616e-01
3.899783e-01
7.070928e-01
1.424486e-01
5.630294e-01
8.949707e-02
2.962508e-01
7.924343e-01
9.140653e-02
1.433648e-01
5.676464e-01
8.758608e-02
-5.898975e-01
3.900019e-01
7.070498e-01
2.962508e-01
7.924343e-01
9.140653e-02
2.962508e-01
7.957867e-01
8.955768e-02
1.433648e-01
5.676464e-01
8.758608e-02
-6.231981e-01
4.120181e-01
6.647295e-01
1.433648e-01
5.676464e-01
8.758608e-02
2.962508e-01
7.957867e-01
8.955768e-02
2.962508e-01
7.991391e-01
8.770882e-02
-6.513578e-01
4.306355e-01
6.247289e-01
1.433648e-01
5.676464e-01
8.758608e-02
2.962508e-01
7.991391e-01
8.770882e-02
1.440971e-01
5.713366e-01
8.605875e-02
-6.805221e-01
4.499171e-01
5.783289e-01
1.440971e-01
5.713366e-01
8.605875e-02
2.962508e-01
7.991391e-01
8.770882e-02
1.449402e-01
5.755855e-01
8.338263e-02
-6.805221e-01
4.499171e-01
5.783289e-01
2.962508e-01
7.991391e-01
8.770882e-02
2.962508e-01
8.014767e-01
8.605875e-02
1.449402e-01
5.755855e-01
8.338263e-02
-7.074342e-01
4.677096e-01
5.298911e-01
1.449402e-01
5.755855e-01
8.338263e-02
2.962508e-01
8.014767e-01
8.605875e-02
2.962508e-01
8.045778e-01
8.342520e-02
-7.295919e-01
4.823588e-01
4.847946e-01
1.449402e-01
5.755855e-01
8.338263e-02
2.962508e-01
8.045778e-01
8.342520e-02
1.453617e-01
5.777094e-01
8.204491e-02
-7.518547e-01
4.970775e-01
4.331610e-01
1.453617e-01
5.777094e-01
8.204491e-02
2.962508e-01
8.045778e-01
8.342520e-02
1.461127e-01
5.814936e-01
7.868581e-02
-8.069956e-01
5.335330e-01
2.531809e-01
1.465847e-01
5.838723e-01
7.568286e-02
2.962508e-01
8.085850e-01
7.868581e-02
1.468085e-01
5.850003e-01
7.363465e-02
-8.018495e-01
5.301309e-01
2.756783e-01
1.468085e-01
5.850003e-01
7.363465e-02
2.962508e-01
8.085850e-01
7.868581e-02
2.962508e-01
8.092033e-01
7.769570e-02
-7.518547e-01
4.970775e-01
4.331610e-01
2.962508e-01
8.045778e-01
8.342520e-02
2.962508e-01
8.059366e-01
8.204491e-02
1.461127e-01
5.814936e-01
7.868581e-02
-7.716086e-01
5.101375e-01
3.799735e-01
1.461127e-01
5.814936e-01
7.868581e-02
2.962508e-01
8.059366e-01
8.204491e-02
2.962508e-01
8.085850e-01
7.868581e-02
-7.871334e-01
5.204014e-01
3.310639e-01
1.461127e-01
5.814936e-01
7.868581e-02
2.962508e-01
8.085850e-01
7.868581e-02
1.462879e-01
5.823769e-01
7.769570e-02
-7.962908e-01
5.264557e-01
2.979353e-01
1.462879e-01
5.823769e-01
7.769570e-02
2.962508e-01
8.085850e-01
7.868581e-02
1.465847e-01
5.838723e-01
7.568286e-02
-8.338881e-01
5.513126e-01
2.617097e-02
2.962508e-01
8.116978e-01
7.077897e-02
2.962508e-01
8.118656e-01
6.842519e-02
1.470429e-01
5.861811e-01
6.842519e-02
-8.316024e-01
5.498015e-01
7.845910e-02
2.962508e-01
8.116978e-01
7.077897e-02
1.470429e-01
5.861811e-01
6.842519e-02
2.962508e-01
8.111959e-01
7.311823e-02
-8.323893e-01
5.503217e-01
6.537697e-02
2.962508e-01
8.111959e-01
7.311823e-02
1.470429e-01
5.861811e-01
6.842519e-02
1.470310e-01
5.861212e-01
6.960300e-02
-8.278054e-01
5.472912e-01
1.233315e-01
2.962508e-01
8.111959e-01
7.311823e-02
1.470310e-01
5.861212e-01
6.960300e-02
2.962508e-01
8.110067e-01
7.363101e-02
-8.302178e-01
5.488861e-01
9.727418e-02
2.962508e-01
8.110067e-01
7.363101e-02
1.470310e-01
5.861212e-01
6.960300e-02
1.469953e-01
5.859415e-01
7.077897e-02
-8.278081e-01
5.472929e-01
1.233055e-01
2.962508e-01
8.110067e-01
7.363101e-02
1.469953e-01
5.859415e-01
7.077897e-02
1.469360e-01
5.856423e-01
7.195132e-02
-8.093953e-01
5.351196e-01
2.419219e-01
2.962508e-01
8.092033e-01
7.769570e-02
2.962508e-01
8.102497e-01
7.568286e-02
1.468085e-01
5.850003e-01
7.363465e-02
-8.179094e-01
5.407485e-01
1.965074e-01
1.468085e-01
5.850003e-01
7.363465e-02
2.962508e-01
8.102497e-01
7.568286e-02
2.962508e-01
8.110067e-01
7.363101e-02
-8.223304e-01
5.436714e-01
1.679109e-01
1.468085e-01
5.850003e-01
7.363465e-02
2.962508e-01
8.110067e-01
7.363101e-02
1.468530e-01
5.852242e-01
7.311823e-02
-8.248315e-01
5.453250e-01
1.492436e-01
1.468530e-01
5.852242e-01
7.311823e-02
2.962508e-01
8.110067e-01
7.363101e-02
1.469360e-01
5.856423e-01
7.195132e-02
0.000000e+00
-9.894404e-01
1.449400e-01
5.556893e-01
1.161532e+00
7.103987e-02
5.561025e-01
1.161873e+00
7.363465e-02
4.088616e-01
1.161873e+00
7.363465e-02
0.000000e+00
-7.986386e-01
6.018108e-01
5.621135e-01
1.166843e+00
8.563249e-02
5.640405e-01
1.168436e+00
8.770882e-02
4.053529e-01
1.167147e+00
8.605875e-02
0.000000e+00
-6.989520e-02
9.975544e-01
5.855362e-01
1.186208e+00
9.796944e-02
5.905512e-01
1.190354e+00
9.840635e-02
5.905512e-01
1.191417e+00
9.842519e-02
0.000000e+00
-5.228807e-02
9.986320e-01
3.892051e-01
1.191417e+00
9.842519e-02
3.923275e-01
1.186724e+00
9.805585e-02
5.905512e-01
1.191417e+00
9.842519e-02
0.000000e+00
-1.103450e-01
9.938933e-01
5.905512e-01
1.191417e+00
9.842519e-02
3.923275e-01
1.186724e+00
9.805585e-02
3.926655e-01
1.186216e+00
9.793387e-02
0.000000e+00
-1.161360e-01
9.932333e-01
5.905512e-01
1.191417e+00
9.842519e-02
3.926655e-01
1.186216e+00
9.793387e-02
5.855362e-01
1.186208e+00
9.796944e-02
0.000000e+00
-2.192239e-01
9.756746e-01
5.855362e-01
1.186208e+00
9.796944e-02
3.926655e-01
1.186216e+00
9.793387e-02
3.953730e-01
1.182147e+00
9.695689e-02
0.000000e+00
-2.756783e-01
9.612499e-01
5.855362e-01
1.186208e+00
9.796944e-02
3.953730e-01
1.182147e+00
9.695689e-02
5.794267e-01
1.181157e+00
9.661597e-02
0.000000e+00
-3.310373e-01
9.436176e-01
3.953730e-01
1.182147e+00
9.695689e-02
3.960156e-01
1.181181e+00
9.655682e-02
5.794267e-01
1.181157e+00
9.661597e-02
0.000000e+00
-3.799474e-01
9.250081e-01
5.794267e-01
1.181157e+00
9.661597e-02
3.960156e-01
1.181181e+00
9.655682e-02
3.982666e-01
1.177798e+00
9.515539e-02
0.000000e+00
-4.331610e-01
9.013166e-01
5.794267e-01
1.181157e+00
9.661597e-02
3.982666e-01
1.177798e+00
9.515539e-02
5.736942e-01
1.176417e+00
9.440596e-02
0.000000e+00
-4.847919e-01
8.746295e-01
3.982666e-01
1.177798e+00
9.515539e-02
3.991565e-01
1.176460e+00
9.433578e-02
5.736942e-01
1.176417e+00
9.440596e-02
0.000000e+00
-5.298886e-01
8.480672e-01
5.736942e-01
1.176417e+00
9.440596e-02
3.991565e-01
1.176460e+00
9.433578e-02
4.009372e-01
1.173784e+00
9.269571e-02
0.000000e+00
-5.783443e-01
8.157927e-01
5.736942e-01
1.176417e+00
9.440596e-02
4.009372e-01
1.173784e+00
9.269571e-02
5.685130e-01
1.172134e+00
9.140653e-02
0.000000e+00
-6.247853e-01
7.807966e-01
4.009372e-01
1.173784e+00
9.269571e-02
4.019956e-01
1.172193e+00
9.133704e-02
5.685130e-01
1.172134e+00
9.140653e-02
0.000000e+00
-6.647836e-01
7.470360e-01
5.685130e-01
1.172134e+00
9.140653e-02
4.019956e-01
1.172193e+00
9.133704e-02
4.033188e-01
1.170204e+00
8.963840e-02
0.000000e+00
-7.071068e-01
7.071068e-01
5.685130e-01
1.172134e+00
9.140653e-02
4.033188e-01
1.170204e+00
8.963840e-02
5.640405e-01
1.168436e+00
8.770882e-02
0.000000e+00
-7.470361e-01
6.647835e-01
5.640405e-01
1.168436e+00
8.770882e-02
4.033188e-01
1.170204e+00
8.963840e-02
4.044489e-01
1.168506e+00
8.764954e-02
0.000000e+00
-7.807966e-01
6.247852e-01
5.640405e-01
1.168436e+00
8.770882e-02
4.044489e-01
1.168506e+00
8.764954e-02
4.053529e-01
1.167147e+00
8.605875e-02
0.000000e+00
-8.322712e-01
5.543687e-01
5.621135e-01
1.166843e+00
8.563249e-02
4.053529e-01
1.167147e+00
8.605875e-02
5.604126e-01
1.165437e+00
8.342520e-02
0.000000e+00
-8.480678e-01
5.298876e-01
5.604126e-01
1.165437e+00
8.342520e-02
4.053529e-01
1.167147e+00
8.605875e-02
4.064441e-01
1.165507e+00
8.338231e-02
0.000000e+00
-8.746300e-01
4.847910e-01
5.604126e-01
1.165437e+00
8.342520e-02
4.064441e-01
1.165507e+00
8.338231e-02
4.069894e-01
1.164687e+00
8.204491e-02
0.000000e+00
-9.756696e-01
2.192458e-01
4.088616e-01
1.161873e+00
7.363465e-02
5.561025e-01
1.161873e+00
7.363465e-02
4.081880e-01
1.162886e+00
7.769570e-02
0.000000e+00
-9.688696e-01
2.475718e-01
4.081880e-01
1.162886e+00
7.769570e-02
5.561025e-01
1.161873e+00
7.363465e-02
5.567876e-01
1.162439e+00
7.618977e-02
0.000000e+00
-9.528376e-01
3.034805e-01
4.081880e-01
1.162886e+00
7.769570e-02
5.567876e-01
1.162439e+00
7.618977e-02
4.079612e-01
1.163226e+00
7.868581e-02
0.000000e+00
-9.492401e-01
3.145525e-01
4.079612e-01
1.163226e+00
7.868581e-02
5.567876e-01
1.162439e+00
7.618977e-02
5.577395e-01
1.163226e+00
7.868581e-02
0.000000e+00
-9.249974e-01
3.799735e-01
4.079612e-01
1.163226e+00
7.868581e-02
5.577395e-01
1.163226e+00
7.868581e-02
4.069894e-01
1.164687e+00
8.204491e-02
0.000000e+00
-9.135412e-01
4.067464e-01
4.069894e-01
1.164687e+00
8.204491e-02
5.577395e-01
1.163226e+00
7.868581e-02
5.589509e-01
1.164228e+00
8.110374e-02
0.000000e+00
-8.883511e-01
4.591648e-01
4.069894e-01
1.164687e+00
8.204491e-02
5.589509e-01
1.164228e+00
8.110374e-02
5.604126e-01
1.165437e+00
8.342520e-02
0.000000e+00
-9.996575e-01
2.617097e-02
4.091649e-01
1.161417e+00
6.842519e-02
5.555512e-01
1.161417e+00
6.842519e-02
4.091034e-01
1.161510e+00
7.077897e-02
0.000000e+00
-9.984727e-01
5.524748e-02
4.091034e-01
1.161510e+00
7.077897e-02
5.555512e-01
1.161417e+00
6.842519e-02
5.556893e-01
1.161532e+00
7.103987e-02
0.000000e+00
-9.942134e-01
1.074230e-01
4.091034e-01
1.161510e+00
7.077897e-02
5.556893e-01
1.161532e+00
7.103987e-02
4.089056e-01
1.161807e+00
7.311564e-02
0.000000e+00
-9.902664e-01
1.391853e-01
4.089056e-01
1.161807e+00
7.311564e-02
5.556893e-01
1.161532e+00
7.103987e-02
4.088616e-01
1.161873e+00
7.363465e-02
9.079350e-01
1.768450e-01
3.799735e-01
3.280438e-02
1.163226e+00
7.868581e-02
3.103187e-02
1.164687e+00
8.204491e-02
1.461127e-01
5.814936e-01
7.868581e-02
5.134587e-02
1.000100e-02
9.986309e-01
6.169796e-17
1.184193e+00
9.842519e-02
1.316185e-01
5.084541e-01
9.842519e-02
1.340292e-01
5.206019e-01
9.801500e-02
6.398465e-02
1.246275e-02
9.978731e-01
-1.600692e-18
1.190258e+00
9.840278e-02
6.169796e-17
1.184193e+00
9.842519e-02
4.283861e-03
1.186728e+00
9.802508e-02
1.026831e-01
2.000032e-02
9.945130e-01
4.283861e-03
1.186728e+00
9.802508e-02
6.169796e-17
1.184193e+00
9.842519e-02
1.340292e-01
5.206019e-01
9.801500e-02
1.592219e-01
3.101280e-02
9.867556e-01
4.283861e-03
1.186728e+00
9.802508e-02
1.340292e-01
5.206019e-01
9.801500e-02
4.914936e-03
1.186208e+00
9.796944e-02
2.096760e-01
4.084009e-02
9.769176e-01
4.914936e-03
1.186208e+00
9.796944e-02
1.340292e-01
5.206019e-01
9.801500e-02
9.819512e-03
1.182166e+00
9.688652e-02
2.096760e-01
4.084009e-02
9.769176e-01
1.340292e-01
5.206019e-01
9.801500e-02
1.342969e-01
5.219513e-01
9.796944e-02
9.819512e-03
1.182166e+00
9.688652e-02
2.595989e-01
5.056395e-02
9.643918e-01
9.819512e-03
1.182166e+00
9.688652e-02
1.342969e-01
5.219513e-01
9.796944e-02
1.363317e-01
5.322050e-01
9.664522e-02
3.141680e-01
6.119275e-02
9.473932e-01
9.819512e-03
1.182166e+00
9.688652e-02
1.363317e-01
5.322050e-01
9.664522e-02
1.104487e-02
1.181157e+00
9.661597e-02
3.623761e-01
7.058258e-02
9.293556e-01
1.104487e-02
1.181157e+00
9.661597e-02
1.363317e-01
5.322050e-01
9.664522e-02
1.507154e-02
1.177839e+00
9.506875e-02
3.624377e-01
7.059459e-02
9.293305e-01
1.363317e-01
5.322050e-01
9.664522e-02
1.368407e-01
5.347701e-01
9.631397e-02
1.507154e-02
1.177839e+00
9.506875e-02
4.097477e-01
7.980949e-02
9.087008e-01
1.507154e-02
1.177839e+00
9.506875e-02
1.368407e-01
5.347701e-01
9.631397e-02
1.386210e-01
5.437414e-01
9.515539e-02
4.608366e-01
8.976045e-02
8.829341e-01
1.507154e-02
1.177839e+00
9.506875e-02
1.386210e-01
5.437414e-01
9.515539e-02
1.679645e-02
1.176417e+00
9.440596e-02
5.055378e-01
9.846719e-02
8.571673e-01
1.679645e-02
1.176417e+00
9.440596e-02
1.386210e-01
5.437414e-01
9.515539e-02
1.991586e-02
1.173847e+00
9.260611e-02
5.054803e-01
9.845600e-02
8.572025e-01
1.386210e-01
5.437414e-01
9.515539e-02
1.392928e-01
5.471267e-01
9.429057e-02
1.991586e-02
1.173847e+00
9.260611e-02
5.488964e-01
1.069125e-01
8.290250e-01
1.991586e-02
1.173847e+00
9.260611e-02
1.392928e-01
5.471267e-01
9.429057e-02
1.406373e-01
5.539018e-01
9.255977e-02
5.953209e-01
1.159549e-01
7.950770e-01
1.991586e-02
1.173847e+00
9.260611e-02
1.406373e-01
5.539018e-01
9.255977e-02
2.199494e-02
1.172134e+00
9.140653e-02
6.353339e-01
1.237485e-01
7.622579e-01
2.199494e-02
1.172134e+00
9.140653e-02
1.406373e-01
5.539018e-01
9.255977e-02
2.423865e-02
1.170285e+00
8.955768e-02
6.353339e-01
1.237485e-01
7.622579e-01
1.406373e-01
5.539018e-01
9.255977e-02
1.415331e-01
5.584161e-01
9.140653e-02
2.423865e-02
1.170285e+00
8.955768e-02
6.735460e-01
1.311914e-01
7.274095e-01
2.423865e-02
1.170285e+00
8.955768e-02
1.415331e-01
5.584161e-01
9.140653e-02
1.424486e-01
5.630294e-01
8.949707e-02
7.139103e-01
1.390534e-01
6.862917e-01
2.423865e-02
1.170285e+00
8.955768e-02
1.424486e-01
5.630294e-01
8.949707e-02
2.648236e-02
1.168436e+00
8.770882e-02
7.481962e-01
1.457315e-01
6.472749e-01
2.648236e-02
1.168436e+00
8.770882e-02
1.424486e-01
5.630294e-01
8.949707e-02
2.804687e-02
1.167147e+00
8.605875e-02
7.482475e-01
1.457415e-01
6.472133e-01
1.424486e-01
5.630294e-01
8.949707e-02
1.433648e-01
5.676464e-01
8.758608e-02
2.804687e-02
1.167147e+00
8.605875e-02
7.805046e-01
1.520245e-01
6.063836e-01
2.804687e-02
1.167147e+00
8.605875e-02
1.433648e-01
5.676464e-01
8.758608e-02
1.440971e-01
5.713366e-01
8.605875e-02
8.137375e-01
1.584975e-01
5.592046e-01
2.804687e-02
1.167147e+00
8.605875e-02
1.440971e-01
5.713366e-01
8.605875e-02
3.012238e-02
1.165437e+00
8.342520e-02
8.324224e-01
1.621369e-01
5.298911e-01
3.012238e-02
1.165437e+00
8.342520e-02
1.440971e-01
5.713366e-01
8.605875e-02
1.449402e-01
5.755855e-01
8.338263e-02
8.584948e-01
1.672152e-01
4.847945e-01
3.012238e-02
1.165437e+00
8.342520e-02
1.449402e-01
5.755855e-01
8.338263e-02
3.103187e-02
1.164687e+00
8.204491e-02
8.666704e-01
1.688076e-01
4.694532e-01
3.103187e-02
1.164687e+00
8.204491e-02
1.449402e-01
5.755855e-01
8.338263e-02
1.453617e-01
5.777094e-01
8.204491e-02
8.919792e-01
1.737372e-01
4.173590e-01
3.103187e-02
1.164687e+00
8.204491e-02
1.453617e-01
5.777094e-01
8.204491e-02
1.461127e-01
5.814936e-01
7.868581e-02
9.262027e-01
1.804031e-01
3.310639e-01
3.280438e-02
1.163226e+00
7.868581e-02
1.461127e-01
5.814936e-01
7.868581e-02
3.321811e-02
1.162886e+00
7.769570e-02
9.299213e-01
1.811274e-01
3.200614e-01
3.321811e-02
1.162886e+00
7.769570e-02
1.461127e-01
5.814936e-01
7.868581e-02
1.462879e-01
5.823769e-01
7.769570e-02
9.403174e-01
1.831524e-01
2.868073e-01
3.321811e-02
1.162886e+00
7.769570e-02
1.462879e-01
5.823769e-01
7.769570e-02
3.391855e-02
1.162308e+00
7.568286e-02
9.537618e-01
1.857710e-01
2.362787e-01
1.465847e-01
5.838723e-01
7.568286e-02
3.455177e-02
1.161787e+00
7.311823e-02
1.462879e-01
5.823769e-01
7.769570e-02
9.589107e-01
1.867739e-01
2.135554e-01
1.462879e-01
5.823769e-01
7.769570e-02
3.455177e-02
1.161787e+00
7.311823e-02
3.442516e-02
1.161891e+00
7.363101e-02
9.523990e-01
1.855056e-01
2.419168e-01
1.462879e-01
5.823769e-01
7.769570e-02
3.442516e-02
1.161891e+00
7.363101e-02
3.391855e-02
1.162308e+00
7.568286e-02
9.635212e-01
1.876719e-01
1.908038e-01
1.465847e-01
5.838723e-01
7.568286e-02
1.468085e-01
5.850003e-01
7.363465e-02
3.455177e-02
1.161787e+00
7.311823e-02
9.685599e-01
1.886533e-01
1.621779e-01
3.455177e-02
1.161787e+00
7.311823e-02
1.468085e-01
5.850003e-01
7.363465e-02
1.468530e-01
5.852242e-01
7.311823e-02
9.713963e-01
1.892058e-01
1.434934e-01
3.455177e-02
1.161787e+00
7.311823e-02
1.468530e-01
5.852242e-01
7.311823e-02
1.469360e-01
5.856423e-01
7.195132e-02
9.814701e-01
1.911679e-01
1.308885e-02
1.470310e-01
5.861212e-01
6.960300e-02
1.470429e-01
5.861811e-01
6.842519e-02
3.500000e-02
1.161417e+00
6.842519e-02
9.747505e-01
1.898591e-01
1.175374e-01
1.469360e-01
5.856423e-01
7.195132e-02
1.469953e-01
5.859415e-01
7.077897e-02
3.455177e-02
1.161787e+00
7.311823e-02
9.774371e-01
1.903824e-01
9.149417e-02
3.455177e-02
1.161787e+00
7.311823e-02
1.469953e-01
5.859415e-01
7.077897e-02
1.470310e-01
5.861212e-01
6.960300e-02
9.774371e-01
1.903824e-01
9.149417e-02
3.455177e-02
1.161787e+00
7.311823e-02
1.470310e-01
5.861212e-01
6.960300e-02
3.488777e-02
1.161510e+00
7.077897e-02
9.807974e-01
1.910369e-01
3.925982e-02
3.488777e-02
1.161510e+00
7.077897e-02
1.470310e-01
5.861212e-01
6.960300e-02
3.500000e-02
1.161417e+00
6.842519e-02
9.220459e-01
-3.861949e-01
2.617097e-02
3.556547e-01
1.033661e+00
6.842519e-02
4.091649e-01
1.161417e+00
6.842519e-02
3.556243e-01
1.033828e+00
7.077897e-02
9.210975e-01
-3.857977e-01
5.234193e-02
3.556243e-01
1.033828e+00
7.077897e-02
4.091649e-01
1.161417e+00
6.842519e-02
4.091034e-01
1.161510e+00
7.077897e-02
9.173096e-01
-3.842112e-01
1.045225e-01
3.556243e-01
1.033828e+00
7.077897e-02
4.091034e-01
1.161510e+00
7.077897e-02
3.555333e-01
1.034327e+00
7.311823e-02
9.144692e-01
-3.830215e-01
1.305390e-01
3.555333e-01
1.034327e+00
7.311823e-02
4.091034e-01
1.161510e+00
7.077897e-02
4.089056e-01
1.161807e+00
7.311564e-02
9.069166e-01
-3.798581e-01
1.822365e-01
3.555333e-01
1.034327e+00
7.311823e-02
4.089056e-01
1.161807e+00
7.311564e-02
3.553822e-01
1.035156e+00
7.542856e-02
9.059229e-01
-3.794419e-01
1.879560e-01
3.553822e-01
1.035156e+00
7.542856e-02
4.089056e-01
1.161807e+00
7.311564e-02
4.088616e-01
1.161873e+00
7.363465e-02
8.956100e-01
-3.751224e-01
2.390938e-01
3.553822e-01
1.035156e+00
7.542856e-02
4.088616e-01
1.161873e+00
7.363465e-02
3.551720e-01
1.036309e+00
7.769570e-02
8.895209e-01
-3.725720e-01
2.644666e-01
3.551720e-01
1.036309e+00
7.769570e-02
4.088616e-01
1.161873e+00
7.363465e-02
4.081880e-01
1.162886e+00
7.769570e-02
8.694583e-01
-3.641689e-01
3.338012e-01
3.551720e-01
1.036309e+00
7.769570e-02
4.081880e-01
1.162886e+00
7.769570e-02
3.549040e-01
1.037780e+00
7.990570e-02
8.521512e-01
-3.569198e-01
3.826834e-01
3.549040e-01
1.037780e+00
7.990570e-02
4.081880e-01
1.162886e+00
7.769570e-02
3.545798e-01
1.039559e+00
8.204491e-02
8.572045e-01
-3.590364e-01
3.691793e-01
4.081880e-01
1.162886e+00
7.769570e-02
4.079612e-01
1.163226e+00
7.868581e-02
3.545798e-01
1.039559e+00
8.204491e-02
8.381887e-01
-3.510717e-01
4.173589e-01
3.545798e-01
1.039559e+00
8.204491e-02
4.079612e-01
1.163226e+00
7.868581e-02
4.069894e-01
1.164687e+00
8.204491e-02
8.105900e-01
-3.395121e-01
4.771535e-01
3.545798e-01
1.039559e+00
8.204491e-02
4.069894e-01
1.164687e+00
8.204491e-02
3.542014e-01
1.041634e+00
8.410015e-02
7.864427e-01
-3.293981e-01
5.224985e-01
3.542014e-01
1.041634e+00
8.410015e-02
4.069894e-01
1.164687e+00
8.204491e-02
3.537712e-01
1.043995e+00
8.605875e-02
7.906378e-01
-3.311552e-01
5.150030e-01
4.069894e-01
1.164687e+00
8.204491e-02
4.064441e-01
1.165507e+00
8.338231e-02
3.537712e-01
1.043995e+00
8.605875e-02
7.646771e-01
-3.202817e-01
5.591855e-01
3.537712e-01
1.043995e+00
8.605875e-02
4.064441e-01
1.165507e+00
8.338231e-02
4.053529e-01
1.167147e+00
8.605875e-02
7.168375e-01
-3.002443e-01
6.292832e-01
3.537712e-01
1.043995e+00
8.605875e-02
4.053529e-01
1.167147e+00
8.605875e-02
3.527660e-01
1.049509e+00
8.963840e-02
7.031175e-01
-2.944977e-01
6.472223e-01
4.053529e-01
1.167147e+00
8.605875e-02
4.044489e-01
1.168506e+00
8.764954e-02
3.527660e-01
1.049509e+00
8.963840e-02
6.709017e-01
-2.810043e-01
6.862414e-01
3.527660e-01
1.049509e+00
8.963840e-02
4.044489e-01
1.168506e+00
8.764954e-02
4.033188e-01
1.170204e+00
8.963840e-02
6.172134e-01
-2.585171e-01
7.431127e-01
3.527660e-01
1.049509e+00
8.963840e-02
4.033188e-01
1.170204e+00
8.963840e-02
3.515892e-01
1.055965e+00
9.269571e-02
5.969733e-01
-2.500397e-01
7.623012e-01
4.033188e-01
1.170204e+00
8.963840e-02
4.019956e-01
1.172193e+00
9.133704e-02
3.515892e-01
1.055965e+00
9.269571e-02
5.593581e-01
-2.342847e-01
7.951283e-01
3.515892e-01
1.055965e+00
9.269571e-02
4.019956e-01
1.172193e+00
9.133704e-02
4.009372e-01
1.173784e+00
9.269571e-02
5.023913e-01
-2.104244e-01
8.386444e-01
3.515892e-01
1.055965e+00
9.269571e-02
4.009372e-01
1.173784e+00
9.269571e-02
3.502696e-01
1.063204e+00
9.515539e-02
4.750199e-01
-1.989601e-01
8.571879e-01
4.009372e-01
1.173784e+00
9.269571e-02
3.991565e-01
1.176460e+00
9.433578e-02
3.502696e-01
1.063204e+00
9.515539e-02
4.330032e-01
-1.813615e-01
8.829587e-01
3.502696e-01
1.063204e+00
9.515539e-02
3.991565e-01
1.176460e+00
9.433578e-02
3.982666e-01
1.177798e+00
9.515539e-02
3.751987e-01
-1.571504e-01
9.135259e-01
3.502696e-01
1.063204e+00
9.515539e-02
3.982666e-01
1.177798e+00
9.515539e-02
3.488398e-01
1.071048e+00
9.695689e-02
3.404926e-01
-1.426139e-01
9.293686e-01
3.982666e-01
1.177798e+00
9.515539e-02
3.960156e-01
1.181181e+00
9.655682e-02
3.488398e-01
1.071048e+00
9.695689e-02
2.951877e-01
-1.236381e-01
9.474058e-01
3.488398e-01
1.071048e+00
9.695689e-02
3.960156e-01
1.181181e+00
9.655682e-02
3.953730e-01
1.182147e+00
9.695689e-02
2.387675e-01
-1.000067e-01
9.659134e-01
3.488398e-01
1.071048e+00
9.695689e-02
3.953730e-01
1.182147e+00
9.695689e-02
3.473350e-01
1.079304e+00
9.805585e-02
1.969599e-01
-8.249580e-02
9.769346e-01
3.473350e-01
1.079304e+00
9.805585e-02
3.953730e-01
1.182147e+00
9.695689e-02
3.926655e-01
1.186216e+00
9.793387e-02
1.495663e-01
-6.264520e-02
9.867652e-01
3.926655e-01
1.186216e+00
9.793387e-02
3.923275e-01
1.186724e+00
9.805585e-02
3.473350e-01
1.079304e+00
9.805585e-02
9.645703e-02
-4.040062e-02
9.945168e-01
3.473350e-01
1.079304e+00
9.805585e-02
3.923275e-01
1.186724e+00
9.805585e-02
3.892051e-01
1.191417e+00
9.842519e-02
4.822852e-02
-2.020031e-02
9.986320e-01
3.473350e-01
1.079304e+00
9.805585e-02
3.892051e-01
1.191417e+00
9.842519e-02
3.457921e-01
1.087768e+00
9.842519e-02
0.000000e+00
-9.596447e-01
2.812153e-01
1.820368e-01
1.162439e+00
7.618977e-02
1.825884e-01
1.163226e+00
7.868581e-02
3.391855e-02
1.162308e+00
7.568286e-02
0.000000e+00
-8.883511e-01
4.591648e-01
1.832903e-01
1.164228e+00
8.110374e-02
1.841372e-01
1.165437e+00
8.342520e-02
3.103187e-02
1.164687e+00
8.204491e-02
0.000000e+00
-7.986386e-01
6.018108e-01
1.851228e-01
1.166843e+00
8.563249e-02
1.862394e-01
1.168436e+00
8.770882e-02
2.804687e-02
1.167147e+00
8.605875e-02
0.000000e+00
-1.288506e-02
9.999170e-01
0.000000e+00
1.191417e+00
9.842519e-02
0.000000e+00
1.190258e+00
9.840278e-02
2.023458e-01
1.191417e+00
9.842519e-02
0.000000e+00
-6.518709e-02
9.978731e-01
2.023458e-01
1.191417e+00
9.842519e-02
0.000000e+00
1.190258e+00
9.840278e-02
4.283861e-03
1.186728e+00
9.802508e-02
0.000000e+00
-1.103811e-01
9.938893e-01
2.023458e-01
1.191417e+00
9.842519e-02
4.283861e-03
1.186728e+00
9.802508e-02
1.986947e-01
1.186208e+00
9.796944e-02
0.000000e+00
-1.679297e-01
9.857990e-01
4.283861e-03
1.186728e+00
9.802508e-02
4.914936e-03
1.186208e+00
9.796944e-02
1.986947e-01
1.186208e+00
9.796944e-02
0.000000e+00
-2.192793e-01
9.756622e-01
1.986947e-01
1.186208e+00
9.796944e-02
4.914936e-03
1.186208e+00
9.796944e-02
9.819512e-03
1.182166e+00
9.688652e-02
0.000000e+00
-2.757114e-01
9.612405e-01
1.986947e-01
1.186208e+00
9.796944e-02
9.819512e-03
1.182166e+00
9.688652e-02
1.951547e-01
1.181157e+00
9.661597e-02
0.000000e+00
-3.310964e-01
9.435970e-01
9.819512e-03
1.182166e+00
9.688652e-02
1.104487e-02
1.181157e+00
9.661597e-02
1.951547e-01
1.181157e+00
9.661597e-02
0.000000e+00
-3.800017e-01
9.249858e-01
1.951547e-01
1.181157e+00
9.661597e-02
1.104487e-02
1.181157e+00
9.661597e-02
1.507154e-02
1.177839e+00
9.506875e-02
0.000000e+00
-4.331885e-01
9.013033e-01
1.951547e-01
1.181157e+00
9.661597e-02
1.507154e-02
1.177839e+00
9.506875e-02
1.918330e-01
1.176417e+00
9.440596e-02
0.000000e+00
-4.848378e-01
8.746040e-01
1.507154e-02
1.177839e+00
9.506875e-02
1.679645e-02
1.176417e+00
9.440596e-02
1.918330e-01
1.176417e+00
9.440596e-02
0.000000e+00
-5.299223e-01
8.480461e-01
1.918330e-01
1.176417e+00
9.440596e-02
1.679645e-02
1.176417e+00
9.440596e-02
1.991586e-02
1.173847e+00
9.260611e-02
0.000000e+00
-5.783589e-01
8.157824e-01
1.918330e-01
1.176417e+00
9.440596e-02
1.991586e-02
1.173847e+00
9.260611e-02
1.888309e-01
1.172134e+00
9.140653e-02
0.000000e+00
-6.248057e-01
7.807803e-01
1.991586e-02
1.173847e+00
9.260611e-02
2.199494e-02
1.172134e+00
9.140653e-02
1.888309e-01
1.172134e+00
9.140653e-02
0.000000e+00
-6.647897e-01
7.470305e-01
1.888309e-01
1.172134e+00
9.140653e-02
2.199494e-02
1.172134e+00
9.140653e-02
2.423865e-02
1.170285e+00
8.955768e-02
0.000000e+00
-7.071068e-01
7.071068e-01
1.888309e-01
1.172134e+00
9.140653e-02
2.423865e-02
1.170285e+00
8.955768e-02
1.862394e-01
1.168436e+00
8.770882e-02
0.000000e+00
-7.470305e-01
6.647897e-01
1.862394e-01
1.168436e+00
8.770882e-02
2.423865e-02
1.170285e+00
8.955768e-02
2.648236e-02
1.168436e+00
8.770882e-02
0.000000e+00
-7.807914e-01
6.247918e-01
1.862394e-01
1.168436e+00
8.770882e-02
2.648236e-02
1.168436e+00
8.770882e-02
2.804687e-02
1.167147e+00
8.605875e-02
0.000000e+00
-8.322712e-01
5.543687e-01
1.851228e-01
1.166843e+00
8.563249e-02
2.804687e-02
1.167147e+00
8.605875e-02
1.841372e-01
1.165437e+00
8.342520e-02
0.000000e+00
-8.480556e-01
5.299072e-01
1.841372e-01
1.165437e+00
8.342520e-02
2.804687e-02
1.167147e+00
8.605875e-02
3.012238e-02
1.165437e+00
8.342520e-02
0.000000e+00
-8.746188e-01
4.848112e-01
1.841372e-01
1.165437e+00
8.342520e-02
3.012238e-02
1.165437e+00
8.342520e-02
3.103187e-02
1.164687e+00
8.204491e-02
0.000000e+00
-9.545861e-01
2.979353e-01
3.391855e-02
1.162308e+00
7.568286e-02
1.825884e-01
1.163226e+00
7.868581e-02
3.321811e-02
1.162886e+00
7.769570e-02
0.000000e+00
-9.135412e-01
4.067464e-01
1.832903e-01
1.164228e+00
8.110374e-02
3.103187e-02
1.164687e+00
8.204491e-02
1.825884e-01
1.163226e+00
7.868581e-02
0.000000e+00
-9.249974e-01
3.799735e-01
1.825884e-01
1.163226e+00
7.868581e-02
3.103187e-02
1.164687e+00
8.204491e-02
3.280438e-02
1.163226e+00
7.868581e-02
0.000000e+00
-9.436083e-01
3.310639e-01
1.825884e-01
1.163226e+00
7.868581e-02
3.280438e-02
1.163226e+00
7.868581e-02
3.321811e-02
1.162886e+00
7.769570e-02
0.000000e+00
-9.996575e-01
2.617097e-02
3.488777e-02
1.161510e+00
7.077897e-02
3.500000e-02
1.161417e+00
6.842519e-02
1.813204e-01
1.161417e+00
6.842519e-02
0.000000e+00
-9.743689e-01
2.249562e-01
1.820368e-01
1.162439e+00
7.618977e-02
3.391855e-02
1.162308e+00
7.568286e-02
1.816398e-01
1.161873e+00
7.363465e-02
0.000000e+00
-9.805024e-01
1.965074e-01
1.816398e-01
1.161873e+00
7.363465e-02
3.391855e-02
1.162308e+00
7.568286e-02
3.442516e-02
1.161891e+00
7.363101e-02
0.000000e+00
-9.894412e-01
1.449348e-01
1.816398e-01
1.161873e+00
7.363465e-02
3.442516e-02
1.161891e+00
7.363101e-02
1.814004e-01
1.161532e+00
7.103987e-02
0.000000e+00
-9.961951e-01
8.715055e-02
1.814004e-01
1.161532e+00
7.103987e-02
3.442516e-02
1.161891e+00
7.363101e-02
1.813204e-01
1.161417e+00
6.842519e-02
0.000000e+00
-9.938915e-01
1.103620e-01
1.813204e-01
1.161417e+00
6.842519e-02
3.442516e-02
1.161891e+00
7.363101e-02
3.455177e-02
1.161787e+00
7.311823e-02
0.000000e+00
-9.969173e-01
7.845910e-02
1.813204e-01
1.161417e+00
6.842519e-02
3.455177e-02
1.161787e+00
7.311823e-02
3.488777e-02
1.161510e+00
7.077897e-02
-7.264811e-01
-6.866879e-01
2.617097e-02
2.952756e-01
1.097539e+00
6.842519e-02
3.556547e-01
1.033661e+00
6.842519e-02
3.556243e-01
1.033828e+00
7.077897e-02
-7.257338e-01
-6.859816e-01
5.234193e-02
2.952756e-01
1.097539e+00
6.842519e-02
3.556243e-01
1.033828e+00
7.077897e-02
2.952793e-01
1.097670e+00
7.077897e-02
-7.227494e-01
-6.831606e-01
1.045225e-01
2.952793e-01
1.097670e+00
7.077897e-02
3.556243e-01
1.033828e+00
7.077897e-02
3.555333e-01
1.034327e+00
7.311823e-02
-7.205122e-01
-6.810459e-01
1.305321e-01
2.952793e-01
1.097670e+00
7.077897e-02
3.555333e-01
1.034327e+00
7.311823e-02
2.952903e-01
1.098061e+00
7.311823e-02
-7.145616e-01
-6.754214e-01
1.822297e-01
2.952903e-01
1.098061e+00
7.311823e-02
3.555333e-01
1.034327e+00
7.311823e-02
3.553822e-01
1.035156e+00
7.542856e-02
-7.108483e-01
-6.719115e-01
2.079175e-01
2.952903e-01
1.098061e+00
7.311823e-02
3.553822e-01
1.035156e+00
7.542856e-02
2.953086e-01
1.098711e+00
7.542856e-02
-7.019684e-01
-6.635179e-01
2.588133e-01
2.953086e-01
1.098711e+00
7.542856e-02
3.553822e-01
1.035156e+00
7.542856e-02
3.551720e-01
1.036309e+00
7.769570e-02
-6.968018e-01
-6.586344e-01
2.840210e-01
2.953086e-01
1.098711e+00
7.542856e-02
3.551720e-01
1.036309e+00
7.769570e-02
2.953340e-01
1.099615e+00
7.769570e-02
-6.850473e-01
-6.475236e-01
3.338012e-01
2.953340e-01
1.099615e+00
7.769570e-02
3.551720e-01
1.036309e+00
7.769570e-02
3.549040e-01
1.037780e+00
7.990570e-02
-6.784593e-01
-6.412966e-01
3.583735e-01
2.953340e-01
1.099615e+00
7.769570e-02
3.549040e-01
1.037780e+00
7.990570e-02
2.953665e-01
1.100767e+00
7.990570e-02
-6.639027e-01
-6.275373e-01
4.067312e-01
2.953665e-01
1.100767e+00
7.990570e-02
3.549040e-01
1.037780e+00
7.990570e-02
3.545798e-01
1.039559e+00
8.204491e-02
-6.559339e-01
-6.200050e-01
4.305165e-01
2.953665e-01
1.100767e+00
7.990570e-02
3.545798e-01
1.039559e+00
8.204491e-02
2.954057e-01
1.102162e+00
8.204491e-02
-6.386648e-01
-6.036818e-01
4.771535e-01
2.954057e-01
1.102162e+00
8.204491e-02
3.545798e-01
1.039559e+00
8.204491e-02
3.542014e-01
1.041634e+00
8.410015e-02
-6.293645e-01
-5.948908e-01
5.000052e-01
2.954057e-01
1.102162e+00
8.204491e-02
3.542014e-01
1.041634e+00
8.410015e-02
2.954516e-01
1.103789e+00
8.410015e-02
-6.094894e-01
-5.761045e-01
5.446340e-01
2.954516e-01
1.103789e+00
8.410015e-02
3.542014e-01
1.041634e+00
8.410015e-02
3.537712e-01
1.043995e+00
8.605875e-02
-5.989148e-01
-5.661091e-01
5.664112e-01
2.954516e-01
1.103789e+00
8.410015e-02
3.537712e-01
1.043995e+00
8.605875e-02
2.955037e-01
1.105639e+00
8.605875e-02
-5.647972e-01
-5.338603e-01
6.292831e-01
2.955037e-01
1.105639e+00
8.605875e-02
3.537712e-01
1.043995e+00
8.605875e-02
3.527660e-01
1.049509e+00
8.963840e-02
-5.400423e-01
-5.104614e-01
6.691663e-01
2.955037e-01
1.105639e+00
8.605875e-02
3.527660e-01
1.049509e+00
8.963840e-02
2.956254e-01
1.109961e+00
8.963840e-02
-4.863032e-01
-4.596658e-01
7.431127e-01
2.956254e-01
1.109961e+00
8.963840e-02
3.527660e-01
1.049509e+00
8.963840e-02
3.515892e-01
1.055965e+00
9.269571e-02
-4.573189e-01
-4.322692e-01
7.771761e-01
2.956254e-01
1.109961e+00
8.963840e-02
3.515892e-01
1.055965e+00
9.269571e-02
2.957679e-01
1.115021e+00
9.269571e-02
-3.958347e-01
-3.741528e-01
8.386444e-01
2.957679e-01
1.115021e+00
9.269571e-02
3.515892e-01
1.055965e+00
9.269571e-02
3.502696e-01
1.063204e+00
9.515539e-02
-3.633348e-01
-3.434331e-01
8.660494e-01
2.957679e-01
1.115021e+00
9.269571e-02
3.502696e-01
1.063204e+00
9.515539e-02
2.959276e-01
1.120695e+00
9.515539e-02
-2.956196e-01
-2.794269e-01
9.135259e-01
2.959276e-01
1.120695e+00
9.515539e-02
3.502696e-01
1.063204e+00
9.515539e-02
3.488398e-01
1.071048e+00
9.695689e-02
-2.604042e-01
-2.461405e-01
9.335976e-01
2.959276e-01
1.120695e+00
9.515539e-02
3.488398e-01
1.071048e+00
9.695689e-02
2.961008e-01
1.126844e+00
9.695689e-02
-1.881252e-01
-1.778206e-01
9.659134e-01
2.961008e-01
1.126844e+00
9.695689e-02
3.488398e-01
1.071048e+00
9.695689e-02
3.473350e-01
1.079304e+00
9.805585e-02
-1.510616e-01
-1.427871e-01
9.781576e-01
2.961008e-01
1.126844e+00
9.695689e-02
3.473350e-01
1.079304e+00
9.805585e-02
2.962830e-01
1.133314e+00
9.805585e-02
-7.599863e-02
-7.183579e-02
9.945168e-01
2.962830e-01
1.133314e+00
9.805585e-02
3.473350e-01
1.079304e+00
9.805585e-02
3.457921e-01
1.087768e+00
9.842519e-02
-3.799931e-02
-3.591789e-02
9.986320e-01
2.962830e-01
1.133314e+00
9.805585e-02
3.457921e-01
1.087768e+00
9.842519e-02
2.964698e-01
1.139949e+00
9.842519e-02
-2.591634e-01
-9.407619e-02
9.612409e-01
1.951547e-01
1.181157e+00
9.661597e-02
2.364142e-01
1.070454e+00
9.688656e-02
1.986947e-01
1.186208e+00
9.796944e-02
-2.061179e-01
-7.482070e-02
9.756625e-01
1.986947e-01
1.186208e+00
9.796944e-02
2.364142e-01
1.070454e+00
9.688656e-02
2.381123e-01
1.077620e+00
9.796944e-02
-1.091871e-01
-3.963486e-02
9.932307e-01
1.986947e-01
1.186208e+00
9.796944e-02
2.381123e-01
1.077620e+00
9.796944e-02
2.023458e-01
1.191417e+00
9.842519e-02
-1.037665e-01
-3.766719e-02
9.938882e-01
2.023458e-01
1.191417e+00
9.842519e-02
2.381123e-01
1.077620e+00
9.796944e-02
2.383310e-01
1.078543e+00
9.801498e-02
-4.917295e-02
-1.784976e-02
9.986308e-01
2.023458e-01
1.191417e+00
9.842519e-02
2.383310e-01
1.078543e+00
9.801498e-02
2.403012e-01
1.086857e+00
9.842519e-02
-4.071898e-01
-1.478097e-01
9.013039e-01
1.918330e-01
1.176417e+00
9.440596e-02
2.345958e-01
1.062780e+00
9.506880e-02
1.951547e-01
1.181157e+00
9.661597e-02
-3.571949e-01
-1.296616e-01
9.249863e-01
1.951547e-01
1.181157e+00
9.661597e-02
2.345958e-01
1.062780e+00
9.506880e-02
2.359899e-01
1.068663e+00
9.661597e-02
-3.112244e-01
-1.129743e-01
9.435975e-01
1.951547e-01
1.181157e+00
9.661597e-02
2.359899e-01
1.068663e+00
9.661597e-02
2.364142e-01
1.070454e+00
9.688656e-02
-5.436484e-01
-1.973441e-01
8.157829e-01
1.888309e-01
1.172134e+00
9.140653e-02
2.329185e-01
1.055701e+00
9.260616e-02
1.918330e-01
1.176417e+00
9.440596e-02
-4.981187e-01
-1.808168e-01
8.480466e-01
1.918330e-01
1.176417e+00
9.440596e-02
2.329185e-01
1.055701e+00
9.260616e-02
2.339985e-01
1.060259e+00
9.440596e-02
-4.557395e-01
-1.654332e-01
8.746047e-01
1.918330e-01
1.176417e+00
9.440596e-02
2.339985e-01
1.060259e+00
9.440596e-02
2.345958e-01
1.062780e+00
9.506880e-02
-9.107234e-01
-3.305921e-01
2.475718e-01
1.816398e-01
1.161873e+00
7.363465e-02
2.283127e-01
1.036265e+00
7.769570e-02
1.820368e-01
1.162439e+00
7.618977e-02
-8.956536e-01
-3.251218e-01
3.034805e-01
1.820368e-01
1.162439e+00
7.618977e-02
2.283127e-01
1.036265e+00
7.769570e-02
2.284560e-01
1.036869e+00
7.868581e-02
-8.922719e-01
-3.238942e-01
3.145525e-01
1.820368e-01
1.162439e+00
7.618977e-02
2.284560e-01
1.036869e+00
7.868581e-02
1.825884e-01
1.163226e+00
7.868581e-02
-8.694841e-01
-3.156223e-01
3.799735e-01
1.825884e-01
1.163226e+00
7.868581e-02
2.284560e-01
1.036869e+00
7.868581e-02
2.290697e-01
1.039459e+00
8.204491e-02
-8.587155e-01
-3.117133e-01
4.067464e-01
1.825884e-01
1.163226e+00
7.868581e-02
2.290697e-01
1.039459e+00
8.204491e-02
1.832903e-01
1.164228e+00
8.110374e-02
-8.350372e-01
-3.031181e-01
4.591648e-01
1.832903e-01
1.164228e+00
8.110374e-02
2.290697e-01
1.039459e+00
8.204491e-02
2.293846e-01
1.040788e+00
8.342520e-02
-8.273730e-01
-3.003360e-01
4.746076e-01
1.832903e-01
1.164228e+00
8.110374e-02
2.293846e-01
1.040788e+00
8.342520e-02
1.841372e-01
1.165437e+00
8.342520e-02
-7.971600e-01
-2.893687e-01
5.299072e-01
1.841372e-01
1.165437e+00
8.342520e-02
2.293846e-01
1.040788e+00
8.342520e-02
2.301032e-01
1.043821e+00
8.605875e-02
-7.823228e-01
-2.839828e-01
5.543687e-01
1.841372e-01
1.165437e+00
8.342520e-02
2.301032e-01
1.043821e+00
8.605875e-02
1.851228e-01
1.166843e+00
8.563249e-02
-7.507088e-01
-2.725069e-01
6.018108e-01
1.851228e-01
1.166843e+00
8.563249e-02
2.301032e-01
1.043821e+00
8.605875e-02
2.306449e-01
1.046107e+00
8.770882e-02
-7.373345e-01
-2.676521e-01
6.202419e-01
1.851228e-01
1.166843e+00
8.563249e-02
2.306449e-01
1.046107e+00
8.770882e-02
1.862394e-01
1.168436e+00
8.770882e-02
-7.021979e-01
-2.548975e-01
6.647897e-01
1.862394e-01
1.168436e+00
8.770882e-02
2.306449e-01
1.046107e+00
8.770882e-02
2.314217e-01
1.049385e+00
8.955768e-02
-6.646701e-01
-2.412749e-01
7.071068e-01
1.862394e-01
1.168436e+00
8.770882e-02
2.314217e-01
1.049385e+00
8.955768e-02
1.888309e-01
1.172134e+00
9.140653e-02
-6.248928e-01
-2.268358e-01
7.470305e-01
1.888309e-01
1.172134e+00
9.140653e-02
2.314217e-01
1.049385e+00
8.955768e-02
2.321986e-01
1.052663e+00
9.140653e-02
-5.873077e-01
-2.131924e-01
7.807807e-01
1.888309e-01
1.172134e+00
9.140653e-02
2.321986e-01
1.052663e+00
9.140653e-02
2.329185e-01
1.055701e+00
9.260616e-02
-9.396635e-01
-3.410974e-01
2.617097e-02
2.276958e-01
1.033661e+00
6.842519e-02
2.277347e-01
1.033825e+00
7.077897e-02
1.813204e-01
1.161417e+00
6.842519e-02
-9.370878e-01
-3.401624e-01
7.845909e-02
1.813204e-01
1.161417e+00
6.842519e-02
2.277347e-01
1.033825e+00
7.077897e-02
2.278510e-01
1.034316e+00
7.311823e-02
-9.368689e-01
-3.400830e-01
8.136464e-02
1.813204e-01
1.161417e+00
6.842519e-02
2.278510e-01
1.034316e+00
7.311823e-02
1.814004e-01
1.161532e+00
7.103987e-02
-9.308376e-01
-3.378936e-01
1.391732e-01
1.814004e-01
1.161532e+00
7.103987e-02
2.278510e-01
1.034316e+00
7.311823e-02
2.278948e-01
1.034501e+00
7.363101e-02
-9.300604e-01
-3.376114e-01
1.449349e-01
1.814004e-01
1.161532e+00
7.103987e-02
2.278948e-01
1.034501e+00
7.363101e-02
1.816398e-01
1.161873e+00
7.363465e-02
-9.216580e-01
-3.345614e-01
1.965074e-01
1.816398e-01
1.161873e+00
7.363465e-02
2.278948e-01
1.034501e+00
7.363101e-02
2.280702e-01
1.035241e+00
7.568286e-02
-9.120640e-01
-3.310788e-01
2.419219e-01
1.816398e-01
1.161873e+00
7.363465e-02
2.280702e-01
1.035241e+00
7.568286e-02
2.283127e-01
1.036265e+00
7.769570e-02
6.866879e-01
-7.264811e-01
2.617097e-02
2.276958e-01
1.033661e+00
6.842519e-02
2.952756e-01
1.097539e+00
6.842519e-02
2.277347e-01
1.033825e+00
7.077897e-02
6.859816e-01
-7.257338e-01
5.234193e-02
2.277347e-01
1.033825e+00
7.077897e-02
2.952756e-01
1.097539e+00
6.842519e-02
2.952793e-01
1.097670e+00
7.077897e-02
6.831606e-01
-7.227494e-01
1.045225e-01
2.277347e-01
1.033825e+00
7.077897e-02
2.952793e-01
1.097670e+00
7.077897e-02
2.278510e-01
1.034316e+00
7.311823e-02
6.810459e-01
-7.205122e-01
1.305321e-01
2.278510e-01
1.034316e+00
7.311823e-02
2.952793e-01
1.097670e+00
7.077897e-02
2.952903e-01
1.098061e+00
7.311823e-02
5.888144e-01
-6.229358e-01
5.150229e-01
2.301032e-01
1.043821e+00
8.605875e-02
2.293846e-01
1.040788e+00
8.342520e-02
2.954057e-01
1.102162e+00
8.204491e-02
6.065177e-01
-6.416652e-01
4.694700e-01
2.954057e-01
1.102162e+00
8.204491e-02
2.293846e-01
1.040788e+00
8.342520e-02
2.290697e-01
1.039459e+00
8.204491e-02
6.200050e-01
-6.559340e-01
4.305165e-01
2.954057e-01
1.102162e+00
8.204491e-02
2.290697e-01
1.039459e+00
8.204491e-02
2.953665e-01
1.100767e+00
7.990570e-02
6.315347e-01
-6.681317e-01
3.934005e-01
2.953665e-01
1.100767e+00
7.990570e-02
2.290697e-01
1.039459e+00
8.204491e-02
2.284560e-01
1.036869e+00
7.868581e-02
6.448107e-01
-6.821771e-01
3.447514e-01
2.953665e-01
1.100767e+00
7.990570e-02
2.284560e-01
1.036869e+00
7.868581e-02
2.953340e-01
1.099615e+00
7.769570e-02
6.507888e-01
-6.885018e-01
3.200614e-01
2.953340e-01
1.099615e+00
7.769570e-02
2.284560e-01
1.036869e+00
7.868581e-02
2.283127e-01
1.036265e+00
7.769570e-02
6.586344e-01
-6.968018e-01
2.840210e-01
2.953340e-01
1.099615e+00
7.769570e-02
2.283127e-01
1.036265e+00
7.769570e-02
2.953086e-01
1.098711e+00
7.542856e-02
6.629978e-01
-7.014181e-01
2.616230e-01
2.953086e-01
1.098711e+00
7.542856e-02
2.283127e-01
1.036265e+00
7.769570e-02
2.280702e-01
1.035241e+00
7.568286e-02
6.714930e-01
-7.104056e-01
2.107628e-01
2.953086e-01
1.098711e+00
7.542856e-02
2.280702e-01
1.035241e+00
7.568286e-02
2.952903e-01
1.098061e+00
7.311823e-02
6.743039e-01
-7.133794e-01
1.907987e-01
2.952903e-01
1.098061e+00
7.311823e-02
2.280702e-01
1.035241e+00
7.568286e-02
2.278948e-01
1.034501e+00
7.363101e-02
6.778300e-01
-7.171099e-01
1.621727e-01
2.952903e-01
1.098061e+00
7.311823e-02
2.278948e-01
1.034501e+00
7.363101e-02
2.278510e-01
1.034316e+00
7.311823e-02
5.104614e-01
-5.400423e-01
6.691663e-01
2.955037e-01
1.105639e+00
8.605875e-02
2.956254e-01
1.109961e+00
8.963840e-02
2.314217e-01
1.049385e+00
8.955768e-02
5.856983e-01
-6.196392e-01
5.224986e-01
2.954057e-01
1.102162e+00
8.204491e-02
2.954516e-01
1.103789e+00
8.410015e-02
2.301032e-01
1.043821e+00
8.605875e-02
5.661091e-01
-5.989148e-01
5.664112e-01
2.301032e-01
1.043821e+00
8.605875e-02
2.954516e-01
1.103789e+00
8.410015e-02
2.955037e-01
1.105639e+00
8.605875e-02
5.461887e-01
-5.778400e-01
6.064478e-01
2.301032e-01
1.043821e+00
8.605875e-02
2.955037e-01
1.105639e+00
8.605875e-02
2.306449e-01
1.046107e+00
8.770882e-02
5.236386e-01
-5.539832e-01
6.472288e-01
2.306449e-01
1.046107e+00
8.770882e-02
2.955037e-01
1.105639e+00
8.605875e-02
2.314217e-01
1.049385e+00
8.955768e-02
3.434505e-01
-3.633532e-01
8.660348e-01
2.957679e-01
1.115021e+00
9.269571e-02
2.959276e-01
1.120695e+00
9.515539e-02
2.345958e-01
1.062780e+00
9.506880e-02
3.537983e-01
-3.743007e-01
8.571615e-01
2.345958e-01
1.062780e+00
9.506880e-02
2.339985e-01
1.060259e+00
9.440596e-02
2.957679e-01
1.115021e+00
9.269571e-02
3.841403e-01
-4.064010e-01
8.290201e-01
2.957679e-01
1.115021e+00
9.269571e-02
2.339985e-01
1.060259e+00
9.440596e-02
2.329185e-01
1.055701e+00
9.260616e-02
4.322782e-01
-4.573286e-01
7.771655e-01
2.957679e-01
1.115021e+00
9.269571e-02
2.329185e-01
1.055701e+00
9.260616e-02
2.956254e-01
1.109961e+00
8.963840e-02
4.446054e-01
-4.703700e-01
7.622848e-01
2.956254e-01
1.109961e+00
8.963840e-02
2.329185e-01
1.055701e+00
9.260616e-02
2.321986e-01
1.052663e+00
9.140653e-02
4.713994e-01
-4.987167e-01
7.273681e-01
2.956254e-01
1.109961e+00
8.963840e-02
2.321986e-01
1.052663e+00
9.140653e-02
2.314217e-01
1.049385e+00
8.955768e-02
1.467161e-01
-1.552183e-01
9.769246e-01
2.383310e-01
1.078543e+00
9.801498e-02
2.381123e-01
1.077620e+00
9.796944e-02
2.961008e-01
1.126844e+00
9.695689e-02
1.816901e-01
-1.922189e-01
9.643861e-01
2.961008e-01
1.126844e+00
9.695689e-02
2.381123e-01
1.077620e+00
9.796944e-02
2.364142e-01
1.070454e+00
9.688656e-02
2.461616e-01
-2.604265e-01
9.335858e-01
2.961008e-01
1.126844e+00
9.695689e-02
2.364142e-01
1.070454e+00
9.688656e-02
2.959276e-01
1.120695e+00
9.515539e-02
2.536188e-01
-2.683159e-01
9.293461e-01
2.959276e-01
1.120695e+00
9.515539e-02
2.364142e-01
1.070454e+00
9.688656e-02
2.359899e-01
1.068663e+00
9.661597e-02
2.867117e-01
-3.033265e-01
9.087296e-01
2.959276e-01
1.120695e+00
9.515539e-02
2.359899e-01
1.068663e+00
9.661597e-02
2.345958e-01
1.062780e+00
9.506880e-02
1.428036e-01
-1.510790e-01
9.781525e-01
2.961008e-01
1.126844e+00
9.695689e-02
2.962830e-01
1.133314e+00
9.805585e-02
2.383310e-01
1.078543e+00
9.801498e-02
7.185254e-02
-7.601635e-02
9.945143e-01
2.383310e-01
1.078543e+00
9.801498e-02
2.962830e-01
1.133314e+00
9.805585e-02
2.964698e-01
1.139949e+00
9.842519e-02
3.593464e-02
-3.801703e-02
9.986308e-01
2.383310e-01
1.078543e+00
9.801498e-02
2.964698e-01
1.139949e+00
9.842519e-02
2.403012e-01
1.086857e+00
9.842519e-02
