-1.000000e+00
0.000000e+00
0.000000e+00
0.000000e+00
0.000000e+00
9.842519e-02
0.000000e+00
1.771654e+00
9.842519e-02
0.000000e+00
0.000000e+00
0.000000e+00
-1.000000e+00
0.000000e+00
0.000000e+00
0.000000e+00
0.000000e+00
0.000000e+00
0.000000e+00
1.771654e+00
9.842519e-02
0.000000e+00
1.771654e+00
0.000000e+00
0.000000e+00
-1.000000e+00
0.000000e+00
5.905512e-01
0.000000e+00
9.842519e-02
0.000000e+00
0.000000e+00
9.842519e-02
5.905512e-01
0.000000e+00
0.000000e+00
0.000000e+00
-1.000000e+00
0.000000e+00
5.905512e-01
0.000000e+00
0.000000e+00
0.000000e+00
0.000000e+00
9.842519e-02
0.000000e+00
0.000000e+00
0.000000e+00
1.000000e+00
0.000000e+00
0.000000e+00
5.905512e-01
1.771654e+00
9.842519e-02
5.905512e-01
0.000000e+00
9.842519e-02
5.905512e-01
1.771654e+00
0.000000e+00
1.000000e+00
0.000000e+00
0.000000e+00
5.905512e-01
1.771654e+00
0.000000e+00
5.905512e-01
0.000000e+00
9.842519e-02
5.905512e-01
0.000000e+00
0.000000e+00
0.000000e+00
1.000000e+00
0.000000e+00
0.000000e+00
1.771654e+00
9.842519e-02
5.905512e-01
1.771654e+00
9.842519e-02
0.000000e+00
1.771654e+00
0.000000e+00
0.000000e+00
1.000000e+00
0.000000e+00
0.000000e+00
1.771654e+00
0.000000e+00
5.905512e-01
1.771654e+00
9.842519e-02
5.905512e-01
1.771654e+00
0.000000e+00
0.000000e+00
0.000000e+00
1.000000e+00
3.793235e-01
1.766654e+00
9.842519e-02
5.878745e-01
1.766654e+00
9.842519e-02
5.905512e-01
1.771654e+00
9.842519e-02
0.000000e+00
0.000000e+00
1.000000e+00
5.905512e-01
1.771654e+00
9.842519e-02
5.878745e-01
1.766654e+00
9.842519e-02
4.888371e-01
4.401765e-01
9.842519e-02
0.000000e+00
0.000000e+00
1.000000e+00
5.905512e-01
1.771654e+00
9.842519e-02
4.888371e-01
4.401765e-01
9.842519e-02
5.905512e-01
0.000000e+00
9.842519e-02
0.000000e+00
0.000000e+00
1.000000e+00
4.888371e-01
4.401765e-01
9.842519e-02
3.113348e-01
9.487638e-01
9.842519e-02
1.206562e-01
4.556089e-01
9.842519e-02
0.000000e+00
0.000000e+00
1.000000e+00
5.905512e-01
0.000000e+00
9.842519e-02
4.888371e-01
4.401765e-01
9.842519e-02
0.000000e+00
0.000000e+00
9.842519e-02
0.000000e+00
0.000000e+00
1.000000e+00
0.000000e+00
0.000000e+00
9.842519e-02
4.888371e-01
4.401765e-01
9.842519e-02
1.206562e-01
4.556089e-01
9.842519e-02
0.000000e+00
0.000000e+00
1.000000e+00
0.000000e+00
0.000000e+00
9.842519e-02
1.206562e-01
4.556089e-01
9.842519e-02
0.000000e+00
1.771654e+00
9.842519e-02
0.000000e+00
0.000000e+00
1.000000e+00
0.000000e+00
1.771654e+00
9.842519e-02
1.206562e-01
4.556089e-01
9.842519e-02
2.166381e-03
1.766654e+00
9.842519e-02
0.000000e+00
0.000000e+00
1.000000e+00
0.000000e+00
1.771654e+00
9.842519e-02
2.166381e-03
1.766654e+00
9.842519e-02
2.108227e-01
1.766654e+00
9.842519e-02
0.000000e+00
0.000000e+00
1.000000e+00
2.559939e-01
1.251179e+00
9.842519e-02
3.404930e-01
1.251179e+00
9.842519e-02
2.108227e-01
1.766654e+00
9.842519e-02
0.000000e+00
0.000000e+00
1.000000e+00
2.108227e-01
1.766654e+00
9.842519e-02
3.404930e-01
1.251179e+00
9.842519e-02
3.793235e-01
1.766654e+00
9.842519e-02
0.000000e+00
0.000000e+00
1.000000e+00
2.108227e-01
1.766654e+00
9.842519e-02
3.793235e-01
1.766654e+00
9.842519e-02
0.000000e+00
1.771654e+00
9.842519e-02
0.000000e+00
0.000000e+00
1.000000e+00
0.000000e+00
1.771654e+00
9.842519e-02
3.793235e-01
1.766654e+00
9.842519e-02
5.905512e-01
1.771654e+00
9.842519e-02
0.000000e+00
0.000000e+00
-1.000000e+00
4.696546e-01
5.861811e-01
0.000000e+00
5.905512e-01
0.000000e+00
0.000000e+00
0.000000e+00
0.000000e+00
0.000000e+00
0.000000e+00
0.000000e+00
-1.000000e+00
4.071486e-01
1.736653e+00
0.000000e+00
0.000000e+00
1.771654e+00
0.000000e+00
5.905512e-01
1.771654e+00
0.000000e+00
0.000000e+00
0.000000e+00
-1.000000e+00
5.905512e-01
0.000000e+00
0.000000e+00
4.696546e-01
5.861811e-01
0.000000e+00
5.905512e-01
1.771654e+00
0.000000e+00
0.000000e+00
0.000000e+00
-1.000000e+00
5.905512e-01
1.771654e+00
0.000000e+00
4.696546e-01
5.861811e-01
0.000000e+00
5.555512e-01
1.736653e+00
0.000000e+00
0.000000e+00
0.000000e+00
-1.000000e+00
5.905512e-01
1.771654e+00
0.000000e+00
5.555512e-01
1.736653e+00
0.000000e+00
4.071486e-01
1.736653e+00
0.000000e+00
0.000000e+00
0.000000e+00
-1.000000e+00
3.127756e-01
1.035677e+00
0.000000e+00
4.696546e-01
5.861811e-01
0.000000e+00
1.389776e-01
5.861811e-01
0.000000e+00
0.000000e+00
0.000000e+00
-1.000000e+00
1.389776e-01
5.861811e-01
0.000000e+00
4.696546e-01
5.861811e-01
0.000000e+00
0.000000e+00
0.000000e+00
0.000000e+00
0.000000e+00
0.000000e+00
-1.000000e+00
1.389776e-01
5.861811e-01
0.000000e+00
0.000000e+00
0.000000e+00
0.000000e+00
3.500000e-02
1.736653e+00
0.000000e+00
0.000000e+00
0.000000e+00
-1.000000e+00
3.500000e-02
1.736653e+00
0.000000e+00
0.000000e+00
0.000000e+00
0.000000e+00
0.000000e+00
1.771654e+00
0.000000e+00
0.000000e+00
0.000000e+00
-1.000000e+00
3.500000e-02
1.736653e+00
0.000000e+00
0.000000e+00
1.771654e+00
0.000000e+00
1.833367e-01
1.736653e+00
0.000000e+00
0.000000e+00
0.000000e+00
-1.000000e+00
1.833367e-01
1.736653e+00
0.000000e+00
0.000000e+00
1.771654e+00
0.000000e+00
4.071486e-01
1.736653e+00
0.000000e+00
0.000000e+00
0.000000e+00
-1.000000e+00
1.833367e-01
1.736653e+00
0.000000e+00
4.071486e-01
1.736653e+00
0.000000e+00
2.285078e-01
1.221179e+00
0.000000e+00
0.000000e+00
0.000000e+00
-1.000000e+00
2.285078e-01
1.221179e+00
0.000000e+00
4.071486e-01
1.736653e+00
0.000000e+00
3.683181e-01
1.221179e+00
0.000000e+00
-9.327081e-01
3.606321e-01
0.000000e+00
3.127756e-01
1.035677e+00
6.842519e-02
3.127756e-01
1.035677e+00
0.000000e+00
1.389776e-01
5.861811e-01
6.842519e-02
-9.327081e-01
3.606321e-01
0.000000e+00
1.389776e-01
5.861811e-01
6.842519e-02
3.127756e-01
1.035677e+00
0.000000e+00
1.389776e-01
5.861811e-01
0.000000e+00
9.959407e-01
9.001128e-02
0.000000e+00
1.389776e-01
5.861811e-01
6.842519e-02
1.389776e-01
5.861811e-01
0.000000e+00
3.500000e-02
1.736653e+00
6.842519e-02
9.959407e-01
9.001128e-02
0.000000e+00
3.500000e-02
1.736653e+00
6.842519e-02
1.389776e-01
5.861811e-01
0.000000e+00
3.500000e-02
1.736653e+00
0.000000e+00
0.000000e+00
-1.000000e+00
0.000000e+00
3.500000e-02
1.736653e+00
6.842519e-02
3.500000e-02
1.736653e+00
0.000000e+00
1.833367e-01
1.736653e+00
6.842519e-02
0.000000e+00
-1.000000e+00
0.000000e+00
1.833367e-01
1.736653e+00
6.842519e-02
3.500000e-02
1.736653e+00
0.000000e+00
1.833367e-01
1.736653e+00
0.000000e+00
-9.961824e-01
-8.729569e-02
0.000000e+00
1.833367e-01
1.736653e+00
6.842519e-02
1.833367e-01
1.736653e+00
0.000000e+00
2.285078e-01
1.221179e+00
6.842519e-02
-9.961824e-01
-8.729569e-02
0.000000e+00
2.285078e-01
1.221179e+00
6.842519e-02
1.833367e-01
1.736653e+00
0.000000e+00
2.285078e-01
1.221179e+00
0.000000e+00
9.769842e-16
-1.000000e+00
0.000000e+00
2.285078e-01
1.221179e+00
6.842519e-02
2.285078e-01
1.221179e+00
0.000000e+00
3.683181e-01
1.221179e+00
6.842519e-02
9.769842e-16
-1.000000e+00
0.000000e+00
3.683181e-01
1.221179e+00
6.842519e-02
2.285078e-01
1.221179e+00
0.000000e+00
3.683181e-01
1.221179e+00
0.000000e+00
9.971747e-01
-7.511683e-02
0.000000e+00
3.683181e-01
1.221179e+00
6.842519e-02
3.683181e-01
1.221179e+00
5.335641e-19
4.071486e-01
1.736653e+00
6.842519e-02
9.971747e-01
-7.511683e-02
0.000000e+00
4.071486e-01
1.736653e+00
6.842519e-02
3.683181e-01
1.221179e+00
5.335641e-19
4.071486e-01
1.736653e+00
5.335641e-19
0.000000e+00
-1.000000e+00
0.000000e+00
4.071486e-01
1.736653e+00
6.842519e-02
4.071486e-01
1.736653e+00
0.000000e+00
5.555512e-01
1.736653e+00
6.842519e-02
0.000000e+00
-1.000000e+00
0.000000e+00
5.555512e-01
1.736653e+00
6.842519e-02
4.071486e-01
1.736653e+00
0.000000e+00
5.555512e-01
1.736653e+00
0.000000e+00
-9.972244e-01
7.445479e-02
0.000000e+00
5.555512e-01
1.736653e+00
6.842519e-02
5.555512e-01
1.736653e+00
0.000000e+00
4.696546e-01
5.861811e-01
6.842519e-02
-9.972244e-01
7.445479e-02
0.000000e+00
4.696546e-01
5.861811e-01
6.842519e-02
5.555512e-01
1.736653e+00
0.000000e+00
4.696546e-01
5.861811e-01
0.000000e+00
9.441493e-01
3.295181e-01
0.000000e+00
4.696546e-01
5.861811e-01
6.842519e-02
4.696546e-01
5.861811e-01
0.000000e+00
3.127756e-01
1.035677e+00
6.842519e-02
9.441493e-01
3.295181e-01
0.000000e+00
3.127756e-01
1.035677e+00
6.842519e-02
4.696546e-01
5.861811e-01
0.000000e+00
3.127756e-01
1.035677e+00
0.000000e+00
-9.307143e-01
3.598612e-01
6.535120e-02
1.389732e-01
5.861501e-01
6.907964e-02
3.127537e-01
1.034357e+00
7.363465e-02
1.389776e-01
5.861811e-01
6.842519e-02
-9.278749e-01
3.587634e-01
1.016709e-01
1.389776e-01
5.861811e-01
6.842519e-02
3.127537e-01
1.034357e+00
7.363465e-02
3.127633e-01
1.034934e+00
7.234098e-02
-9.302422e-01
3.596787e-01
7.266821e-02
3.127633e-01
1.034934e+00
7.234098e-02
3.127701e-01
1.035347e+00
7.103987e-02
1.389776e-01
5.861811e-01
6.842519e-02
-9.318204e-01
3.602889e-01
4.361939e-02
1.389776e-01
5.861811e-01
6.842519e-02
3.127701e-01
1.035347e+00
7.103987e-02
3.127742e-01
1.035595e+00
6.973378e-02
-9.326095e-01
3.605940e-01
1.454287e-02
1.389776e-01
5.861811e-01
6.842519e-02
3.127742e-01
1.035595e+00
6.973378e-02
3.127756e-01
1.035677e+00
6.842519e-02
-9.297280e-01
3.594798e-01
7.987569e-02
1.389732e-01
5.861501e-01
6.907964e-02
1.389601e-01
5.860568e-01
6.973378e-02
3.127537e-01
1.034357e+00
7.363465e-02
-9.285449e-01
3.590224e-01
9.437823e-02
3.127537e-01
1.034357e+00
7.363465e-02
1.389601e-01
5.860568e-01
6.973378e-02
1.389384e-01
5.859015e-01
7.038729e-02
-9.271654e-01
3.584890e-01
1.088565e-01
3.127537e-01
1.034357e+00
7.363465e-02
1.389384e-01
5.859015e-01
7.038729e-02
1.389078e-01
5.856842e-01
7.103987e-02
-9.247287e-01
3.575469e-01
1.305262e-01
1.389078e-01
5.856842e-01
7.103987e-02
1.388208e-01
5.850641e-01
7.234098e-02
3.127537e-01
1.034357e+00
7.363465e-02
-9.207965e-01
3.560265e-01
1.593079e-01
3.127537e-01
1.034357e+00
7.363465e-02
1.388208e-01
5.850641e-01
7.234098e-02
1.386992e-01
5.841974e-01
7.363465e-02
-9.160857e-01
3.542050e-01
1.879517e-01
3.127537e-01
1.034357e+00
7.363465e-02
1.386992e-01
5.841974e-01
7.363465e-02
3.127414e-01
1.033617e+00
7.491838e-02
-9.043507e-01
3.496677e-01
2.447084e-01
1.385433e-01
5.830860e-01
7.491838e-02
3.126887e-01
1.030436e+00
7.868581e-02
1.386992e-01
5.841974e-01
7.363465e-02
-9.009269e-01
3.483439e-01
2.588191e-01
1.386992e-01
5.841974e-01
7.363465e-02
3.126887e-01
1.030436e+00
7.868581e-02
3.127265e-01
1.032716e+00
7.618977e-02
-9.105992e-01
3.520837e-01
2.164396e-01
1.386992e-01
5.841974e-01
7.363465e-02
3.127265e-01
1.032716e+00
7.618977e-02
3.127414e-01
1.033617e+00
7.491838e-02
-8.453207e-01
3.268437e-01
4.226183e-01
1.378727e-01
5.783066e-01
7.868581e-02
1.372610e-01
5.739475e-01
8.110374e-02
3.125826e-01
1.024033e+00
8.342520e-02
-8.973233e-01
3.469506e-01
2.728301e-01
1.385433e-01
5.830860e-01
7.491838e-02
1.383533e-01
5.817320e-01
7.618977e-02
3.126887e-01
1.030436e+00
7.868581e-02
-8.853639e-01
3.423265e-01
3.145525e-01
3.126887e-01
1.030436e+00
7.868581e-02
1.383533e-01
5.817320e-01
7.618977e-02
1.378727e-01
5.783066e-01
7.868581e-02
-8.668128e-01
3.351537e-01
3.691985e-01
3.126887e-01
1.030436e+00
7.868581e-02
1.378727e-01
5.783066e-01
7.868581e-02
3.126406e-01
1.027534e+00
8.110374e-02
-8.453207e-01
3.268437e-01
4.226183e-01
3.126406e-01
1.027534e+00
8.110374e-02
1.378727e-01
5.783066e-01
7.868581e-02
3.125826e-01
1.024033e+00
8.342520e-02
-6.784695e-01
2.623306e-01
6.861938e-01
1.324329e-01
5.395391e-01
9.140653e-02
3.124385e-01
1.015344e+00
8.770882e-02
1.346912e-01
5.556330e-01
8.770882e-02
-7.481102e-01
2.892572e-01
5.972114e-01
1.346912e-01
5.556330e-01
8.770882e-02
3.124385e-01
1.015344e+00
8.770882e-02
3.125826e-01
1.024033e+00
8.342520e-02
-7.793000e-01
3.013168e-01
5.494540e-01
1.346912e-01
5.556330e-01
8.770882e-02
3.125826e-01
1.024033e+00
8.342520e-02
1.365230e-01
5.686877e-01
8.342520e-02
-8.209674e-01
3.174275e-01
4.746076e-01
1.365230e-01
5.686877e-01
8.342520e-02
3.125826e-01
1.024033e+00
8.342520e-02
1.372610e-01
5.739475e-01
8.110374e-02
-5.417088e-02
2.094520e-02
9.983119e-01
1.206562e-01
4.556089e-01
9.842519e-02
3.113348e-01
9.487638e-01
9.842519e-02
1.238376e-01
4.782825e-01
9.796944e-02
-1.083418e-01
4.189041e-02
9.932307e-01
1.238376e-01
4.782825e-01
9.796944e-02
3.113348e-01
9.487638e-01
9.842519e-02
3.115850e-01
9.638562e-01
9.796944e-02
-2.150376e-01
8.314441e-02
9.730600e-01
1.238376e-01
4.782825e-01
9.796944e-02
3.115850e-01
9.638562e-01
9.796944e-02
1.269225e-01
5.002673e-01
9.661597e-02
-2.675625e-01
1.034532e-01
9.579706e-01
1.269225e-01
5.002673e-01
9.661597e-02
3.115850e-01
9.638562e-01
9.796944e-02
3.118275e-01
9.784899e-01
9.661597e-02
-3.693705e-01
1.428173e-01
9.182422e-01
1.269225e-01
5.002673e-01
9.661597e-02
3.118275e-01
9.784899e-01
9.661597e-02
1.298169e-01
5.208950e-01
9.440596e-02
-4.186535e-01
1.618726e-01
8.936031e-01
1.298169e-01
5.208950e-01
9.440596e-02
3.118275e-01
9.784899e-01
9.661597e-02
3.120552e-01
9.922206e-01
9.440596e-02
-5.124803e-01
1.981508e-01
8.355240e-01
1.298169e-01
5.208950e-01
9.440596e-02
3.120552e-01
9.922206e-01
9.440596e-02
1.324329e-01
5.395391e-01
9.140653e-02
-5.570239e-01
2.153736e-01
8.020838e-01
1.324329e-01
5.395391e-01
9.140653e-02
3.120552e-01
9.922206e-01
9.440596e-02
3.122609e-01
1.004631e+00
9.140653e-02
-6.400185e-01
2.474635e-01
7.274188e-01
1.324329e-01
5.395391e-01
9.140653e-02
3.122609e-01
1.004631e+00
9.140653e-02
3.124385e-01
1.015344e+00
8.770882e-02
9.425524e-01
3.289608e-01
5.813458e-02
3.127742e-01
1.035595e+00
6.973378e-02
4.698187e-01
5.849320e-01
7.234098e-02
3.127756e-01
1.035677e+00
6.842519e-02
9.416531e-01
3.286469e-01
7.266821e-02
3.127756e-01
1.035677e+00
6.842519e-02
4.698187e-01
5.849320e-01
7.234098e-02
4.697276e-01
5.856255e-01
7.103987e-02
9.429260e-01
3.290911e-01
5.088793e-02
3.127756e-01
1.035677e+00
6.842519e-02
4.697276e-01
5.856255e-01
7.103987e-02
4.696956e-01
5.858685e-01
7.038729e-02
9.435251e-01
3.293003e-01
3.635430e-02
4.696956e-01
5.858685e-01
7.038729e-02
4.696728e-01
5.860422e-01
6.973378e-02
3.127756e-01
1.035677e+00
6.842519e-02
9.439246e-01
3.294396e-01
2.181488e-02
3.127756e-01
1.035677e+00
6.842519e-02
4.696728e-01
5.860422e-01
6.973378e-02
4.696591e-01
5.861464e-01
6.907964e-02
9.441243e-01
3.295094e-01
7.272013e-03
3.127756e-01
1.035677e+00
6.842519e-02
4.696591e-01
5.861464e-01
6.907964e-02
4.696546e-01
5.861811e-01
6.842519e-02
9.405565e-01
3.282642e-01
8.715574e-02
3.127742e-01
1.035595e+00
6.973378e-02
3.127701e-01
1.035347e+00
7.103987e-02
4.698187e-01
5.849320e-01
7.234098e-02
9.377651e-01
3.272900e-01
1.160939e-01
4.698187e-01
5.849320e-01
7.234098e-02
3.127701e-01
1.035347e+00
7.103987e-02
3.127633e-01
1.034934e+00
7.234098e-02
9.341807e-01
3.260390e-01
1.449308e-01
4.698187e-01
5.849320e-01
7.234098e-02
3.127633e-01
1.034934e+00
7.234098e-02
4.699460e-01
5.839630e-01
7.363465e-02
9.320915e-01
3.253098e-01
1.593079e-01
4.699460e-01
5.839630e-01
7.363465e-02
3.127633e-01
1.034934e+00
7.234098e-02
3.127537e-01
1.034357e+00
7.363465e-02
9.273229e-01
3.236455e-01
1.879517e-01
4.699460e-01
5.839630e-01
7.363465e-02
3.127537e-01
1.034357e+00
7.363465e-02
4.701093e-01
5.827202e-01
7.491838e-02
9.246435e-01
3.227104e-01
2.022186e-01
3.127537e-01
1.034357e+00
7.363465e-02
3.127414e-01
1.033617e+00
7.491838e-02
4.701093e-01
5.827202e-01
7.491838e-02
9.186998e-01
3.206359e-01
2.306149e-01
4.701093e-01
5.827202e-01
7.491838e-02
3.127414e-01
1.033617e+00
7.491838e-02
3.127265e-01
1.032716e+00
7.618977e-02
9.154354e-01
3.194967e-01
2.447443e-01
4.701093e-01
5.827202e-01
7.491838e-02
3.127265e-01
1.032716e+00
7.618977e-02
4.703082e-01
5.812061e-01
7.618977e-02
9.044873e-01
3.156756e-01
2.867954e-01
4.703082e-01
5.812061e-01
7.618977e-02
3.127265e-01
1.032716e+00
7.618977e-02
3.126887e-01
1.030436e+00
7.868581e-02
8.962243e-01
3.127918e-01
3.145526e-01
4.703082e-01
5.812061e-01
7.618977e-02
3.126887e-01
1.030436e+00
7.868581e-02
4.708114e-01
5.773759e-01
7.868581e-02
8.774456e-01
3.062378e-01
3.691986e-01
4.708114e-01
5.773759e-01
7.868581e-02
3.126887e-01
1.030436e+00
7.868581e-02
3.126406e-01
1.027534e+00
8.110374e-02
8.556898e-01
2.986448e-01
4.226183e-01
4.708114e-01
5.773759e-01
7.868581e-02
3.126406e-01
1.027534e+00
8.110374e-02
4.722245e-01
5.666202e-01
8.342520e-02
8.310378e-01
2.900410e-01
4.746076e-01
3.126406e-01
1.027534e+00
8.110374e-02
3.125826e-01
1.024033e+00
8.342520e-02
4.722245e-01
5.666202e-01
8.342520e-02
7.888594e-01
2.753202e-01
5.494540e-01
4.722245e-01
5.666202e-01
8.342520e-02
3.125826e-01
1.024033e+00
8.342520e-02
3.124385e-01
1.015344e+00
8.770882e-02
7.572868e-01
2.643011e-01
5.972114e-01
4.722245e-01
5.666202e-01
8.342520e-02
3.124385e-01
1.015344e+00
8.770882e-02
4.741425e-01
5.520225e-01
8.770882e-02
6.867920e-01
2.396976e-01
6.861938e-01
4.741425e-01
5.520225e-01
8.770882e-02
3.124385e-01
1.015344e+00
8.770882e-02
3.122609e-01
1.004631e+00
9.140653e-02
6.478693e-01
2.261132e-01
7.274188e-01
4.741425e-01
5.520225e-01
8.770882e-02
3.122609e-01
1.004631e+00
9.140653e-02
4.765068e-01
5.340264e-01
9.140653e-02
5.638567e-01
1.967919e-01
8.020838e-01
4.765068e-01
5.340264e-01
9.140653e-02
3.122609e-01
1.004631e+00
9.140653e-02
3.120552e-01
9.922206e-01
9.440596e-02
5.187666e-01
1.810550e-01
8.355240e-01
4.765068e-01
5.340264e-01
9.140653e-02
3.120552e-01
9.922206e-01
9.440596e-02
4.792458e-01
5.131788e-01
9.440596e-02
4.237889e-01
1.479068e-01
8.936031e-01
4.792458e-01
5.131788e-01
9.440596e-02
3.120552e-01
9.922206e-01
9.440596e-02
3.118275e-01
9.784899e-01
9.661597e-02
3.739014e-01
1.304955e-01
9.182422e-01
4.792458e-01
5.131788e-01
9.440596e-02
3.118275e-01
9.784899e-01
9.661597e-02
4.822763e-01
4.901130e-01
9.661597e-02
2.708446e-01
9.452762e-02
9.579706e-01
4.822763e-01
4.901130e-01
9.661597e-02
3.118275e-01
9.784899e-01
9.661597e-02
3.115850e-01
9.638562e-01
9.796944e-02
2.176754e-01
7.597101e-02
9.730600e-01
4.822763e-01
4.901130e-01
9.661597e-02
3.115850e-01
9.638562e-01
9.796944e-02
4.855061e-01
4.655299e-01
9.796944e-02
1.096708e-01
3.827626e-02
9.932307e-01
4.855061e-01
4.655299e-01
9.796944e-02
3.115850e-01
9.638562e-01
9.796944e-02
3.113348e-01
9.487638e-01
9.842519e-02
5.483537e-02
1.913813e-02
9.983119e-01
4.855061e-01
4.655299e-01
9.796944e-02
3.113348e-01
9.487638e-01
9.842519e-02
4.888371e-01
4.401765e-01
9.842519e-02
5.784338e-02
5.227777e-03
9.983119e-01
2.166381e-03
1.766654e+00
9.842519e-02
1.206562e-01
4.556089e-01
9.842519e-02
1.238376e-01
4.782825e-01
9.796944e-02
1.156868e-01
1.045556e-02
9.932307e-01
2.166381e-03
1.766654e+00
9.842519e-02
1.238376e-01
4.782825e-01
9.796944e-02
7.867880e-03
1.761444e+00
9.796944e-02
2.296160e-01
2.075227e-02
9.730600e-01
7.867880e-03
1.761444e+00
9.796944e-02
1.238376e-01
4.782825e-01
9.796944e-02
1.269225e-01
5.002673e-01
9.661597e-02
2.857018e-01
2.582120e-02
9.579706e-01
7.867880e-03
1.761444e+00
9.796944e-02
1.269225e-01
5.002673e-01
9.661597e-02
1.339614e-02
1.756393e+00
9.661597e-02
3.944118e-01
3.564621e-02
9.182422e-01
1.339614e-02
1.756393e+00
9.661597e-02
1.269225e-01
5.002673e-01
9.661597e-02
1.298169e-01
5.208950e-01
9.440596e-02
4.470360e-01
4.040229e-02
8.936031e-01
1.339614e-02
1.756393e+00
9.661597e-02
1.298169e-01
5.208950e-01
9.440596e-02
1.858319e-02
1.751654e+00
9.440596e-02
5.472236e-01
4.945706e-02
8.355240e-01
1.858319e-02
1.751654e+00
9.440596e-02
1.298169e-01
5.208950e-01
9.440596e-02
1.324329e-01
5.395391e-01
9.140653e-02
5.947872e-01
5.375576e-02
8.020838e-01
1.858319e-02
1.751654e+00
9.440596e-02
1.324329e-01
5.395391e-01
9.140653e-02
2.327142e-02
1.747370e+00
9.140653e-02
6.834083e-01
6.176518e-02
7.274188e-01
2.327142e-02
1.747370e+00
9.140653e-02
1.324329e-01
5.395391e-01
9.140653e-02
1.346912e-01
5.556330e-01
8.770882e-02
7.244660e-01
6.547590e-02
6.861938e-01
2.327142e-02
1.747370e+00
9.140653e-02
1.346912e-01
5.556330e-01
8.770882e-02
2.731839e-02
1.743672e+00
8.770882e-02
9.026288e-01
8.157793e-02
4.226183e-01
3.301989e-02
1.738463e+00
7.868581e-02
3.192374e-02
1.739464e+00
8.110374e-02
1.365230e-01
5.686877e-01
8.342520e-02
8.766246e-01
7.922771e-02
4.746076e-01
1.365230e-01
5.686877e-01
8.342520e-02
3.192374e-02
1.739464e+00
8.110374e-02
3.060113e-02
1.740673e+00
8.342520e-02
8.321323e-01
7.520658e-02
5.494540e-01
1.365230e-01
5.686877e-01
8.342520e-02
3.060113e-02
1.740673e+00
8.342520e-02
1.346912e-01
5.556330e-01
8.770882e-02
8.158268e-01
7.373293e-02
5.735765e-01
1.346912e-01
5.556330e-01
8.770882e-02
3.060113e-02
1.740673e+00
8.342520e-02
2.906211e-02
1.742079e+00
8.563249e-02
7.812264e-01
7.060579e-02
6.202419e-01
1.346912e-01
5.556330e-01
8.770882e-02
2.906211e-02
1.742079e+00
8.563249e-02
2.731839e-02
1.743672e+00
8.770882e-02
9.620049e-01
8.694422e-02
2.588191e-01
1.378727e-01
5.783066e-01
7.868581e-02
1.383533e-01
5.817320e-01
7.618977e-02
3.450118e-02
1.737109e+00
7.363465e-02
9.026288e-01
8.157793e-02
4.226183e-01
1.365230e-01
5.686877e-01
8.342520e-02
1.372610e-01
5.739475e-01
8.110374e-02
3.301989e-02
1.738463e+00
7.868581e-02
9.255781e-01
8.365204e-02
3.691986e-01
3.301989e-02
1.738463e+00
7.868581e-02
1.372610e-01
5.739475e-01
8.110374e-02
1.378727e-01
5.783066e-01
7.868581e-02
9.453869e-01
8.544232e-02
3.145526e-01
3.301989e-02
1.738463e+00
7.868581e-02
1.378727e-01
5.783066e-01
7.868581e-02
3.388122e-02
1.737676e+00
7.618977e-02
9.620049e-01
8.694422e-02
2.588191e-01
3.388122e-02
1.737676e+00
7.618977e-02
1.378727e-01
5.783066e-01
7.868581e-02
3.450118e-02
1.737109e+00
7.363465e-02
9.723330e-01
8.787766e-02
2.164396e-01
1.383533e-01
5.817320e-01
7.618977e-02
1.385433e-01
5.830860e-01
7.491838e-02
3.450118e-02
1.737109e+00
7.363465e-02
9.781914e-01
8.840714e-02
1.879517e-01
3.450118e-02
1.737109e+00
7.363465e-02
1.385433e-01
5.830860e-01
7.491838e-02
1.386992e-01
5.841974e-01
7.363465e-02
9.854240e-01
8.906081e-02
1.449400e-01
3.450118e-02
1.737109e+00
7.363465e-02
1.386992e-01
5.841974e-01
7.363465e-02
3.487506e-02
1.736768e+00
7.103987e-02
9.921509e-01
8.966875e-02
8.715574e-02
3.487506e-02
1.736768e+00
7.103987e-02
1.386992e-01
5.841974e-01
7.363465e-02
3.500000e-02
1.736653e+00
6.842519e-02
9.907799e-01
8.954486e-02
1.016709e-01
3.500000e-02
1.736653e+00
6.842519e-02
1.386992e-01
5.841974e-01
7.363465e-02
1.388208e-01
5.850641e-01
7.234098e-02
9.933077e-01
8.977330e-02
7.266821e-02
3.500000e-02
1.736653e+00
6.842519e-02
1.388208e-01
5.850641e-01
7.234098e-02
1.389078e-01
5.856842e-01
7.103987e-02
9.959144e-01
9.000891e-02
7.272013e-03
1.389732e-01
5.861501e-01
6.907964e-02
1.389776e-01
5.861811e-01
6.842519e-02
3.500000e-02
1.736653e+00
6.842519e-02
9.946504e-01
8.989467e-02
5.088793e-02
1.389078e-01
5.856842e-01
7.103987e-02
1.389384e-01
5.859015e-01
7.038729e-02
3.500000e-02
1.736653e+00
6.842519e-02
9.952824e-01
8.995178e-02
3.635429e-02
3.500000e-02
1.736653e+00
6.842519e-02
1.389384e-01
5.859015e-01
7.038729e-02
1.389601e-01
5.860568e-01
6.973378e-02
9.957038e-01
8.998986e-02
2.181488e-02
3.500000e-02
1.736653e+00
6.842519e-02
1.389601e-01
5.860568e-01
6.973378e-02
1.389732e-01
5.861501e-01
6.907964e-02
-9.950926e-01
7.429564e-02
6.535120e-02
4.696591e-01
5.861464e-01
6.907964e-02
5.560423e-01
1.737109e+00
7.363465e-02
4.696546e-01
5.861811e-01
6.842519e-02
-9.934296e-01
7.417147e-02
8.715575e-02
4.696546e-01
5.861811e-01
6.842519e-02
5.560423e-01
1.737109e+00
7.363465e-02
5.556742e-01
1.736768e+00
7.103987e-02
-9.968028e-01
7.442331e-02
2.907651e-02
4.696546e-01
5.861811e-01
6.842519e-02
5.556742e-01
1.736768e+00
7.103987e-02
5.555512e-01
1.736653e+00
6.842519e-02
-9.940381e-01
7.421690e-02
7.987569e-02
4.696591e-01
5.861464e-01
6.907964e-02
4.696728e-01
5.860422e-01
6.973378e-02
5.560423e-01
1.737109e+00
7.363465e-02
-9.927732e-01
7.412246e-02
9.437823e-02
5.560423e-01
1.737109e+00
7.363465e-02
4.696728e-01
5.860422e-01
6.973378e-02
4.696956e-01
5.858685e-01
7.038729e-02
-9.912983e-01
7.401234e-02
1.088565e-01
5.560423e-01
1.737109e+00
7.363465e-02
4.696956e-01
5.858685e-01
7.038729e-02
4.697276e-01
5.856255e-01
7.103987e-02
-9.669055e-01
7.219112e-02
2.447084e-01
4.699460e-01
5.839630e-01
7.363465e-02
4.701093e-01
5.827202e-01
7.491838e-02
5.575005e-01
1.738463e+00
7.868581e-02
-9.886930e-01
7.381781e-02
1.305262e-01
4.697276e-01
5.856255e-01
7.103987e-02
4.698187e-01
5.849320e-01
7.234098e-02
5.560423e-01
1.737109e+00
7.363465e-02
-9.844888e-01
7.350393e-02
1.593079e-01
5.560423e-01
1.737109e+00
7.363465e-02
4.698187e-01
5.849320e-01
7.234098e-02
4.699460e-01
5.839630e-01
7.363465e-02
-9.766240e-01
7.291673e-02
2.022095e-01
5.560423e-01
1.737109e+00
7.363465e-02
4.699460e-01
5.839630e-01
7.363465e-02
5.566525e-01
1.737676e+00
7.618977e-02
-9.632448e-01
7.191780e-02
2.588190e-01
5.566525e-01
1.737676e+00
7.618977e-02
4.699460e-01
5.839630e-01
7.363465e-02
5.575005e-01
1.738463e+00
7.868581e-02
-8.911228e-01
6.653303e-02
4.488580e-01
4.708114e-01
5.773759e-01
7.868581e-02
4.722245e-01
5.666202e-01
8.342520e-02
5.598817e-01
1.740673e+00
8.342520e-02
-9.593920e-01
7.163014e-02
2.728301e-01
4.701093e-01
5.827202e-01
7.491838e-02
4.703082e-01
5.812061e-01
7.618977e-02
5.575005e-01
1.738463e+00
7.868581e-02
-9.466053e-01
7.067547e-02
3.145525e-01
5.575005e-01
1.738463e+00
7.868581e-02
4.703082e-01
5.812061e-01
7.618977e-02
4.708114e-01
5.773759e-01
7.868581e-02
-9.267710e-01
6.919460e-02
3.691985e-01
5.575005e-01
1.738463e+00
7.868581e-02
4.708114e-01
5.773759e-01
7.868581e-02
5.585796e-01
1.739464e+00
8.110374e-02
-9.037922e-01
6.747895e-02
4.226182e-01
5.585796e-01
1.739464e+00
8.110374e-02
4.708114e-01
5.773759e-01
7.868581e-02
5.598817e-01
1.740673e+00
8.342520e-02
-5.791793e-02
4.324270e-03
9.983119e-01
4.888371e-01
4.401765e-01
9.842519e-02
5.878745e-01
1.766654e+00
9.842519e-02
4.855061e-01
4.655299e-01
9.796944e-02
-1.158359e-01
8.648540e-03
9.932307e-01
4.855061e-01
4.655299e-01
9.796944e-02
5.878745e-01
1.766654e+00
9.842519e-02
5.822617e-01
1.761444e+00
9.796944e-02
-2.299119e-01
1.716569e-02
9.730600e-01
4.855061e-01
4.655299e-01
9.796944e-02
5.822617e-01
1.761444e+00
9.796944e-02
4.822763e-01
4.901130e-01
9.661597e-02
-2.860701e-01
2.135857e-02
9.579706e-01
4.822763e-01
4.901130e-01
9.661597e-02
5.822617e-01
1.761444e+00
9.796944e-02
5.768193e-01
1.756393e+00
9.661597e-02
-3.949201e-01
2.948554e-02
9.182422e-01
4.822763e-01
4.901130e-01
9.661597e-02
5.768193e-01
1.756393e+00
9.661597e-02
4.792458e-01
5.131788e-01
9.440596e-02
-4.476121e-01
3.341963e-02
8.936031e-01
4.792458e-01
5.131788e-01
9.440596e-02
5.768193e-01
1.756393e+00
9.661597e-02
5.717129e-01
1.751654e+00
9.440596e-02
-5.479290e-01
4.090948e-02
8.355240e-01
4.792458e-01
5.131788e-01
9.440596e-02
5.717129e-01
1.751654e+00
9.440596e-02
4.765068e-01
5.340264e-01
9.140653e-02
-5.955538e-01
4.446525e-02
8.020839e-01
4.765068e-01
5.340264e-01
9.140653e-02
5.717129e-01
1.751654e+00
9.440596e-02
5.670975e-01
1.747370e+00
9.140653e-02
-6.842892e-01
5.109042e-02
7.274188e-01
4.765068e-01
5.340264e-01
9.140653e-02
5.670975e-01
1.747370e+00
9.140653e-02
4.741425e-01
5.520225e-01
8.770882e-02
-7.253997e-01
5.415981e-02
6.861938e-01
4.741425e-01
5.520225e-01
8.770882e-02
5.670975e-01
1.747370e+00
9.140653e-02
5.631134e-01
1.743672e+00
8.770882e-02
-7.998576e-01
5.971899e-02
5.972114e-01
4.741425e-01
5.520225e-01
8.770882e-02
5.631134e-01
1.743672e+00
8.770882e-02
4.722245e-01
5.666202e-01
8.342520e-02
-8.168784e-01
6.098980e-02
5.735765e-01
4.722245e-01
5.666202e-01
8.342520e-02
5.631134e-01
1.743672e+00
8.770882e-02
5.613968e-01
1.742079e+00
8.563249e-02
-8.487586e-01
6.337003e-02
5.249696e-01
4.722245e-01
5.666202e-01
8.342520e-02
5.613968e-01
1.742079e+00
8.563249e-02
5.598817e-01
1.740673e+00
8.342520e-02
0.000000e+00
-8.354833e-01
5.495159e-01
1.870191e-01
1.740673e+00
8.342520e-02
1.883075e-01
1.742079e+00
8.563249e-02
2.906211e-02
1.742079e+00
8.563249e-02
0.000000e+00
-8.021281e-01
5.971520e-01
2.906211e-02
1.742079e+00
8.563249e-02
1.883075e-01
1.742079e+00
8.563249e-02
1.897672e-01
1.743672e+00
8.770882e-02
0.000000e+00
-7.844105e-01
6.202420e-01
2.906211e-02
1.742079e+00
8.563249e-02
1.897672e-01
1.743672e+00
8.770882e-02
2.731839e-02
1.743672e+00
8.770882e-02
0.000000e+00
-7.274188e-01
6.861938e-01
2.731839e-02
1.743672e+00
8.770882e-02
1.897672e-01
1.743672e+00
8.770882e-02
1.931551e-01
1.747370e+00
9.140653e-02
0.000000e+00
-6.861938e-01
7.274188e-01
2.731839e-02
1.743672e+00
8.770882e-02
1.931551e-01
1.747370e+00
9.140653e-02
2.327142e-02
1.747370e+00
9.140653e-02
0.000000e+00
-5.972114e-01
8.020838e-01
2.327142e-02
1.747370e+00
9.140653e-02
1.931551e-01
1.747370e+00
9.140653e-02
1.970797e-01
1.751654e+00
9.440596e-02
0.000000e+00
-5.494540e-01
8.355240e-01
2.327142e-02
1.747370e+00
9.140653e-02
1.970797e-01
1.751654e+00
9.440596e-02
1.858319e-02
1.751654e+00
9.440596e-02
0.000000e+00
-4.488580e-01
8.936031e-01
1.858319e-02
1.751654e+00
9.440596e-02
1.970797e-01
1.751654e+00
9.440596e-02
2.014220e-01
1.756393e+00
9.661597e-02
0.000000e+00
-3.960194e-01
9.182422e-01
1.858319e-02
1.751654e+00
9.440596e-02
2.014220e-01
1.756393e+00
9.661597e-02
1.339614e-02
1.756393e+00
9.661597e-02
0.000000e+00
-2.868663e-01
9.579706e-01
1.339614e-02
1.756393e+00
9.661597e-02
2.014220e-01
1.756393e+00
9.661597e-02
2.060498e-01
1.761444e+00
9.796944e-02
0.000000e+00
-2.305519e-01
9.730600e-01
1.339614e-02
1.756393e+00
9.661597e-02
2.060498e-01
1.761444e+00
9.796944e-02
7.867880e-03
1.761444e+00
9.796944e-02
0.000000e+00
-1.161583e-01
9.932307e-01
7.867880e-03
1.761444e+00
9.796944e-02
2.060498e-01
1.761444e+00
9.796944e-02
2.108227e-01
1.766654e+00
9.842519e-02
0.000000e+00
-5.807913e-02
9.983119e-01
7.867880e-03
1.761444e+00
9.796944e-02
2.108227e-01
1.766654e+00
9.842519e-02
2.166381e-03
1.766654e+00
9.842519e-02
0.000000e+00
-8.511210e-01
5.249696e-01
2.906211e-02
1.742079e+00
8.563249e-02
3.060113e-02
1.740673e+00
8.342520e-02
1.870191e-01
1.740673e+00
8.342520e-02
0.000000e+00
-8.801975e-01
4.746076e-01
1.870191e-01
1.740673e+00
8.342520e-02
3.060113e-02
1.740673e+00
8.342520e-02
3.192374e-02
1.739464e+00
8.110374e-02
0.000000e+00
-8.936363e-01
4.487919e-01
1.870191e-01
1.740673e+00
8.342520e-02
3.192374e-02
1.739464e+00
8.110374e-02
1.859119e-01
1.739464e+00
8.110374e-02
0.000000e+00
-9.182128e-01
3.960873e-01
1.859119e-01
1.739464e+00
8.110374e-02
3.192374e-02
1.739464e+00
8.110374e-02
1.849943e-01
1.738463e+00
7.868581e-02
0.000000e+00
-9.293506e-01
3.691985e-01
3.192374e-02
1.739464e+00
8.110374e-02
3.301989e-02
1.738463e+00
7.868581e-02
1.849943e-01
1.738463e+00
7.868581e-02
0.000000e+00
-9.492401e-01
3.145525e-01
1.849943e-01
1.738463e+00
7.868581e-02
3.301989e-02
1.738463e+00
7.868581e-02
3.388122e-02
1.737676e+00
7.618977e-02
0.000000e+00
-9.579919e-01
2.867954e-01
1.849943e-01
1.738463e+00
7.868581e-02
3.388122e-02
1.737676e+00
7.618977e-02
1.842732e-01
1.737676e+00
7.618977e-02
0.000000e+00
-9.730430e-01
2.306239e-01
1.842732e-01
1.737676e+00
7.618977e-02
3.388122e-02
1.737676e+00
7.618977e-02
1.837543e-01
1.737109e+00
7.363465e-02
0.000000e+00
-9.995772e-01
2.907651e-02
3.487506e-02
1.736768e+00
7.103987e-02
3.500000e-02
1.736653e+00
6.842519e-02
1.833367e-01
1.736653e+00
6.842519e-02
0.000000e+00
-9.793423e-01
2.022095e-01
3.388122e-02
1.737676e+00
7.618977e-02
3.450118e-02
1.737109e+00
7.363465e-02
1.837543e-01
1.737109e+00
7.363465e-02
0.000000e+00
-9.894404e-01
1.449400e-01
1.837543e-01
1.737109e+00
7.363465e-02
3.450118e-02
1.737109e+00
7.363465e-02
3.487506e-02
1.736768e+00
7.103987e-02
0.000000e+00
-9.932393e-01
1.160848e-01
1.837543e-01
1.737109e+00
7.363465e-02
3.487506e-02
1.736768e+00
7.103987e-02
1.834413e-01
1.736768e+00
7.103987e-02
0.000000e+00
-9.983077e-01
5.815303e-02
1.834413e-01
1.736768e+00
7.103987e-02
3.487506e-02
1.736768e+00
7.103987e-02
1.833367e-01
1.736653e+00
6.842519e-02
0.000000e+00
-9.995772e-01
2.907651e-02
4.071486e-01
1.736653e+00
6.842519e-02
5.555512e-01
1.736653e+00
6.842519e-02
4.070427e-01
1.736768e+00
7.103987e-02
0.000000e+00
-9.983077e-01
5.815303e-02
4.070427e-01
1.736768e+00
7.103987e-02
5.555512e-01
1.736653e+00
6.842519e-02
5.556742e-01
1.736768e+00
7.103987e-02
0.000000e+00
-9.932393e-01
1.160848e-01
4.070427e-01
1.736768e+00
7.103987e-02
5.556742e-01
1.736768e+00
7.103987e-02
4.067259e-01
1.737109e+00
7.363465e-02
0.000000e+00
-9.894404e-01
1.449400e-01
4.067259e-01
1.737109e+00
7.363465e-02
5.556742e-01
1.736768e+00
7.103987e-02
5.560423e-01
1.737109e+00
7.363465e-02
0.000000e+00
-9.793423e-01
2.022095e-01
4.067259e-01
1.737109e+00
7.363465e-02
5.560423e-01
1.737109e+00
7.363465e-02
4.062004e-01
1.737676e+00
7.618977e-02
0.000000e+00
-9.730430e-01
2.306239e-01
4.062004e-01
1.737676e+00
7.618977e-02
5.560423e-01
1.737109e+00
7.363465e-02
5.566525e-01
1.737676e+00
7.618977e-02
0.000000e+00
-9.579919e-01
2.867954e-01
4.062004e-01
1.737676e+00
7.618977e-02
5.566525e-01
1.737676e+00
7.618977e-02
4.054705e-01
1.738463e+00
7.868581e-02
0.000000e+00
-9.492401e-01
3.145525e-01
4.054705e-01
1.738463e+00
7.868581e-02
5.566525e-01
1.737676e+00
7.618977e-02
5.575005e-01
1.738463e+00
7.868581e-02
0.000000e+00
-9.293506e-01
3.691985e-01
4.054705e-01
1.738463e+00
7.868581e-02
5.575005e-01
1.738463e+00
7.868581e-02
4.045416e-01
1.739464e+00
8.110374e-02
0.000000e+00
-9.182128e-01
3.960873e-01
4.045416e-01
1.739464e+00
8.110374e-02
5.575005e-01
1.738463e+00
7.868581e-02
5.585796e-01
1.739464e+00
8.110374e-02
0.000000e+00
-8.936363e-01
4.487918e-01
4.045416e-01
1.739464e+00
8.110374e-02
5.585796e-01
1.739464e+00
8.110374e-02
4.034207e-01
1.740673e+00
8.342520e-02
0.000000e+00
-8.801975e-01
4.746076e-01
4.034207e-01
1.740673e+00
8.342520e-02
5.585796e-01
1.739464e+00
8.110374e-02
5.598817e-01
1.740673e+00
8.342520e-02
0.000000e+00
-8.511210e-01
5.249696e-01
4.034207e-01
1.740673e+00
8.342520e-02
5.598817e-01
1.740673e+00
8.342520e-02
4.021164e-01
1.742079e+00
8.563249e-02
0.000000e+00
-8.354833e-01
5.495159e-01
4.021164e-01
1.742079e+00
8.563249e-02
5.598817e-01
1.740673e+00
8.342520e-02
5.613968e-01
1.742079e+00
8.563249e-02
0.000000e+00
-8.021281e-01
5.971520e-01
4.021164e-01
1.742079e+00
8.563249e-02
5.613968e-01
1.742079e+00
8.563249e-02
4.006387e-01
1.743672e+00
8.770882e-02
0.000000e+00
-7.844105e-01
6.202420e-01
5.613968e-01
1.742079e+00
8.563249e-02
5.631134e-01
1.743672e+00
8.770882e-02
4.006387e-01
1.743672e+00
8.770882e-02
0.000000e+00
-7.274188e-01
6.861938e-01
4.006387e-01
1.743672e+00
8.770882e-02
5.631134e-01
1.743672e+00
8.770882e-02
5.670975e-01
1.747370e+00
9.140653e-02
0.000000e+00
-6.861938e-01
7.274188e-01
4.006387e-01
1.743672e+00
8.770882e-02
5.670975e-01
1.747370e+00
9.140653e-02
3.972091e-01
1.747370e+00
9.140653e-02
0.000000e+00
-5.972114e-01
8.020838e-01
3.972091e-01
1.747370e+00
9.140653e-02
5.670975e-01
1.747370e+00
9.140653e-02
5.717129e-01
1.751654e+00
9.440596e-02
0.000000e+00
-5.494540e-01
8.355240e-01
3.972091e-01
1.747370e+00
9.140653e-02
5.717129e-01
1.751654e+00
9.440596e-02
3.932360e-01
1.751654e+00
9.440596e-02
0.000000e+00
-4.488580e-01
8.936031e-01
3.932360e-01
1.751654e+00
9.440596e-02
5.717129e-01
1.751654e+00
9.440596e-02
5.768193e-01
1.756393e+00
9.661597e-02
0.000000e+00
-3.960194e-01
9.182422e-01
3.932360e-01
1.751654e+00
9.440596e-02
5.768193e-01
1.756393e+00
9.661597e-02
3.888402e-01
1.756393e+00
9.661597e-02
0.000000e+00
-2.868663e-01
9.579706e-01
3.888402e-01
1.756393e+00
9.661597e-02
5.768193e-01
1.756393e+00
9.661597e-02
5.822617e-01
1.761444e+00
9.796944e-02
0.000000e+00
-2.305519e-01
9.730600e-01
3.888402e-01
1.756393e+00
9.661597e-02
5.822617e-01
1.761444e+00
9.796944e-02
3.841552e-01
1.761444e+00
9.796944e-02
0.000000e+00
-1.161583e-01
9.932307e-01
3.841552e-01
1.761444e+00
9.796944e-02
5.822617e-01
1.761444e+00
9.796944e-02
5.878745e-01
1.766654e+00
9.842519e-02
0.000000e+00
-5.807913e-02
9.983119e-01
3.841552e-01
1.761444e+00
9.796944e-02
5.878745e-01
1.766654e+00
9.842519e-02
3.793235e-01
1.766654e+00
9.842519e-02
-5.785742e-02
-5.070058e-03
9.983119e-01
2.559939e-01
1.251179e+00
9.842519e-02
2.108227e-01
1.766654e+00
9.842519e-02
2.060498e-01
1.761444e+00
9.796944e-02
-1.157148e-01
-1.014012e-02
9.932307e-01
2.559939e-01
1.251179e+00
9.842519e-02
2.060498e-01
1.761444e+00
9.796944e-02
2.512210e-01
1.245970e+00
9.796944e-02
-2.296717e-01
-2.012618e-02
9.730600e-01
2.512210e-01
1.245970e+00
9.796944e-02
2.060498e-01
1.761444e+00
9.796944e-02
2.014220e-01
1.756393e+00
9.661597e-02
-2.857712e-01
-2.504219e-02
9.579706e-01
2.512210e-01
1.245970e+00
9.796944e-02
2.014220e-01
1.756393e+00
9.661597e-02
2.465931e-01
1.240919e+00
9.661597e-02
-3.945075e-01
-3.457078e-02
9.182422e-01
2.465931e-01
1.240919e+00
9.661597e-02
2.014220e-01
1.756393e+00
9.661597e-02
1.970797e-01
1.751654e+00
9.440596e-02
-4.471444e-01
-3.918337e-02
8.936031e-01
2.465931e-01
1.240919e+00
9.661597e-02
1.970797e-01
1.751654e+00
9.440596e-02
2.422508e-01
1.236179e+00
9.440596e-02
-5.473564e-01
-4.796497e-02
8.355240e-01
2.422508e-01
1.236179e+00
9.440596e-02
1.970797e-01
1.751654e+00
9.440596e-02
1.931551e-01
1.747370e+00
9.140653e-02
-5.949315e-01
-5.213398e-02
8.020839e-01
2.422508e-01
1.236179e+00
9.440596e-02
1.931551e-01
1.747370e+00
9.140653e-02
2.383262e-01
1.231896e+00
9.140653e-02
-6.835742e-01
-5.990176e-02
7.274188e-01
2.383262e-01
1.231896e+00
9.140653e-02
1.931551e-01
1.747370e+00
9.140653e-02
1.897672e-01
1.743672e+00
8.770882e-02
-7.246419e-01
-6.350052e-02
6.861938e-01
2.383262e-01
1.231896e+00
9.140653e-02
1.897672e-01
1.743672e+00
8.770882e-02
2.349383e-01
1.228198e+00
8.770882e-02
-7.814161e-01
-6.847566e-02
6.202419e-01
2.349383e-01
1.228198e+00
8.770882e-02
1.897672e-01
1.743672e+00
8.770882e-02
1.883075e-01
1.742079e+00
8.563249e-02
-7.990659e-01
-7.002233e-02
5.971520e-01
2.349383e-01
1.228198e+00
8.770882e-02
1.883075e-01
1.742079e+00
8.563249e-02
2.334786e-01
1.226605e+00
8.563249e-02
-8.322938e-01
-7.293409e-02
5.495158e-01
2.334786e-01
1.226605e+00
8.563249e-02
1.883075e-01
1.742079e+00
8.563249e-02
1.870191e-01
1.740673e+00
8.342520e-02
-8.478718e-01
-7.429920e-02
5.249696e-01
2.334786e-01
1.226605e+00
8.563249e-02
1.870191e-01
1.740673e+00
8.342520e-02
2.321903e-01
1.225198e+00
8.342520e-02
-8.768373e-01
-7.683745e-02
4.746076e-01
2.321903e-01
1.225198e+00
8.342520e-02
1.870191e-01
1.740673e+00
8.342520e-02
1.859119e-01
1.739464e+00
8.110374e-02
-8.902248e-01
-7.801060e-02
4.487918e-01
2.321903e-01
1.225198e+00
8.342520e-02
1.859119e-01
1.739464e+00
8.110374e-02
2.310831e-01
1.223990e+00
8.110374e-02
-9.147075e-01
-8.015602e-02
3.960873e-01
2.310831e-01
1.223990e+00
8.110374e-02
1.859119e-01
1.739464e+00
8.110374e-02
1.849943e-01
1.738463e+00
7.868581e-02
-9.258027e-01
-8.112830e-02
3.691985e-01
2.310831e-01
1.223990e+00
8.110374e-02
1.849943e-01
1.738463e+00
7.868581e-02
2.301654e-01
1.222988e+00
7.868581e-02
-9.456162e-01
-8.286456e-02
3.145525e-01
2.301654e-01
1.222988e+00
7.868581e-02
1.849943e-01
1.738463e+00
7.868581e-02
1.842732e-01
1.737676e+00
7.618977e-02
-9.543347e-01
-8.362856e-02
2.867953e-01
2.301654e-01
1.222988e+00
7.868581e-02
1.842732e-01
1.737676e+00
7.618977e-02
2.294444e-01
1.222201e+00
7.618977e-02
-9.693283e-01
-8.494246e-02
2.306239e-01
2.294444e-01
1.222201e+00
7.618977e-02
1.842732e-01
1.737676e+00
7.618977e-02
1.837543e-01
1.737109e+00
7.363465e-02
-9.756036e-01
-8.549237e-02
2.022095e-01
2.294444e-01
1.222201e+00
7.618977e-02
1.837543e-01
1.737109e+00
7.363465e-02
2.289254e-01
1.221635e+00
7.363465e-02
-9.856632e-01
-8.637388e-02
1.449400e-01
2.289254e-01
1.221635e+00
7.363465e-02
1.837543e-01
1.737109e+00
7.363465e-02
1.834413e-01
1.736768e+00
7.103987e-02
-9.894476e-01
-8.670552e-02
1.160848e-01
2.289254e-01
1.221635e+00
7.363465e-02
1.834413e-01
1.736768e+00
7.103987e-02
2.286124e-01
1.221293e+00
7.103987e-02
-9.944966e-01
-8.714796e-02
5.815303e-02
2.286124e-01
1.221293e+00
7.103987e-02
1.834413e-01
1.736768e+00
7.103987e-02
1.833367e-01
1.736653e+00
6.842519e-02
-9.957613e-01
-8.725878e-02
2.907651e-02
2.286124e-01
1.221293e+00
7.103987e-02
1.833367e-01
1.736653e+00
6.842519e-02
2.285078e-01
1.221179e+00
6.842519e-02
9.967532e-01
-7.508507e-02
2.907651e-02
3.683181e-01
1.221179e+00
6.842519e-02
4.071486e-01
1.736653e+00
6.842519e-02
3.682122e-01
1.221293e+00
7.103987e-02
9.954872e-01
-7.498971e-02
5.815303e-02
3.682122e-01
1.221293e+00
7.103987e-02
4.071486e-01
1.736653e+00
6.842519e-02
4.070427e-01
1.736768e+00
7.103987e-02
9.904332e-01
-7.460898e-02
1.160848e-01
3.682122e-01
1.221293e+00
7.103987e-02
4.070427e-01
1.736768e+00
7.103987e-02
3.678953e-01
1.221635e+00
7.363465e-02
9.866450e-01
-7.432362e-02
1.449400e-01
3.678953e-01
1.221635e+00
7.363465e-02
4.070427e-01
1.736768e+00
7.103987e-02
4.067259e-01
1.737109e+00
7.363465e-02
9.765754e-01
-7.356508e-02
2.022095e-01
3.678953e-01
1.221635e+00
7.363465e-02
4.067259e-01
1.737109e+00
7.363465e-02
3.673699e-01
1.222201e+00
7.618977e-02
9.702939e-01
-7.309189e-02
2.306239e-01
3.673699e-01
1.222201e+00
7.618977e-02
4.067259e-01
1.737109e+00
7.363465e-02
4.062004e-01
1.737676e+00
7.618977e-02
9.552853e-01
-7.196131e-02
2.867954e-01
3.673699e-01
1.222201e+00
7.618977e-02
4.062004e-01
1.737676e+00
7.618977e-02
3.666400e-01
1.222988e+00
7.868581e-02
9.465582e-01
-7.130390e-02
3.145525e-01
3.666400e-01
1.222988e+00
7.868581e-02
4.062004e-01
1.737676e+00
7.618977e-02
4.054705e-01
1.738463e+00
7.868581e-02
9.267249e-01
-6.980986e-02
3.691985e-01
3.666400e-01
1.222988e+00
7.868581e-02
4.054705e-01
1.738463e+00
7.868581e-02
3.657111e-01
1.223990e+00
8.110374e-02
9.156187e-01
-6.897323e-02
3.960873e-01
3.657111e-01
1.223990e+00
8.110374e-02
4.054705e-01
1.738463e+00
7.868581e-02
4.045416e-01
1.739464e+00
8.110374e-02
8.911116e-01
-6.712712e-02
4.487918e-01
3.657111e-01
1.223990e+00
8.110374e-02
4.045416e-01
1.739464e+00
8.110374e-02
3.645902e-01
1.225198e+00
8.342520e-02
8.777107e-01
-6.611764e-02
4.746076e-01
3.645902e-01
1.225198e+00
8.342520e-02
4.045416e-01
1.739464e+00
8.110374e-02
4.034207e-01
1.740673e+00
8.342520e-02
8.487164e-01
-6.393350e-02
5.249696e-01
3.645902e-01
1.225198e+00
8.342520e-02
4.034207e-01
1.740673e+00
8.342520e-02
3.632860e-01
1.226605e+00
8.563249e-02
8.331228e-01
-6.275885e-02
5.495158e-01
3.632860e-01
1.226605e+00
8.563249e-02
4.034207e-01
1.740673e+00
8.342520e-02
4.021164e-01
1.742079e+00
8.563249e-02
7.998618e-01
-6.025331e-02
5.971520e-01
3.632860e-01
1.226605e+00
8.563249e-02
4.021164e-01
1.742079e+00
8.563249e-02
3.618082e-01
1.228198e+00
8.770882e-02
7.821944e-01
-5.892243e-02
6.202419e-01
4.021164e-01
1.742079e+00
8.563249e-02
4.006387e-01
1.743672e+00
8.770882e-02
3.618082e-01
1.228198e+00
8.770882e-02
7.253636e-01
-5.464139e-02
6.861938e-01
3.618082e-01
1.228198e+00
8.770882e-02
4.006387e-01
1.743672e+00
8.770882e-02
3.972091e-01
1.747370e+00
9.140653e-02
6.842551e-01
-5.154470e-02
7.274188e-01
3.618082e-01
1.228198e+00
8.770882e-02
3.972091e-01
1.747370e+00
9.140653e-02
3.583786e-01
1.231896e+00
9.140653e-02
5.955241e-01
-4.486063e-02
8.020839e-01
3.583786e-01
1.231896e+00
9.140653e-02
3.972091e-01
1.747370e+00
9.140653e-02
3.932360e-01
1.751654e+00
9.440596e-02
5.479016e-01
-4.127324e-02
8.355240e-01
3.583786e-01
1.231896e+00
9.140653e-02
3.932360e-01
1.751654e+00
9.440596e-02
3.544055e-01
1.236179e+00
9.440596e-02
4.475898e-01
-3.371679e-02
8.936031e-01
3.544055e-01
1.236179e+00
9.440596e-02
3.932360e-01
1.751654e+00
9.440596e-02
3.888402e-01
1.756393e+00
9.661597e-02
3.949005e-01
-2.974772e-02
9.182422e-01
3.544055e-01
1.236179e+00
9.440596e-02
3.888402e-01
1.756393e+00
9.661597e-02
3.500097e-01
1.240919e+00
9.661597e-02
2.860558e-01
-2.154848e-02
9.579706e-01
3.500097e-01
1.240919e+00
9.661597e-02
3.888402e-01
1.756393e+00
9.661597e-02
3.841552e-01
1.761444e+00
9.796944e-02
2.299005e-01
-1.731832e-02
9.730600e-01
3.500097e-01
1.240919e+00
9.661597e-02
3.841552e-01
1.761444e+00
9.796944e-02
3.453247e-01
1.245970e+00
9.796944e-02
1.158301e-01
-8.725441e-03
9.932307e-01
3.453247e-01
1.245970e+00
9.796944e-02
3.841552e-01
1.761444e+00
9.796944e-02
3.793235e-01
1.766654e+00
9.842519e-02
5.791504e-02
-4.362720e-03
9.983119e-01
3.453247e-01
1.245970e+00
9.796944e-02
3.793235e-01
1.766654e+00
9.842519e-02
3.404930e-01
1.251179e+00
9.842519e-02
7.614216e-16
-6.861938e-01
7.274188e-01
2.349383e-01
1.228198e+00
8.770882e-02
3.583786e-01
1.231896e+00
9.140653e-02
2.383262e-01
1.231896e+00
9.140653e-02
3.807108e-16
-5.972114e-01
8.020838e-01
2.383262e-01
1.231896e+00
9.140653e-02
3.583786e-01
1.231896e+00
9.140653e-02
3.544055e-01
1.236179e+00
9.440596e-02
3.807108e-16
-5.494540e-01
8.355240e-01
2.383262e-01
1.231896e+00
9.140653e-02
3.544055e-01
1.236179e+00
9.440596e-02
2.422508e-01
1.236179e+00
9.440596e-02
0.000000e+00
-4.488580e-01
8.936031e-01
2.422508e-01
1.236179e+00
9.440596e-02
3.544055e-01
1.236179e+00
9.440596e-02
3.500097e-01
1.240919e+00
9.661597e-02
0.000000e+00
-3.960194e-01
9.182422e-01
2.422508e-01
1.236179e+00
9.440596e-02
3.500097e-01
1.240919e+00
9.661597e-02
2.465931e-01
1.240919e+00
9.661597e-02
0.000000e+00
-2.868663e-01
9.579706e-01
2.465931e-01
1.240919e+00
9.661597e-02
3.500097e-01
1.240919e+00
9.661597e-02
3.453247e-01
1.245970e+00
9.796944e-02
0.000000e+00
-2.305519e-01
9.730600e-01
2.465931e-01
1.240919e+00
9.661597e-02
3.453247e-01
1.245970e+00
9.796944e-02
2.512210e-01
1.245970e+00
9.796944e-02
1.651221e-31
-1.161583e-01
9.932307e-01
2.512210e-01
1.245970e+00
9.796944e-02
3.453247e-01
1.245970e+00
9.796944e-02
3.404930e-01
1.251179e+00
9.842519e-02
3.302443e-31
-5.807913e-02
9.983119e-01
2.512210e-01
1.245970e+00
9.796944e-02
3.404930e-01
1.251179e+00
9.842519e-02
2.559939e-01
1.251179e+00
9.842519e-02
7.056818e-16
-9.995772e-01
2.907651e-02
2.285078e-01
1.221179e+00
6.842519e-02
3.683181e-01
1.221179e+00
6.842519e-02
2.286124e-01
1.221293e+00
7.103987e-02
3.797446e-16
-9.983077e-01
5.815303e-02
2.286124e-01
1.221293e+00
7.103987e-02
3.683181e-01
1.221179e+00
6.842519e-02
3.682122e-01
1.221293e+00
7.103987e-02
7.594892e-16
-9.932393e-01
1.160848e-01
2.286124e-01
1.221293e+00
7.103987e-02
3.682122e-01
1.221293e+00
7.103987e-02
2.289254e-01
1.221635e+00
7.363465e-02
3.797446e-16
-9.894404e-01
1.449400e-01
2.289254e-01
1.221635e+00
7.363465e-02
3.682122e-01
1.221293e+00
7.103987e-02
3.678953e-01
1.221635e+00
7.363465e-02
7.594892e-16
-9.793423e-01
2.022095e-01
2.289254e-01
1.221635e+00
7.363465e-02
3.678953e-01
1.221635e+00
7.363465e-02
2.294444e-01
1.222201e+00
7.618977e-02
3.797446e-16
-9.730430e-01
2.306239e-01
2.294444e-01
1.222201e+00
7.618977e-02
3.678953e-01
1.221635e+00
7.363465e-02
3.673699e-01
1.222201e+00
7.618977e-02
7.594892e-16
-9.579919e-01
2.867954e-01
2.294444e-01
1.222201e+00
7.618977e-02
3.673699e-01
1.222201e+00
7.618977e-02
2.301654e-01
1.222988e+00
7.868581e-02
3.797446e-16
-9.492401e-01
3.145525e-01
2.301654e-01
1.222988e+00
7.868581e-02
3.673699e-01
1.222201e+00
7.618977e-02
3.666400e-01
1.222988e+00
7.868581e-02
7.594892e-16
-9.293506e-01
3.691985e-01
2.301654e-01
1.222988e+00
7.868581e-02
3.666400e-01
1.222988e+00
7.868581e-02
2.310831e-01
1.223990e+00
8.110374e-02
3.797446e-16
-9.182128e-01
3.960873e-01
2.310831e-01
1.223990e+00
8.110374e-02
3.666400e-01
1.222988e+00
7.868581e-02
3.657111e-01
1.223990e+00
8.110374e-02
7.594892e-16
-8.936363e-01
4.487918e-01
2.310831e-01
1.223990e+00
8.110374e-02
3.657111e-01
1.223990e+00
8.110374e-02
2.321903e-01
1.225198e+00
8.342520e-02
3.797446e-16
-8.801975e-01
4.746076e-01
2.321903e-01
1.225198e+00
8.342520e-02
3.657111e-01
1.223990e+00
8.110374e-02
3.645902e-01
1.225198e+00
8.342520e-02
7.594892e-16
-8.511210e-01
5.249696e-01
2.321903e-01
1.225198e+00
8.342520e-02
3.645902e-01
1.225198e+00
8.342520e-02
2.334786e-01
1.226605e+00
8.563249e-02
3.797446e-16
-8.354833e-01
5.495159e-01
2.334786e-01
1.226605e+00
8.563249e-02
3.645902e-01
1.225198e+00
8.342520e-02
3.632860e-01
1.226605e+00
8.563249e-02
7.594892e-16
-8.021281e-01
5.971520e-01
2.334786e-01
1.226605e+00
8.563249e-02
3.632860e-01
1.226605e+00
8.563249e-02
2.349383e-01
1.228198e+00
8.770882e-02
3.797446e-16
-7.844105e-01
6.202420e-01
2.349383e-01
1.228198e+00
8.770882e-02
3.632860e-01
1.226605e+00
8.563249e-02
3.618082e-01
1.228198e+00
8.770882e-02
3.807108e-16
-7.274188e-01
6.861938e-01
2.349383e-01
1.228198e+00
8.770882e-02
3.618082e-01
1.228198e+00
8.770882e-02
3.583786e-01
1.231896e+00
9.140653e-02
