0.000000e+00
0.000000e+00
1.000000e+00
5.905512e-01
1.160961e+00
9.842519e-02
4.090686e-01
8.677843e-01
9.842519e-02
5.905512e-01
5.873134e-01
9.842519e-02
0.000000e+00
0.000000e+00
1.000000e+00
3.825670e-01
5.561811e-01
9.842519e-02
2.984491e-01
6.890840e-01
9.842519e-02
2.161793e-01
5.561811e-01
9.842519e-02
0.000000e+00
0.000000e+00
1.000000e+00
5.905512e-01
5.561811e-01
9.842519e-02
3.825670e-01
5.561811e-01
9.842519e-02
5.905512e-01
0.000000e+00
9.842519e-02
0.000000e+00
0.000000e+00
1.000000e+00
5.905512e-01
0.000000e+00
9.842519e-02
3.825670e-01
5.561811e-01
9.842519e-02
2.161793e-01
5.561811e-01
9.842519e-02
0.000000e+00
0.000000e+00
1.000000e+00
5.905512e-01
0.000000e+00
9.842519e-02
2.161793e-01
5.561811e-01
9.842519e-02
0.000000e+00
0.000000e+00
9.842519e-02
0.000000e+00
0.000000e+00
1.000000e+00
0.000000e+00
0.000000e+00
9.842519e-02
2.161793e-01
5.561811e-01
9.842519e-02
0.000000e+00
5.561811e-01
9.842519e-02
0.000000e+00
0.000000e+00
1.000000e+00
7.557012e-18
5.869775e-01
9.842519e-02
1.815376e-01
8.737992e-01
9.842519e-02
3.310235e-16
1.160621e+00
9.842519e-02
0.000000e+00
0.000000e+00
1.000000e+00
1.996574e-01
1.191417e+00
9.842519e-02
2.921222e-01
1.048518e+00
9.842519e-02
3.825670e-01
1.191417e+00
9.842519e-02
0.000000e+00
0.000000e+00
1.000000e+00
3.268205e-31
1.191417e+00
9.842519e-02
1.996574e-01
1.191417e+00
9.842519e-02
0.000000e+00
1.771654e+00
9.842519e-02
0.000000e+00
0.000000e+00
1.000000e+00
0.000000e+00
1.771654e+00
9.842519e-02
1.996574e-01
1.191417e+00
9.842519e-02
3.825670e-01
1.191417e+00
9.842519e-02
0.000000e+00
0.000000e+00
1.000000e+00
0.000000e+00
1.771654e+00
9.842519e-02
3.825670e-01
1.191417e+00
9.842519e-02
5.905512e-01
1.771654e+00
9.842519e-02
0.000000e+00
0.000000e+00
1.000000e+00
5.905512e-01
1.771654e+00
9.842519e-02
3.825670e-01
1.191417e+00
9.842519e-02
5.905512e-01
1.191417e+00
9.842519e-02
0.000000e+00
0.000000e+00
-1.000000e+00
3.500000e-02
1.161417e+00
0.000000e+00
2.170416e-01
8.737992e-01
0.000000e+00
3.500000e-02
5.861811e-01
0.000000e+00
0.000000e+00
0.000000e+00
-1.000000e+00
1.994673e-01
5.861811e-01
0.000000e+00
5.905512e-01
0.000000e+00
0.000000e+00
3.500000e-02
5.861811e-01
0.000000e+00
0.000000e+00
0.000000e+00
-1.000000e+00
3.500000e-02
5.861811e-01
0.000000e+00
5.905512e-01
0.000000e+00
0.000000e+00
0.000000e+00
0.000000e+00
0.000000e+00
0.000000e+00
0.000000e+00
-1.000000e+00
3.500000e-02
5.861811e-01
0.000000e+00
0.000000e+00
0.000000e+00
0.000000e+00
3.500000e-02
1.161417e+00
0.000000e+00
0.000000e+00
0.000000e+00
-1.000000e+00
3.500000e-02
1.161417e+00
0.000000e+00
0.000000e+00
0.000000e+00
0.000000e+00
0.000000e+00
1.771654e+00
0.000000e+00
0.000000e+00
0.000000e+00
-1.000000e+00
3.500000e-02
1.161417e+00
0.000000e+00
0.000000e+00
1.771654e+00
0.000000e+00
1.833367e-01
1.161417e+00
0.000000e+00
0.000000e+00
0.000000e+00
-1.000000e+00
5.555512e-01
5.861811e-01
0.000000e+00
3.735659e-01
8.674290e-01
0.000000e+00
5.555512e-01
1.161417e+00
0.000000e+00
0.000000e+00
0.000000e+00
-1.000000e+00
2.924013e-01
9.928643e-01
0.000000e+00
1.833367e-01
1.161417e+00
0.000000e+00
3.990833e-01
1.161417e+00
0.000000e+00
0.000000e+00
0.000000e+00
-1.000000e+00
3.990833e-01
1.161417e+00
0.000000e+00
1.833367e-01
1.161417e+00
0.000000e+00
0.000000e+00
1.771654e+00
0.000000e+00
0.000000e+00
0.000000e+00
-1.000000e+00
3.990833e-01
1.161417e+00
0.000000e+00
0.000000e+00
1.771654e+00
0.000000e+00
5.555512e-01
1.161417e+00
0.000000e+00
0.000000e+00
0.000000e+00
-1.000000e+00
5.555512e-01
1.161417e+00
0.000000e+00
0.000000e+00
1.771654e+00
0.000000e+00
5.905512e-01
1.771654e+00
0.000000e+00
0.000000e+00
0.000000e+00
-1.000000e+00
5.555512e-01
1.161417e+00
0.000000e+00
5.905512e-01
1.771654e+00
0.000000e+00
5.555512e-01
5.861811e-01
0.000000e+00
0.000000e+00
0.000000e+00
-1.000000e+00
5.555512e-01
5.861811e-01
0.000000e+00
5.905512e-01
1.771654e+00
0.000000e+00
5.905512e-01
0.000000e+00
0.000000e+00
0.000000e+00
0.000000e+00
-1.000000e+00
5.555512e-01
5.861811e-01
0.000000e+00
5.905512e-01
0.000000e+00
0.000000e+00
3.990833e-01
5.861811e-01
0.000000e+00
0.000000e+00
0.000000e+00
-1.000000e+00
3.990833e-01
5.861811e-01
0.000000e+00
5.905512e-01
0.000000e+00
0.000000e+00
1.994673e-01
5.861811e-01
0.000000e+00
0.000000e+00
0.000000e+00
-1.000000e+00
3.990833e-01
5.861811e-01
0.000000e+00
1.994673e-01
5.861811e-01
0.000000e+00
2.981666e-01
7.456251e-01
0.000000e+00
-1.000000e+00
0.000000e+00
0.000000e+00
0.000000e+00
1.191417e+00
9.842519e-02
0.000000e+00
1.771654e+00
9.842519e-02
0.000000e+00
1.771654e+00
0.000000e+00
-1.000000e+00
0.000000e+00
0.000000e+00
0.000000e+00
1.191417e+00
9.842519e-02
0.000000e+00
1.771654e+00
0.000000e+00
0.000000e+00
1.186724e+00
9.805585e-02
-1.000000e+00
0.000000e+00
0.000000e+00
0.000000e+00
5.669122e-01
9.644026e-02
1.095183e-16
5.697047e-01
9.683986e-02
0.000000e+00
1.180686e+00
9.644026e-02
-1.000000e+00
0.000000e+00
0.000000e+00
0.000000e+00
0.000000e+00
9.842519e-02
0.000000e+00
5.561811e-01
9.842519e-02
0.000000e+00
0.000000e+00
0.000000e+00
-1.000000e+00
0.000000e+00
0.000000e+00
0.000000e+00
0.000000e+00
0.000000e+00
0.000000e+00
5.561811e-01
9.842519e-02
0.000000e+00
5.608742e-01
9.805585e-02
-1.000000e+00
0.000000e+00
0.000000e+00
0.000000e+00
0.000000e+00
0.000000e+00
0.000000e+00
5.608742e-01
9.805585e-02
0.000000e+00
5.654516e-01
9.695689e-02
-1.000000e+00
0.000000e+00
0.000000e+00
0.000000e+00
5.654516e-01
9.695689e-02
0.000000e+00
5.669122e-01
9.644026e-02
0.000000e+00
0.000000e+00
0.000000e+00
-1.000000e+00
0.000000e+00
0.000000e+00
0.000000e+00
0.000000e+00
0.000000e+00
0.000000e+00
5.669122e-01
9.644026e-02
0.000000e+00
1.180686e+00
9.644026e-02
-1.000000e+00
0.000000e+00
0.000000e+00
0.000000e+00
0.000000e+00
0.000000e+00
0.000000e+00
1.180686e+00
9.644026e-02
0.000000e+00
1.771654e+00
0.000000e+00
-1.000000e+00
0.000000e+00
0.000000e+00
0.000000e+00
1.771654e+00
0.000000e+00
0.000000e+00
1.180686e+00
9.644026e-02
0.000000e+00
1.182147e+00
9.695689e-02
-1.000000e+00
0.000000e+00
0.000000e+00
0.000000e+00
1.771654e+00
0.000000e+00
0.000000e+00
1.182147e+00
9.695689e-02
0.000000e+00
1.186724e+00
9.805585e-02
-1.000000e+00
0.000000e+00
0.000000e+00
1.095183e-16
5.697047e-01
9.683986e-02
0.000000e+00
5.782023e-01
9.805585e-02
0.000000e+00
5.869775e-01
9.842519e-02
-1.000000e+00
0.000000e+00
0.000000e+00
0.000000e+00
1.177955e+00
9.695689e-02
0.000000e+00
1.180686e+00
9.644026e-02
7.533944e-17
1.169288e+00
9.769104e-02
-1.000000e+00
0.000000e+00
0.000000e+00
7.533944e-17
1.169288e+00
9.769104e-02
0.000000e+00
1.180686e+00
9.644026e-02
1.095183e-16
5.697047e-01
9.683986e-02
-1.000000e+00
0.000000e+00
0.000000e+00
7.533944e-17
1.169288e+00
9.769104e-02
1.095183e-16
5.697047e-01
9.683986e-02
0.000000e+00
1.160621e+00
9.842519e-02
-1.000000e+00
0.000000e+00
0.000000e+00
0.000000e+00
1.160621e+00
9.842519e-02
1.095183e-16
5.697047e-01
9.683986e-02
0.000000e+00
5.869775e-01
9.842519e-02
0.000000e+00
-1.000000e+00
0.000000e+00
5.905512e-01
0.000000e+00
9.842519e-02
0.000000e+00
0.000000e+00
9.842519e-02
5.905512e-01
0.000000e+00
0.000000e+00
0.000000e+00
-1.000000e+00
0.000000e+00
5.905512e-01
0.000000e+00
0.000000e+00
0.000000e+00
0.000000e+00
9.842519e-02
0.000000e+00
0.000000e+00
0.000000e+00
1.000000e+00
0.000000e+00
0.000000e+00
5.905512e-01
5.561811e-01
9.842519e-02
5.905512e-01
0.000000e+00
9.842519e-02
5.905512e-01
0.000000e+00
0.000000e+00
1.000000e+00
0.000000e+00
0.000000e+00
5.905512e-01
5.873134e-01
9.842519e-02
5.905512e-01
5.777240e-01
9.796944e-02
5.905512e-01
5.684605e-01
9.655362e-02
1.000000e+00
0.000000e+00
0.000000e+00
5.905512e-01
5.561811e-01
9.842519e-02
5.905512e-01
0.000000e+00
0.000000e+00
5.905512e-01
5.608742e-01
9.805585e-02
1.000000e+00
0.000000e+00
0.000000e+00
5.905512e-01
1.771654e+00
9.842519e-02
5.905512e-01
1.191417e+00
9.842519e-02
5.905512e-01
1.771654e+00
0.000000e+00
1.000000e+00
0.000000e+00
0.000000e+00
5.905512e-01
1.771654e+00
0.000000e+00
5.905512e-01
1.191417e+00
9.842519e-02
5.905512e-01
1.186208e+00
9.796944e-02
1.000000e+00
0.000000e+00
0.000000e+00
5.905512e-01
1.771654e+00
0.000000e+00
5.905512e-01
5.684605e-01
9.655362e-02
5.905512e-01
5.671403e-01
9.635184e-02
1.000000e+00
0.000000e+00
0.000000e+00
5.905512e-01
1.771654e+00
0.000000e+00
5.905512e-01
5.671403e-01
9.635184e-02
5.905512e-01
0.000000e+00
0.000000e+00
1.000000e+00
0.000000e+00
0.000000e+00
5.905512e-01
0.000000e+00
0.000000e+00
5.905512e-01
5.671403e-01
9.635184e-02
5.905512e-01
5.654516e-01
9.695689e-02
1.000000e+00
0.000000e+00
0.000000e+00
5.905512e-01
0.000000e+00
0.000000e+00
5.905512e-01
5.654516e-01
9.695689e-02
5.905512e-01
5.608742e-01
9.805585e-02
1.000000e+00
0.000000e+00
0.000000e+00
5.905512e-01
5.873134e-01
9.842519e-02
5.905512e-01
5.684605e-01
9.655362e-02
5.905512e-01
1.160961e+00
9.842519e-02
1.000000e+00
0.000000e+00
0.000000e+00
5.905512e-01
1.170858e+00
9.796944e-02
5.905512e-01
1.160961e+00
9.842519e-02
5.905512e-01
1.180443e+00
9.659440e-02
1.000000e+00
0.000000e+00
0.000000e+00
5.905512e-01
1.180443e+00
9.659440e-02
5.905512e-01
1.160961e+00
9.842519e-02
5.905512e-01
5.684605e-01
9.655362e-02
1.000000e+00
0.000000e+00
0.000000e+00
5.905512e-01
1.180443e+00
9.659440e-02
5.905512e-01
5.684605e-01
9.655362e-02
5.905512e-01
1.180915e+00
9.652671e-02
1.000000e+00
0.000000e+00
0.000000e+00
5.905512e-01
1.180915e+00
9.652671e-02
5.905512e-01
5.684605e-01
9.655362e-02
5.905512e-01
1.771654e+00
0.000000e+00
1.000000e+00
0.000000e+00
0.000000e+00
5.905512e-01
1.180915e+00
9.652671e-02
5.905512e-01
1.771654e+00
0.000000e+00
5.905512e-01
1.181157e+00
9.661597e-02
1.000000e+00
0.000000e+00
0.000000e+00
5.905512e-01
1.181157e+00
9.661597e-02
5.905512e-01
1.771654e+00
0.000000e+00
5.905512e-01
1.186208e+00
9.796944e-02
0.000000e+00
1.000000e+00
0.000000e+00
0.000000e+00
1.771654e+00
9.842519e-02
5.905512e-01
1.771654e+00
9.842519e-02
0.000000e+00
1.771654e+00
0.000000e+00
0.000000e+00
1.000000e+00
0.000000e+00
0.000000e+00
1.771654e+00
0.000000e+00
5.905512e-01
1.771654e+00
9.842519e-02
5.905512e-01
1.771654e+00
0.000000e+00
8.449737e-01
5.348078e-01
0.000000e+00
2.170416e-01
8.737992e-01
6.842519e-02
2.170416e-01
8.737992e-01
5.335641e-19
3.500000e-02
1.161417e+00
6.842519e-02
8.449737e-01
5.348078e-01
0.000000e+00
3.500000e-02
1.161417e+00
6.842519e-02
2.170416e-01
8.737992e-01
5.335641e-19
3.500000e-02
1.161417e+00
5.335641e-19
-9.208269e-16
-1.000000e+00
0.000000e+00
3.500000e-02
1.161417e+00
6.842519e-02
3.500000e-02
1.161417e+00
0.000000e+00
1.833367e-01
1.161417e+00
6.842519e-02
-9.208269e-16
-1.000000e+00
0.000000e+00
1.833367e-01
1.161417e+00
6.842519e-02
3.500000e-02
1.161417e+00
0.000000e+00
1.833367e-01
1.161417e+00
0.000000e+00
-8.395683e-01
-5.432542e-01
0.000000e+00
1.833367e-01
1.161417e+00
6.842519e-02
1.833367e-01
1.161417e+00
5.335641e-19
2.924013e-01
9.928643e-01
6.842519e-02
-8.395683e-01
-5.432542e-01
0.000000e+00
2.924013e-01
9.928643e-01
6.842519e-02
1.833367e-01
1.161417e+00
5.335641e-19
2.924013e-01
9.928643e-01
5.335641e-19
8.449737e-01
-5.348078e-01
0.000000e+00
2.924013e-01
9.928643e-01
6.842519e-02
2.924013e-01
9.928643e-01
5.335641e-19
3.990833e-01
1.161417e+00
6.842519e-02
8.449737e-01
-5.348078e-01
0.000000e+00
3.990833e-01
1.161417e+00
6.842519e-02
2.924013e-01
9.928643e-01
5.335641e-19
3.990833e-01
1.161417e+00
5.335641e-19
0.000000e+00
-1.000000e+00
0.000000e+00
3.990833e-01
1.161417e+00
6.842519e-02
3.990833e-01
1.161417e+00
0.000000e+00
5.555512e-01
1.161417e+00
6.842519e-02
0.000000e+00
-1.000000e+00
0.000000e+00
5.555512e-01
1.161417e+00
6.842519e-02
3.990833e-01
1.161417e+00
0.000000e+00
5.555512e-01
1.161417e+00
0.000000e+00
-8.502749e-01
5.263389e-01
0.000000e+00
5.555512e-01
1.161417e+00
6.842519e-02
5.555512e-01
1.161417e+00
0.000000e+00
3.735659e-01
8.674290e-01
6.842519e-02
-8.502749e-01
5.263389e-01
0.000000e+00
3.735659e-01
8.674290e-01
6.842519e-02
5.555512e-01
1.161417e+00
0.000000e+00
3.735659e-01
8.674290e-01
0.000000e+00
-8.395683e-01
-5.432542e-01
0.000000e+00
3.735659e-01
8.674290e-01
6.842519e-02
3.735659e-01
8.674290e-01
5.335641e-19
5.555512e-01
5.861811e-01
6.842519e-02
-8.395683e-01
-5.432542e-01
0.000000e+00
5.555512e-01
5.861811e-01
6.842519e-02
3.735659e-01
8.674290e-01
5.335641e-19
5.555512e-01
5.861811e-01
5.335641e-19
0.000000e+00
1.000000e+00
0.000000e+00
5.555512e-01
5.861811e-01
6.842519e-02
5.555512e-01
5.861811e-01
0.000000e+00
3.990833e-01
5.861811e-01
6.842519e-02
0.000000e+00
1.000000e+00
0.000000e+00
3.990833e-01
5.861811e-01
6.842519e-02
5.555512e-01
5.861811e-01
0.000000e+00
3.990833e-01
5.861811e-01
0.000000e+00
8.449737e-01
5.348078e-01
0.000000e+00
3.990833e-01
5.861811e-01
6.842519e-02
3.990833e-01
5.861811e-01
5.335641e-19
2.981666e-01
7.456251e-01
6.842519e-02
8.449737e-01
5.348078e-01
0.000000e+00
2.981666e-01
7.456251e-01
6.842519e-02
3.990833e-01
5.861811e-01
5.335641e-19
2.981666e-01
7.456251e-01
5.335641e-19
-8.502749e-01
5.263389e-01
0.000000e+00
2.981666e-01
7.456251e-01
6.842519e-02
2.981666e-01
7.456251e-01
0.000000e+00
1.994673e-01
5.861811e-01
6.842519e-02
-8.502749e-01
5.263389e-01
0.000000e+00
1.994673e-01
5.861811e-01
6.842519e-02
2.981666e-01
7.456251e-01
0.000000e+00
1.994673e-01
5.861811e-01
0.000000e+00
0.000000e+00
1.000000e+00
0.000000e+00
1.994673e-01
5.861811e-01
6.842519e-02
1.994673e-01
5.861811e-01
0.000000e+00
3.500000e-02
5.861811e-01
6.842519e-02
0.000000e+00
1.000000e+00
0.000000e+00
3.500000e-02
5.861811e-01
6.842519e-02
1.994673e-01
5.861811e-01
0.000000e+00
3.500000e-02
5.861811e-01
0.000000e+00
8.449737e-01
-5.348078e-01
0.000000e+00
3.500000e-02
5.861811e-01
6.842519e-02
3.500000e-02
5.861811e-01
5.335641e-19
2.170416e-01
8.737992e-01
6.842519e-02
8.449737e-01
-5.348078e-01
0.000000e+00
2.170416e-01
8.737992e-01
6.842519e-02
3.500000e-02
5.861811e-01
5.335641e-19
2.170416e-01
8.737992e-01
5.335641e-19
1.370815e-01
8.676278e-02
9.867527e-01
2.984006e-01
6.987919e-01
9.760938e-02
2.984054e-01
6.978201e-01
9.769104e-02
3.851508e-01
5.608742e-01
9.805585e-02
8.836410e-02
5.592814e-02
9.945168e-01
3.851508e-01
5.608742e-01
9.805585e-02
2.984054e-01
6.978201e-01
9.769104e-02
2.984491e-01
6.890840e-01
9.842519e-02
4.418205e-02
2.796407e-02
9.986320e-01
3.851508e-01
5.608742e-01
9.805585e-02
2.984491e-01
6.890840e-01
9.842519e-02
3.825670e-01
5.561811e-01
9.842519e-02
1.419109e-01
8.981942e-02
9.857960e-01
3.851508e-01
5.608742e-01
9.805585e-02
3.854305e-01
5.613822e-01
9.793387e-02
2.984006e-01
6.987919e-01
9.760938e-02
1.852830e-01
1.172709e-01
9.756627e-01
2.984006e-01
6.987919e-01
9.760938e-02
3.854305e-01
5.613822e-01
9.793387e-02
3.876708e-01
5.654516e-01
9.695689e-02
2.235117e-01
1.414669e-01
9.643804e-01
2.984006e-01
6.987919e-01
9.760938e-02
3.876708e-01
5.654516e-01
9.695689e-02
2.983618e-01
7.065561e-01
9.695689e-02
2.704203e-01
1.711566e-01
9.474061e-01
2.983618e-01
7.065561e-01
9.695689e-02
3.876708e-01
5.654516e-01
9.695689e-02
3.882026e-01
5.664174e-01
9.655684e-02
2.796735e-01
1.770133e-01
9.436361e-01
2.983618e-01
7.065561e-01
9.695689e-02
3.882026e-01
5.664174e-01
9.655684e-02
2.983528e-01
7.083547e-01
9.653202e-02
3.210021e-01
2.031713e-01
9.250293e-01
2.983528e-01
7.083547e-01
9.653202e-02
3.882026e-01
5.664174e-01
9.655684e-02
3.900653e-01
5.698009e-01
9.515539e-02
3.526581e-01
2.232072e-01
9.087414e-01
2.983528e-01
7.083547e-01
9.653202e-02
3.900653e-01
5.698009e-01
9.515539e-02
2.983213e-01
7.146561e-01
9.504341e-02
3.967145e-01
2.510919e-01
8.829328e-01
2.983213e-01
7.146561e-01
9.504341e-02
3.900653e-01
5.698009e-01
9.515539e-02
3.908016e-01
5.711383e-01
9.433581e-02
4.096771e-01
2.592963e-01
8.746028e-01
2.983213e-01
7.146561e-01
9.504341e-02
3.908016e-01
5.711383e-01
9.433581e-02
2.983079e-01
7.173545e-01
9.440596e-02
4.477416e-01
2.833883e-01
8.480675e-01
2.983079e-01
7.173545e-01
9.440596e-02
3.908016e-01
5.711383e-01
9.433581e-02
3.922751e-01
5.738147e-01
9.269571e-02
4.725251e-01
2.990745e-01
8.290202e-01
2.983079e-01
7.173545e-01
9.440596e-02
3.922751e-01
5.738147e-01
9.269571e-02
2.982837e-01
7.221990e-01
9.260617e-02
5.124381e-01
3.243365e-01
7.951183e-01
2.982837e-01
7.221990e-01
9.260617e-02
3.922751e-01
5.738147e-01
9.269571e-02
3.931508e-01
5.754054e-01
9.133705e-02
5.279382e-01
3.341470e-01
7.807861e-01
2.982837e-01
7.221990e-01
9.260617e-02
3.931508e-01
5.754054e-01
9.133705e-02
2.982675e-01
7.254279e-01
9.140653e-02
5.617246e-01
3.555313e-01
7.470362e-01
2.982675e-01
7.254279e-01
9.140653e-02
3.931508e-01
5.754054e-01
9.133705e-02
3.942458e-01
5.773943e-01
8.963840e-02
5.798612e-01
3.670106e-01
7.273681e-01
2.982675e-01
7.254279e-01
9.140653e-02
3.942458e-01
5.773943e-01
8.963840e-02
2.982501e-01
7.289125e-01
8.955768e-02
6.146118e-01
3.890052e-01
6.862414e-01
2.982501e-01
7.289125e-01
8.955768e-02
3.942458e-01
5.773943e-01
8.963840e-02
3.951810e-01
5.790930e-01
8.764952e-02
6.312260e-01
3.995208e-01
6.647834e-01
2.982501e-01
7.289125e-01
8.955768e-02
3.951810e-01
5.790930e-01
8.764952e-02
2.982327e-01
7.323970e-01
8.770882e-02
6.597527e-01
4.175762e-01
6.247851e-01
2.982327e-01
7.323970e-01
8.770882e-02
3.951810e-01
5.790930e-01
8.764952e-02
3.959289e-01
5.804516e-01
8.605875e-02
6.718583e-01
4.252382e-01
6.064478e-01
2.982327e-01
7.323970e-01
8.770882e-02
3.959289e-01
5.804516e-01
8.605875e-02
2.982206e-01
7.348267e-01
8.605875e-02
7.005193e-01
4.433785e-01
5.591853e-01
2.982206e-01
7.348267e-01
8.605875e-02
3.959289e-01
5.804516e-01
8.605875e-02
3.968319e-01
5.820917e-01
8.338229e-02
7.165952e-01
4.535533e-01
5.298874e-01
2.982206e-01
7.348267e-01
8.605875e-02
3.968319e-01
5.820917e-01
8.338229e-02
2.982045e-01
7.380500e-01
8.342520e-02
7.390395e-01
4.677590e-01
4.847907e-01
2.982045e-01
7.380500e-01
8.342520e-02
3.968319e-01
5.820917e-01
8.338229e-02
3.972831e-01
5.829113e-01
8.204491e-02
7.460682e-01
4.722077e-01
4.694700e-01
2.982045e-01
7.380500e-01
8.342520e-02
3.972831e-01
5.829113e-01
8.204491e-02
2.981974e-01
7.394625e-01
8.204491e-02
7.678736e-01
4.860090e-01
4.173312e-01
2.981974e-01
7.394625e-01
8.204491e-02
3.972831e-01
5.829113e-01
8.204491e-02
3.980547e-01
5.843128e-01
7.866137e-02
7.816083e-01
4.947020e-01
3.799452e-01
2.981974e-01
7.394625e-01
8.204491e-02
3.980547e-01
5.843128e-01
7.866137e-02
2.981837e-01
7.422153e-01
7.868581e-02
7.973329e-01
5.046545e-01
3.310350e-01
2.981837e-01
7.422153e-01
7.868581e-02
3.980547e-01
5.843128e-01
7.866137e-02
3.982749e-01
5.847128e-01
7.769570e-02
8.005254e-01
5.066752e-01
3.200614e-01
2.981837e-01
7.422153e-01
7.868581e-02
3.982749e-01
5.847128e-01
7.769570e-02
2.981805e-01
7.428578e-01
7.769570e-02
8.148883e-01
5.157658e-01
2.644666e-01
2.981805e-01
7.428578e-01
7.769570e-02
3.982749e-01
5.847128e-01
7.769570e-02
3.988323e-01
5.857254e-01
7.363465e-02
8.198744e-01
5.189217e-01
2.419219e-01
2.981805e-01
7.428578e-01
7.769570e-02
3.988323e-01
5.857254e-01
7.363465e-02
2.981750e-01
7.439456e-01
7.568286e-02
8.284987e-01
5.243802e-01
1.965074e-01
2.981750e-01
7.439456e-01
7.568286e-02
3.988323e-01
5.857254e-01
7.363465e-02
2.981711e-01
7.447324e-01
7.363101e-02
8.329760e-01
5.272140e-01
1.679177e-01
3.988323e-01
5.857254e-01
7.363465e-02
3.988687e-01
5.857914e-01
7.311564e-02
2.981711e-01
7.447324e-01
7.363101e-02
8.370880e-01
5.298166e-01
1.363011e-01
2.981711e-01
7.447324e-01
7.363101e-02
3.988687e-01
5.857914e-01
7.311564e-02
3.990324e-01
5.860887e-01
7.077897e-02
8.370888e-01
5.298172e-01
1.362942e-01
2.981711e-01
7.447324e-01
7.363101e-02
3.990324e-01
5.860887e-01
7.077897e-02
2.981701e-01
7.449290e-01
7.311823e-02
8.423690e-01
5.331591e-01
7.845909e-02
2.981701e-01
7.449290e-01
7.311823e-02
3.990324e-01
5.860887e-01
7.077897e-02
3.990833e-01
5.861811e-01
6.842519e-02
8.423690e-01
5.331591e-01
7.845909e-02
2.981701e-01
7.449290e-01
7.311823e-02
3.990833e-01
5.861811e-01
6.842519e-02
2.981675e-01
7.454509e-01
7.077897e-02
8.446843e-01
5.346246e-01
2.617097e-02
2.981675e-01
7.454509e-01
7.077897e-02
3.990833e-01
5.861811e-01
6.842519e-02
2.981666e-01
7.456251e-01
6.842519e-02
-1.767422e-01
1.094073e-01
9.781576e-01
2.110150e-01
5.654516e-01
9.695689e-02
2.135650e-01
5.608742e-01
9.805585e-02
2.984054e-01
6.978201e-01
9.769104e-02
-8.891847e-02
5.504249e-02
9.945168e-01
2.984054e-01
6.978201e-01
9.769104e-02
2.135650e-01
5.608742e-01
9.805585e-02
2.161793e-01
5.561811e-01
9.842519e-02
-4.445923e-02
2.752125e-02
9.986320e-01
2.984054e-01
6.978201e-01
9.769104e-02
2.161793e-01
5.561811e-01
9.842519e-02
2.984491e-01
6.890840e-01
9.842519e-02
-1.816306e-01
1.124333e-01
9.769182e-01
2.984054e-01
6.978201e-01
9.769104e-02
2.984006e-01
6.987919e-01
9.760938e-02
2.110150e-01
5.654516e-01
9.695689e-02
-2.249140e-01
1.392267e-01
9.643804e-01
2.110150e-01
5.654516e-01
9.695689e-02
2.984006e-01
6.987919e-01
9.760938e-02
2.983618e-01
7.065561e-01
9.695689e-02
-3.046732e-01
1.885994e-01
9.335976e-01
2.110150e-01
5.654516e-01
9.695689e-02
2.983618e-01
7.065561e-01
9.695689e-02
2.085922e-01
5.698009e-01
9.515539e-02
-3.138604e-01
1.942865e-01
9.293785e-01
2.983618e-01
7.065561e-01
9.695689e-02
2.983528e-01
7.083547e-01
9.653202e-02
2.085922e-01
5.698009e-01
9.515539e-02
-3.548705e-01
2.196727e-01
9.087414e-01
2.085922e-01
5.698009e-01
9.515539e-02
2.983528e-01
7.083547e-01
9.653202e-02
2.983213e-01
7.146561e-01
9.504341e-02
-4.251432e-01
2.631730e-01
8.660215e-01
2.085922e-01
5.698009e-01
9.515539e-02
2.983213e-01
7.146561e-01
9.504341e-02
2.063562e-01
5.738147e-01
9.269571e-02
-4.379515e-01
2.711017e-01
8.571478e-01
2.983213e-01
7.146561e-01
9.504341e-02
2.983079e-01
7.173545e-01
9.440596e-02
2.063562e-01
5.738147e-01
9.269571e-02
-4.754896e-01
2.943385e-01
8.290202e-01
2.063562e-01
5.738147e-01
9.269571e-02
2.983079e-01
7.173545e-01
9.440596e-02
2.982837e-01
7.221990e-01
9.260617e-02
-5.350748e-01
3.312231e-01
7.771655e-01
2.063562e-01
5.738147e-01
9.269571e-02
2.982837e-01
7.221990e-01
9.260617e-02
2.043621e-01
5.773943e-01
8.963840e-02
-5.503333e-01
3.406685e-01
7.622849e-01
2.982837e-01
7.221990e-01
9.260617e-02
2.982675e-01
7.254279e-01
9.140653e-02
2.043621e-01
5.773943e-01
8.963840e-02
-5.834991e-01
3.611988e-01
7.273681e-01
2.043621e-01
5.773943e-01
8.963840e-02
2.982675e-01
7.254279e-01
9.140653e-02
2.982501e-01
7.289125e-01
8.955768e-02
-6.318501e-01
3.911291e-01
6.691663e-01
2.043621e-01
5.773943e-01
8.963840e-02
2.982501e-01
7.289125e-01
8.955768e-02
2.026590e-01
5.804516e-01
8.605875e-02
-6.481610e-01
4.012260e-01
6.472288e-01
2.982501e-01
7.289125e-01
8.955768e-02
2.982327e-01
7.323970e-01
8.770882e-02
2.026590e-01
5.804516e-01
8.605875e-02
-6.760734e-01
4.185043e-01
6.064478e-01
2.026590e-01
5.804516e-01
8.605875e-02
2.982327e-01
7.323970e-01
8.770882e-02
2.982206e-01
7.348267e-01
8.605875e-02
-7.130783e-01
4.414112e-01
5.446792e-01
2.026590e-01
5.804516e-01
8.605875e-02
2.982206e-01
7.348267e-01
8.605875e-02
2.012888e-01
5.829113e-01
8.204491e-02
-7.288356e-01
4.511653e-01
5.150229e-01
2.982206e-01
7.348267e-01
8.605875e-02
2.982045e-01
7.380500e-01
8.342520e-02
2.012888e-01
5.829113e-01
8.204491e-02
-7.507489e-01
4.647301e-01
4.694700e-01
2.012888e-01
5.829113e-01
8.204491e-02
2.982045e-01
7.380500e-01
8.342520e-02
2.981974e-01
7.394625e-01
8.204491e-02
-7.767481e-01
4.808243e-01
4.067805e-01
2.012888e-01
5.829113e-01
8.204491e-02
2.981974e-01
7.394625e-01
8.204491e-02
2.002852e-01
5.847128e-01
7.769570e-02
-7.902099e-01
4.891574e-01
3.691792e-01
2.981974e-01
7.394625e-01
8.204491e-02
2.981837e-01
7.422153e-01
7.868581e-02
2.002852e-01
5.847128e-01
7.769570e-02
-8.055477e-01
4.986518e-01
3.200614e-01
2.002852e-01
5.847128e-01
7.769570e-02
2.981837e-01
7.422153e-01
7.868581e-02
2.981805e-01
7.428578e-01
7.769570e-02
-8.152589e-01
5.046632e-01
2.840211e-01
2.002852e-01
5.847128e-01
7.769570e-02
2.981805e-01
7.428578e-01
7.769570e-02
1.999290e-01
5.853522e-01
7.542856e-02
-8.206599e-01
5.080066e-01
2.616230e-01
1.999290e-01
5.853522e-01
7.542856e-02
2.981805e-01
7.428578e-01
7.769570e-02
2.981750e-01
7.439456e-01
7.568286e-02
-8.311753e-01
5.145159e-01
2.107628e-01
1.999290e-01
5.853522e-01
7.542856e-02
2.981750e-01
7.439456e-01
7.568286e-02
1.996730e-01
5.858118e-01
7.311823e-02
-8.499836e-01
5.261586e-01
2.617097e-02
2.981666e-01
7.456251e-01
6.842519e-02
1.994673e-01
5.861811e-01
6.842519e-02
2.981675e-01
7.454509e-01
7.077897e-02
-8.491094e-01
5.256174e-01
5.234194e-02
2.981675e-01
7.454509e-01
7.077897e-02
1.994673e-01
5.861811e-01
6.842519e-02
1.995188e-01
5.860887e-01
7.077897e-02
-8.456175e-01
5.234559e-01
1.045225e-01
2.981675e-01
7.454509e-01
7.077897e-02
1.995188e-01
5.860887e-01
7.077897e-02
2.981701e-01
7.449290e-01
7.311823e-02
-8.429999e-01
5.218356e-01
1.305321e-01
2.981701e-01
7.449290e-01
7.311823e-02
1.995188e-01
5.860887e-01
7.077897e-02
1.996730e-01
5.858118e-01
7.311823e-02
-8.390193e-01
5.193714e-01
1.621728e-01
2.981701e-01
7.449290e-01
7.311823e-02
1.996730e-01
5.858118e-01
7.311823e-02
2.981711e-01
7.447324e-01
7.363101e-02
-8.346546e-01
5.166696e-01
1.907987e-01
2.981711e-01
7.447324e-01
7.363101e-02
1.996730e-01
5.858118e-01
7.311823e-02
2.981750e-01
7.439456e-01
7.568286e-02
0.000000e+00
5.228807e-02
9.986320e-01
5.905512e-01
5.561811e-01
9.842519e-02
5.905512e-01
5.608742e-01
9.805585e-02
3.825670e-01
5.561811e-01
9.842519e-02
0.000000e+00
1.045761e-01
9.945168e-01
3.825670e-01
5.561811e-01
9.842519e-02
5.905512e-01
5.608742e-01
9.805585e-02
3.851508e-01
5.608742e-01
9.805585e-02
0.000000e+00
1.621552e-01
9.867653e-01
3.851508e-01
5.608742e-01
9.805585e-02
5.905512e-01
5.608742e-01
9.805585e-02
3.854305e-01
5.613822e-01
9.793387e-02
0.000000e+00
2.135381e-01
9.769347e-01
3.854305e-01
5.613822e-01
9.793387e-02
5.905512e-01
5.608742e-01
9.805585e-02
5.905512e-01
5.654516e-01
9.695689e-02
0.000000e+00
2.644445e-01
9.644009e-01
3.854305e-01
5.613822e-01
9.793387e-02
5.905512e-01
5.654516e-01
9.695689e-02
3.876708e-01
5.654516e-01
9.695689e-02
0.000000e+00
3.768395e-01
9.262786e-01
5.905512e-01
5.654516e-01
9.695689e-02
5.905512e-01
5.671403e-01
9.635184e-02
5.858601e-01
5.696923e-01
9.495386e-02
0.000000e+00
3.200340e-01
9.474061e-01
3.876708e-01
5.654516e-01
9.695689e-02
5.905512e-01
5.654516e-01
9.695689e-02
3.882026e-01
5.664174e-01
9.655684e-02
0.000000e+00
3.690984e-01
9.293904e-01
3.882026e-01
5.664174e-01
9.655684e-02
5.905512e-01
5.654516e-01
9.695689e-02
5.858601e-01
5.696923e-01
9.495386e-02
0.000000e+00
4.172798e-01
9.087781e-01
3.882026e-01
5.664174e-01
9.655684e-02
5.858601e-01
5.696923e-01
9.495386e-02
3.900653e-01
5.698009e-01
9.515539e-02
0.000000e+00
4.693988e-01
8.829863e-01
3.900653e-01
5.698009e-01
9.515539e-02
5.858601e-01
5.696923e-01
9.495386e-02
3.908016e-01
5.711383e-01
9.433581e-02
0.000000e+00
4.847798e-01
8.746362e-01
3.908016e-01
5.711383e-01
9.433581e-02
5.858601e-01
5.696923e-01
9.495386e-02
5.833328e-01
5.710672e-01
9.420070e-02
0.000000e+00
5.299262e-01
8.480437e-01
3.908016e-01
5.711383e-01
9.433581e-02
5.833328e-01
5.710672e-01
9.420070e-02
3.922751e-01
5.738147e-01
9.269571e-02
0.000000e+00
5.592418e-01
8.290046e-01
3.922751e-01
5.738147e-01
9.269571e-02
5.833328e-01
5.710672e-01
9.420070e-02
5.782826e-01
5.738147e-01
9.269571e-02
0.000000e+00
6.064410e-01
7.951284e-01
3.922751e-01
5.738147e-01
9.269571e-02
5.782826e-01
5.738147e-01
9.269571e-02
3.931508e-01
5.754054e-01
9.133705e-02
0.000000e+00
6.247798e-01
7.808010e-01
3.931508e-01
5.754054e-01
9.133705e-02
5.782826e-01
5.738147e-01
9.269571e-02
5.753583e-01
5.754055e-01
9.133696e-02
0.000000e+00
6.647783e-01
7.470408e-01
3.931508e-01
5.754054e-01
9.133705e-02
5.753583e-01
5.754055e-01
9.133696e-02
3.942458e-01
5.773943e-01
8.963840e-02
0.000000e+00
6.862426e-01
7.273728e-01
3.942458e-01
5.773943e-01
8.963840e-02
5.753583e-01
5.754055e-01
9.133696e-02
5.717027e-01
5.773943e-01
8.963840e-02
0.000000e+00
7.273738e-01
6.862414e-01
3.942458e-01
5.773943e-01
8.963840e-02
5.717027e-01
5.773943e-01
8.963840e-02
3.951810e-01
5.790930e-01
8.764952e-02
0.000000e+00
7.470410e-01
6.647781e-01
3.951810e-01
5.790930e-01
8.764952e-02
5.717027e-01
5.773943e-01
8.963840e-02
5.685804e-01
5.790929e-01
8.764963e-02
0.000000e+00
7.808012e-01
6.247795e-01
3.951810e-01
5.790930e-01
8.764952e-02
5.685804e-01
5.790929e-01
8.764963e-02
3.959289e-01
5.804516e-01
8.605875e-02
0.000000e+00
7.951276e-01
6.064421e-01
3.959289e-01
5.804516e-01
8.605875e-02
5.685804e-01
5.790929e-01
8.764963e-02
5.660829e-01
5.804516e-01
8.605875e-02
0.000000e+00
8.290427e-01
5.591853e-01
3.959289e-01
5.804516e-01
8.605875e-02
5.660829e-01
5.804516e-01
8.605875e-02
3.968319e-01
5.820917e-01
8.338229e-02
0.000000e+00
8.480786e-01
5.298703e-01
3.968319e-01
5.820917e-01
8.338229e-02
5.660829e-01
5.804516e-01
8.605875e-02
5.630683e-01
5.820916e-01
8.338254e-02
0.000000e+00
8.746399e-01
4.847731e-01
3.968319e-01
5.820917e-01
8.338229e-02
5.630683e-01
5.820916e-01
8.338254e-02
3.972831e-01
5.829113e-01
8.204491e-02
0.000000e+00
8.829579e-01
4.694522e-01
5.630683e-01
5.820916e-01
8.338254e-02
5.615616e-01
5.829113e-01
8.204491e-02
3.972831e-01
5.829113e-01
8.204491e-02
0.000000e+00
9.087417e-01
4.173590e-01
3.972831e-01
5.829113e-01
8.204491e-02
5.615616e-01
5.829113e-01
8.204491e-02
5.588768e-01
5.843719e-01
7.868581e-02
0.000000e+00
9.250091e-01
3.799452e-01
3.972831e-01
5.829113e-01
8.204491e-02
5.588768e-01
5.843719e-01
7.868581e-02
3.980547e-01
5.843128e-01
7.866137e-02
0.000000e+00
9.436163e-01
3.310412e-01
3.980547e-01
5.843128e-01
7.866137e-02
5.588768e-01
5.843719e-01
7.868581e-02
5.583144e-01
5.846779e-01
7.768498e-02
0.000000e+00
9.474045e-01
3.200386e-01
3.980547e-01
5.843128e-01
7.866137e-02
5.583144e-01
5.846779e-01
7.768498e-02
3.982749e-01
5.847128e-01
7.769570e-02
0.000000e+00
9.579864e-01
2.868136e-01
5.583144e-01
5.846779e-01
7.768498e-02
5.571892e-01
5.852900e-01
7.568286e-02
3.982749e-01
5.847128e-01
7.769570e-02
0.000000e+00
9.702957e-01
2.419219e-01
3.982749e-01
5.847128e-01
7.769570e-02
5.571892e-01
5.852900e-01
7.568286e-02
5.563889e-01
5.857254e-01
7.363465e-02
0.000000e+00
9.756696e-01
2.192458e-01
3.982749e-01
5.847128e-01
7.769570e-02
5.563889e-01
5.857254e-01
7.363465e-02
3.988323e-01
5.857254e-01
7.363465e-02
0.000000e+00
9.858001e-01
1.679228e-01
3.988323e-01
5.857254e-01
7.363465e-02
5.563889e-01
5.857254e-01
7.363465e-02
3.988687e-01
5.857914e-01
7.311564e-02
0.000000e+00
9.996575e-01
2.617097e-02
5.557212e-01
5.860887e-01
7.077897e-02
5.555512e-01
5.861811e-01
6.842519e-02
3.990833e-01
5.861811e-01
6.842519e-02
0.000000e+00
9.867604e-01
1.621847e-01
5.563889e-01
5.857254e-01
7.363465e-02
5.562301e-01
5.858118e-01
7.311823e-02
3.988687e-01
5.857914e-01
7.311564e-02
0.000000e+00
9.914432e-01
1.305390e-01
3.988687e-01
5.857914e-01
7.311564e-02
5.562301e-01
5.858118e-01
7.311823e-02
5.557212e-01
5.860887e-01
7.077897e-02
0.000000e+00
9.945218e-01
1.045294e-01
3.988687e-01
5.857914e-01
7.311564e-02
5.557212e-01
5.860887e-01
7.077897e-02
3.990324e-01
5.860887e-01
7.077897e-02
0.000000e+00
9.986292e-01
5.234194e-02
3.990324e-01
5.860887e-01
7.077897e-02
5.557212e-01
5.860887e-01
7.077897e-02
3.990833e-01
5.861811e-01
6.842519e-02
0.000000e+00
3.743190e-01
9.273000e-01
5.034505e-03
5.696839e-01
9.493663e-02
0.000000e+00
5.669122e-01
9.644026e-02
0.000000e+00
5.654516e-01
9.695689e-02
0.000000e+00
9.996575e-01
2.617097e-02
1.994673e-01
5.861811e-01
6.842519e-02
3.500000e-02
5.861811e-01
6.842519e-02
1.995188e-01
5.860887e-01
7.077897e-02
0.000000e+00
9.986292e-01
5.234194e-02
1.995188e-01
5.860887e-01
7.077897e-02
3.500000e-02
5.861811e-01
6.842519e-02
3.483202e-02
5.860887e-01
7.077897e-02
0.000000e+00
9.945225e-01
1.045225e-01
1.995188e-01
5.860887e-01
7.077897e-02
3.483202e-02
5.860887e-01
7.077897e-02
1.996730e-01
5.858118e-01
7.311823e-02
0.000000e+00
9.914441e-01
1.305321e-01
1.996730e-01
5.858118e-01
7.311823e-02
3.483202e-02
5.860887e-01
7.077897e-02
3.432911e-02
5.858118e-01
7.311823e-02
0.000000e+00
9.832560e-01
1.822296e-01
1.996730e-01
5.858118e-01
7.311823e-02
3.432911e-02
5.858118e-01
7.311823e-02
1.999290e-01
5.853522e-01
7.542856e-02
0.000000e+00
9.781464e-01
2.079175e-01
1.999290e-01
5.853522e-01
7.542856e-02
3.432911e-02
5.858118e-01
7.311823e-02
3.349438e-02
5.853522e-01
7.542856e-02
0.000000e+00
9.659274e-01
2.588133e-01
1.999290e-01
5.853522e-01
7.542856e-02
3.349438e-02
5.853522e-01
7.542856e-02
2.002852e-01
5.847128e-01
7.769570e-02
0.000000e+00
9.588180e-01
2.840211e-01
2.002852e-01
5.847128e-01
7.769570e-02
3.349438e-02
5.853522e-01
7.542856e-02
3.233298e-02
5.847128e-01
7.769570e-02
0.000000e+00
9.335976e-01
3.583232e-01
2.002852e-01
5.847128e-01
7.769570e-02
3.233298e-02
5.847128e-01
7.769570e-02
2.012888e-01
5.829113e-01
8.204491e-02
0.000000e+00
9.238795e-01
3.826834e-01
2.012888e-01
5.829113e-01
8.204491e-02
3.233298e-02
5.847128e-01
7.769570e-02
3.085205e-02
5.838975e-01
7.990570e-02
0.000000e+00
9.025827e-01
4.305165e-01
3.085205e-02
5.838975e-01
7.990570e-02
2.906074e-02
5.829113e-01
8.204491e-02
2.012888e-01
5.829113e-01
8.204491e-02
0.000000e+00
8.660494e-01
4.999584e-01
2.012888e-01
5.829113e-01
8.204491e-02
2.906074e-02
5.829113e-01
8.204491e-02
2.459297e-02
5.804516e-01
8.605875e-02
0.000000e+00
8.386444e-01
5.446792e-01
2.012888e-01
5.829113e-01
8.204491e-02
2.459297e-02
5.804516e-01
8.605875e-02
2.026590e-01
5.804516e-01
8.605875e-02
0.000000e+00
7.771761e-01
6.292831e-01
2.026590e-01
5.804516e-01
8.605875e-02
2.459297e-02
5.804516e-01
8.605875e-02
1.903969e-02
5.773943e-01
8.963840e-02
0.000000e+00
7.431127e-01
6.691663e-01
2.026590e-01
5.804516e-01
8.605875e-02
1.903969e-02
5.773943e-01
8.963840e-02
2.043621e-01
5.773943e-01
8.963840e-02
0.000000e+00
6.691663e-01
7.431127e-01
2.043621e-01
5.773943e-01
8.963840e-02
1.903969e-02
5.773943e-01
8.963840e-02
1.253763e-02
5.738147e-01
9.269571e-02
0.000000e+00
6.292831e-01
7.771761e-01
2.043621e-01
5.773943e-01
8.963840e-02
1.253763e-02
5.738147e-01
9.269571e-02
2.063562e-01
5.738147e-01
9.269571e-02
0.000000e+00
5.446336e-01
8.386741e-01
2.063562e-01
5.738147e-01
9.269571e-02
1.253763e-02
5.738147e-01
9.269571e-02
5.034505e-03
5.696839e-01
9.493663e-02
0.000000e+00
4.999112e-01
8.660767e-01
2.063562e-01
5.738147e-01
9.269571e-02
5.034505e-03
5.696839e-01
9.493663e-02
2.085922e-01
5.698009e-01
9.515539e-02
0.000000e+00
4.067306e-01
9.135482e-01
2.085922e-01
5.698009e-01
9.515539e-02
5.034505e-03
5.696839e-01
9.493663e-02
0.000000e+00
5.654516e-01
9.695689e-02
0.000000e+00
3.583232e-01
9.335976e-01
2.085922e-01
5.698009e-01
9.515539e-02
0.000000e+00
5.654516e-01
9.695689e-02
2.110150e-01
5.654516e-01
9.695689e-02
0.000000e+00
2.588653e-01
9.659134e-01
2.110150e-01
5.654516e-01
9.695689e-02
0.000000e+00
5.654516e-01
9.695689e-02
0.000000e+00
5.608742e-01
9.805585e-02
0.000000e+00
2.078648e-01
9.781575e-01
2.110150e-01
5.654516e-01
9.695689e-02
0.000000e+00
5.608742e-01
9.805585e-02
2.135650e-01
5.608742e-01
9.805585e-02
0.000000e+00
1.045761e-01
9.945168e-01
2.135650e-01
5.608742e-01
9.805585e-02
0.000000e+00
5.608742e-01
9.805585e-02
0.000000e+00
5.561811e-01
9.842519e-02
0.000000e+00
5.228807e-02
9.986320e-01
2.135650e-01
5.608742e-01
9.805585e-02
0.000000e+00
5.561811e-01
9.842519e-02
2.161793e-01
5.561811e-01
9.842519e-02
-7.343104e-01
-4.751456e-01
4.847935e-01
5.615616e-01
5.829113e-01
8.204491e-02
5.630683e-01
5.820916e-01
8.338254e-02
3.783224e-01
8.674766e-01
8.342520e-02
-6.555314e-01
-4.241706e-01
6.247863e-01
5.660829e-01
5.804516e-01
8.605875e-02
5.685804e-01
5.790929e-01
8.764963e-02
3.818720e-01
8.675121e-01
8.770882e-02
-3.254405e-01
-2.105808e-01
9.218157e-01
5.858601e-01
5.696923e-01
9.495386e-02
5.905512e-01
5.671403e-01
9.635184e-02
5.905512e-01
5.684605e-01
9.655362e-02
-3.768806e-01
-2.438658e-01
8.935830e-01
3.913172e-01
8.676066e-01
9.440596e-02
5.833328e-01
5.710672e-01
9.420070e-02
3.969260e-01
8.676628e-01
9.661597e-02
-3.636580e-01
-2.353099e-01
9.013224e-01
3.969260e-01
8.676628e-01
9.661597e-02
5.833328e-01
5.710672e-01
9.420070e-02
5.858601e-01
5.696923e-01
9.495386e-02
-6.107219e-01
-3.951759e-01
6.861885e-01
3.818720e-01
8.675121e-01
8.770882e-02
5.685804e-01
5.790929e-01
8.764963e-02
3.862479e-01
8.675559e-01
9.140653e-02
-5.936686e-01
-3.841415e-01
7.071018e-01
5.685804e-01
5.790929e-01
8.764963e-02
5.717027e-01
5.773943e-01
8.963840e-02
3.862479e-01
8.675559e-01
9.140653e-02
-5.581320e-01
-3.611470e-01
7.470351e-01
3.862479e-01
8.675559e-01
9.140653e-02
5.717027e-01
5.773943e-01
8.963840e-02
5.753583e-01
5.754055e-01
9.133696e-02
-5.013951e-01
-3.244345e-01
8.020880e-01
3.862479e-01
8.675559e-01
9.140653e-02
5.753583e-01
5.754055e-01
9.133696e-02
3.913172e-01
8.676066e-01
9.440596e-02
-4.855548e-01
-3.141849e-01
8.157967e-01
3.913172e-01
8.676066e-01
9.440596e-02
5.753583e-01
5.754055e-01
9.133696e-02
5.782826e-01
5.738147e-01
9.269571e-02
-4.449252e-01
-2.878950e-01
8.480318e-01
3.913172e-01
8.676066e-01
9.440596e-02
5.782826e-01
5.738147e-01
9.269571e-02
5.833328e-01
5.710672e-01
9.420070e-02
-6.849235e-01
-4.431891e-01
5.783280e-01
5.660829e-01
5.804516e-01
8.605875e-02
3.818720e-01
8.675121e-01
8.770882e-02
5.630683e-01
5.820916e-01
8.338254e-02
-6.877438e-01
-4.450140e-01
5.735599e-01
5.630683e-01
5.820916e-01
8.338254e-02
3.818720e-01
8.675121e-01
8.770882e-02
3.799865e-01
8.674933e-01
8.563249e-02
-7.145830e-01
-4.623807e-01
5.249525e-01
5.630683e-01
5.820916e-01
8.338254e-02
3.799865e-01
8.674933e-01
8.563249e-02
3.783224e-01
8.674766e-01
8.342520e-02
-7.567168e-01
-4.896440e-01
4.331610e-01
5.615616e-01
5.829113e-01
8.204491e-02
3.783224e-01
8.674766e-01
8.342520e-02
5.588768e-01
5.843719e-01
7.868581e-02
-7.609073e-01
-4.923555e-01
4.226183e-01
5.588768e-01
5.843719e-01
7.868581e-02
3.783224e-01
8.674766e-01
8.342520e-02
3.768922e-01
8.674622e-01
8.110374e-02
-7.802532e-01
-5.048736e-01
3.691985e-01
5.588768e-01
5.843719e-01
7.868581e-02
3.768922e-01
8.674622e-01
8.110374e-02
3.757070e-01
8.674504e-01
7.868581e-02
-8.392133e-01
-5.430245e-01
2.907651e-02
3.735659e-01
8.674290e-01
6.842519e-02
5.555512e-01
5.861811e-01
6.842519e-02
3.737010e-01
8.674303e-01
7.103987e-02
-8.382860e-01
-5.424245e-01
5.524748e-02
3.737010e-01
8.674303e-01
7.103987e-02
5.555512e-01
5.861811e-01
6.842519e-02
5.557212e-01
5.860887e-01
7.077897e-02
-8.341723e-01
-5.397626e-01
1.131940e-01
3.737010e-01
8.674303e-01
7.103987e-02
5.557212e-01
5.860887e-01
7.077897e-02
3.741053e-01
8.674344e-01
7.363465e-02
-8.317332e-01
-5.381843e-01
1.362993e-01
5.557212e-01
5.860887e-01
7.077897e-02
5.562301e-01
5.858118e-01
7.311823e-02
3.741053e-01
8.674344e-01
7.363465e-02
-8.276475e-01
-5.355407e-01
1.679160e-01
3.741053e-01
8.674344e-01
7.363465e-02
5.562301e-01
5.858118e-01
7.311823e-02
5.563889e-01
5.857254e-01
7.363465e-02
-8.222247e-01
-5.320318e-01
2.022095e-01
3.741053e-01
8.674344e-01
7.363465e-02
5.563889e-01
5.857254e-01
7.363465e-02
3.747756e-01
8.674411e-01
7.618977e-02
-8.180492e-01
-5.293300e-01
2.249562e-01
3.747756e-01
8.674411e-01
7.618977e-02
5.563889e-01
5.857254e-01
7.363465e-02
5.571892e-01
5.852900e-01
7.568286e-02
-8.056872e-01
-5.213310e-01
2.812153e-01
3.747756e-01
8.674411e-01
7.618977e-02
5.571892e-01
5.852900e-01
7.568286e-02
3.757070e-01
8.674504e-01
7.868581e-02
-8.014385e-01
-5.185818e-01
2.979416e-01
3.757070e-01
8.674504e-01
7.868581e-02
5.571892e-01
5.852900e-01
7.568286e-02
5.583144e-01
5.846779e-01
7.768498e-02
-7.922218e-01
-5.126180e-01
3.310701e-01
3.757070e-01
8.674504e-01
7.868581e-02
5.583144e-01
5.846779e-01
7.768498e-02
5.588768e-01
5.843719e-01
7.868581e-02
-3.190010e-01
-2.064140e-01
9.250035e-01
5.858601e-01
5.696923e-01
9.495386e-02
5.905512e-01
5.684605e-01
9.655362e-02
3.969260e-01
8.676628e-01
9.661597e-02
-2.408775e-01
-1.558631e-01
9.579586e-01
3.969260e-01
8.676628e-01
9.661597e-02
5.905512e-01
5.684605e-01
9.655362e-02
5.905512e-01
5.777240e-01
9.796944e-02
-1.935640e-01
-1.252483e-01
9.730600e-01
3.969260e-01
8.676628e-01
9.661597e-02
5.905512e-01
5.777240e-01
9.796944e-02
4.029036e-01
8.677226e-01
9.796944e-02
-9.752280e-02
-6.310347e-02
9.932307e-01
4.029036e-01
8.677226e-01
9.796944e-02
5.905512e-01
5.777240e-01
9.796944e-02
5.905512e-01
5.873134e-01
9.842519e-02
-4.876140e-02
-3.155173e-02
9.983119e-01
4.029036e-01
8.677226e-01
9.796944e-02
5.905512e-01
5.873134e-01
9.842519e-02
4.090686e-01
8.677843e-01
9.842519e-02
3.163327e-01
-2.002159e-01
9.272795e-01
1.095183e-16
5.697047e-01
9.683986e-02
1.099142e-16
5.669122e-01
9.644026e-02
5.034505e-03
5.696839e-01
9.493663e-02
4.418205e-02
-2.796407e-02
9.986320e-01
1.815376e-01
8.737992e-01
9.842519e-02
9.198685e-17
5.869775e-01
9.842519e-02
1.083135e-16
5.782023e-01
9.805585e-02
8.836410e-02
-5.592814e-02
9.945168e-01
1.815376e-01
8.737992e-01
9.842519e-02
1.083135e-16
5.782023e-01
9.805585e-02
1.870916e-01
8.737992e-01
9.805585e-02
1.756855e-01
-1.111963e-01
9.781462e-01
1.870916e-01
8.737992e-01
9.805585e-02
1.083135e-16
5.782023e-01
9.805585e-02
1.095183e-16
5.697047e-01
9.683986e-02
2.187792e-01
-1.384716e-01
9.658992e-01
1.870916e-01
8.737992e-01
9.805585e-02
1.095183e-16
5.697047e-01
9.683986e-02
1.925089e-01
8.737992e-01
9.695689e-02
3.027741e-01
-1.916343e-01
9.335974e-01
1.925089e-01
8.737992e-01
9.695689e-02
1.095183e-16
5.697047e-01
9.683986e-02
5.034505e-03
5.696839e-01
9.493663e-02
3.436766e-01
-2.175227e-01
9.135482e-01
1.925089e-01
8.737992e-01
9.695689e-02
5.034505e-03
5.696839e-01
9.493663e-02
1.976561e-01
8.737992e-01
9.515539e-02
4.224118e-01
-2.673564e-01
8.660767e-01
1.976561e-01
8.737992e-01
9.515539e-02
5.034505e-03
5.696839e-01
9.493663e-02
1.253763e-02
5.738147e-01
9.269571e-02
4.602397e-01
-2.912987e-01
8.386444e-01
1.976561e-01
8.737992e-01
9.515539e-02
1.253763e-02
5.738147e-01
9.269571e-02
2.024063e-01
8.737992e-01
9.269571e-02
5.317277e-01
-3.365455e-01
7.771761e-01
2.024063e-01
8.737992e-01
9.269571e-02
1.253763e-02
5.738147e-01
9.269571e-02
1.903969e-02
5.773943e-01
8.963840e-02
5.654279e-01
-3.578753e-01
7.431127e-01
2.024063e-01
8.737992e-01
9.269571e-02
1.903969e-02
5.773943e-01
8.963840e-02
2.066427e-01
8.737992e-01
8.963840e-02
6.279107e-01
-3.974225e-01
6.691663e-01
2.066427e-01
8.737992e-01
8.963840e-02
1.903969e-02
5.773943e-01
8.963840e-02
2.459297e-02
5.804516e-01
8.605875e-02
6.566934e-01
-4.156398e-01
6.292831e-01
2.066427e-01
8.737992e-01
8.963840e-02
2.459297e-02
5.804516e-01
8.605875e-02
2.102610e-01
8.737992e-01
8.605875e-02
7.086325e-01
-4.485136e-01
5.446792e-01
2.102610e-01
8.737992e-01
8.605875e-02
2.459297e-02
5.804516e-01
8.605875e-02
2.906074e-02
5.829113e-01
8.204491e-02
7.317891e-01
-4.631699e-01
4.999584e-01
2.102610e-01
8.737992e-01
8.605875e-02
2.906074e-02
5.829113e-01
8.204491e-02
2.131719e-01
8.737992e-01
8.204491e-02
7.626587e-01
-4.827082e-01
4.305165e-01
2.131719e-01
8.737992e-01
8.204491e-02
2.906074e-02
5.829113e-01
8.204491e-02
3.085205e-02
5.838975e-01
7.990570e-02
7.719240e-01
-4.885725e-01
4.067312e-01
2.131719e-01
8.737992e-01
8.204491e-02
3.085205e-02
5.838975e-01
7.990570e-02
2.143390e-01
8.737992e-01
7.990570e-02
7.888491e-01
-4.992849e-01
3.583735e-01
2.143390e-01
8.737992e-01
7.990570e-02
3.085205e-02
5.838975e-01
7.990570e-02
3.233298e-02
5.847128e-01
7.769570e-02
7.965090e-01
-5.041331e-01
3.338012e-01
2.143390e-01
8.737992e-01
7.990570e-02
3.233298e-02
5.847128e-01
7.769570e-02
2.153039e-01
8.737992e-01
7.769570e-02
8.101761e-01
-5.127833e-01
2.840211e-01
2.153039e-01
8.737992e-01
7.769570e-02
3.233298e-02
5.847128e-01
7.769570e-02
3.349438e-02
5.853522e-01
7.542856e-02
8.161833e-01
-5.165855e-01
2.588133e-01
2.153039e-01
8.737992e-01
7.769570e-02
3.349438e-02
5.853522e-01
7.542856e-02
2.160607e-01
8.737992e-01
7.542856e-02
8.265080e-01
-5.231202e-01
2.079175e-01
2.160607e-01
8.737992e-01
7.542856e-02
3.349438e-02
5.853522e-01
7.542856e-02
3.432911e-02
5.858118e-01
7.311823e-02
8.308255e-01
-5.258530e-01
1.822296e-01
2.160607e-01
8.737992e-01
7.542856e-02
3.432911e-02
5.858118e-01
7.311823e-02
2.166045e-01
8.737992e-01
7.311823e-02
8.377442e-01
-5.302320e-01
1.305321e-01
2.166045e-01
8.737992e-01
7.311823e-02
3.432911e-02
5.858118e-01
7.311823e-02
3.483202e-02
5.860887e-01
7.077897e-02
8.403454e-01
-5.318784e-01
1.045225e-01
2.166045e-01
8.737992e-01
7.311823e-02
3.483202e-02
5.860887e-01
7.077897e-02
2.169322e-01
8.737992e-01
7.077897e-02
8.438154e-01
-5.340747e-01
5.234193e-02
2.169322e-01
8.737992e-01
7.077897e-02
3.483202e-02
5.860887e-01
7.077897e-02
3.500000e-02
5.861811e-01
6.842519e-02
8.446843e-01
-5.346246e-01
2.617097e-02
2.169322e-01
8.737992e-01
7.077897e-02
3.500000e-02
5.861811e-01
6.842519e-02
2.170416e-01
8.737992e-01
6.842519e-02
-3.389780e-01
2.098348e-01
9.170951e-01
5.905512e-01
1.180443e+00
9.659440e-02
5.905512e-01
1.180915e+00
9.652671e-02
5.824779e-01
1.176417e+00
9.440596e-02
-8.501849e-01
5.262832e-01
1.454287e-02
5.555512e-01
1.161417e+00
6.842519e-02
3.735659e-01
8.674290e-01
6.842519e-02
5.556024e-01
1.161446e+00
6.973378e-02
-8.494655e-01
5.258380e-01
4.361939e-02
5.556024e-01
1.161446e+00
6.973378e-02
3.735659e-01
8.674290e-01
6.842519e-02
3.737010e-01
8.674303e-01
7.103987e-02
-8.480275e-01
5.249478e-01
7.265899e-02
5.556024e-01
1.161446e+00
6.973378e-02
3.737010e-01
8.674303e-01
7.103987e-02
5.557561e-01
1.161532e+00
7.103987e-02
-8.445264e-01
5.227805e-01
1.160848e-01
5.557561e-01
1.161532e+00
7.103987e-02
3.737010e-01
8.674303e-01
7.103987e-02
3.741053e-01
8.674344e-01
7.363465e-02
-8.412964e-01
5.207810e-01
1.449400e-01
5.557561e-01
1.161532e+00
7.103987e-02
3.741053e-01
8.674344e-01
7.363465e-02
5.563693e-01
1.161873e+00
7.363465e-02
-8.327101e-01
5.154660e-01
2.022095e-01
5.563693e-01
1.161873e+00
7.363465e-02
3.741053e-01
8.674344e-01
7.363465e-02
3.747756e-01
8.674411e-01
7.618977e-02
-8.273540e-01
5.121503e-01
2.306239e-01
5.563693e-01
1.161873e+00
7.363465e-02
3.747756e-01
8.674411e-01
7.618977e-02
5.573862e-01
1.162439e+00
7.618977e-02
-8.145564e-01
5.042284e-01
2.867954e-01
5.573862e-01
1.162439e+00
7.618977e-02
3.747756e-01
8.674411e-01
7.618977e-02
3.757070e-01
8.674504e-01
7.868581e-02
-8.071150e-01
4.996219e-01
3.145525e-01
5.573862e-01
1.162439e+00
7.618977e-02
3.757070e-01
8.674504e-01
7.868581e-02
5.587989e-01
1.163226e+00
7.868581e-02
-7.902035e-01
4.891533e-01
3.691985e-01
5.587989e-01
1.163226e+00
7.868581e-02
3.757070e-01
8.674504e-01
7.868581e-02
3.768922e-01
8.674622e-01
8.110374e-02
-7.807333e-01
4.832911e-01
3.960873e-01
5.587989e-01
1.163226e+00
7.868581e-02
3.768922e-01
8.674622e-01
8.110374e-02
5.605968e-01
1.164228e+00
8.110374e-02
-7.598365e-01
4.703555e-01
4.487918e-01
5.605968e-01
1.164228e+00
8.110374e-02
3.768922e-01
8.674622e-01
8.110374e-02
3.783224e-01
8.674766e-01
8.342520e-02
-7.484099e-01
4.632822e-01
4.746076e-01
5.605968e-01
1.164228e+00
8.110374e-02
3.783224e-01
8.674766e-01
8.342520e-02
5.627661e-01
1.165437e+00
8.342520e-02
-7.236868e-01
4.479780e-01
5.249696e-01
5.627661e-01
1.165437e+00
8.342520e-02
3.783224e-01
8.674766e-01
8.342520e-02
3.799865e-01
8.674933e-01
8.563249e-02
-7.103905e-01
4.397474e-01
5.495158e-01
5.627661e-01
1.165437e+00
8.342520e-02
3.799865e-01
8.674933e-01
8.563249e-02
5.652905e-01
1.166843e+00
8.563249e-02
-6.820294e-01
4.221912e-01
5.971520e-01
5.652905e-01
1.166843e+00
8.563249e-02
3.799865e-01
8.674933e-01
8.563249e-02
3.818720e-01
8.675121e-01
8.770882e-02
-6.669646e-01
4.128658e-01
6.202420e-01
5.652905e-01
1.166843e+00
8.563249e-02
3.818720e-01
8.675121e-01
8.770882e-02
5.681505e-01
1.168436e+00
8.770882e-02
-6.185060e-01
3.828688e-01
6.861938e-01
5.681505e-01
1.168436e+00
8.770882e-02
3.818720e-01
8.675121e-01
8.770882e-02
3.862479e-01
8.675559e-01
9.140653e-02
-5.834534e-01
3.611705e-01
7.274188e-01
5.681505e-01
1.168436e+00
8.770882e-02
3.862479e-01
8.675559e-01
9.140653e-02
5.747883e-01
1.172134e+00
9.140653e-02
-5.077938e-01
3.143356e-01
8.020839e-01
5.747883e-01
1.172134e+00
9.140653e-02
3.862479e-01
8.675559e-01
9.140653e-02
3.913172e-01
8.676066e-01
9.440596e-02
-4.671870e-01
2.891990e-01
8.355240e-01
5.747883e-01
1.172134e+00
9.140653e-02
3.913172e-01
8.676066e-01
9.440596e-02
5.824779e-01
1.176417e+00
9.440596e-02
-3.816527e-01
2.362514e-01
8.936031e-01
5.824779e-01
1.176417e+00
9.440596e-02
3.913172e-01
8.676066e-01
9.440596e-02
3.969260e-01
8.676628e-01
9.661597e-02
-3.367377e-01
2.084481e-01
9.182358e-01
5.824779e-01
1.176417e+00
9.440596e-02
3.969260e-01
8.676628e-01
9.661597e-02
5.905512e-01
1.180443e+00
9.659440e-02
-2.439281e-01
1.509969e-01
9.579660e-01
5.905512e-01
1.180443e+00
9.659440e-02
3.969260e-01
8.676628e-01
9.661597e-02
4.029036e-01
8.677226e-01
9.796944e-02
-1.960455e-01
1.213565e-01
9.730564e-01
5.905512e-01
1.180443e+00
9.659440e-02
4.029036e-01
8.677226e-01
9.796944e-02
5.905512e-01
1.170858e+00
9.796944e-02
-9.876646e-02
6.113862e-02
9.932307e-01
5.905512e-01
1.170858e+00
9.796944e-02
4.029036e-01
8.677226e-01
9.796944e-02
4.090686e-01
8.677843e-01
9.842519e-02
-4.938323e-02
3.056931e-02
9.983119e-01
5.905512e-01
1.170858e+00
9.796944e-02
4.090686e-01
8.677843e-01
9.842519e-02
5.905512e-01
1.160961e+00
9.842519e-02
3.162898e-01
2.001887e-01
9.273000e-01
5.034505e-03
1.177915e+00
9.493663e-02
-1.760761e-16
1.180686e+00
9.644026e-02
-1.803447e-16
1.177955e+00
9.695689e-02
7.086325e-01
4.485136e-01
5.446792e-01
2.131719e-01
8.737992e-01
8.204491e-02
2.459297e-02
1.167147e+00
8.605875e-02
2.102610e-01
8.737992e-01
8.605875e-02
6.566934e-01
4.156398e-01
6.292831e-01
2.102610e-01
8.737992e-01
8.605875e-02
2.459297e-02
1.167147e+00
8.605875e-02
1.903969e-02
1.170204e+00
8.963840e-02
6.279107e-01
3.974225e-01
6.691663e-01
2.102610e-01
8.737992e-01
8.605875e-02
1.903969e-02
1.170204e+00
8.963840e-02
2.066427e-01
8.737992e-01
8.963840e-02
5.654279e-01
3.578753e-01
7.431127e-01
2.066427e-01
8.737992e-01
8.963840e-02
1.903969e-02
1.170204e+00
8.963840e-02
1.253763e-02
1.173784e+00
9.269571e-02
5.317277e-01
3.365455e-01
7.771761e-01
2.066427e-01
8.737992e-01
8.963840e-02
1.253763e-02
1.173784e+00
9.269571e-02
2.024063e-01
8.737992e-01
9.269571e-02
4.602011e-01
2.912743e-01
8.386741e-01
2.024063e-01
8.737992e-01
9.269571e-02
1.253763e-02
1.173784e+00
9.269571e-02
5.034505e-03
1.177915e+00
9.493663e-02
4.224118e-01
2.673564e-01
8.660766e-01
2.024063e-01
8.737992e-01
9.269571e-02
5.034505e-03
1.177915e+00
9.493663e-02
1.976561e-01
8.737992e-01
9.515539e-02
3.436766e-01
2.175227e-01
9.135482e-01
1.976561e-01
8.737992e-01
9.515539e-02
5.034505e-03
1.177915e+00
9.493663e-02
-1.803447e-16
1.177955e+00
9.695689e-02
3.027737e-01
1.916340e-01
9.335976e-01
1.976561e-01
8.737992e-01
9.515539e-02
-1.803447e-16
1.177955e+00
9.695689e-02
1.925089e-01
8.737992e-01
9.695689e-02
2.187344e-01
1.384432e-01
9.659134e-01
1.925089e-01
8.737992e-01
9.695689e-02
-1.803447e-16
1.177955e+00
9.695689e-02
7.533944e-17
1.169288e+00
9.769104e-02
1.756403e-01
1.111677e-01
9.781576e-01
1.925089e-01
8.737992e-01
9.695689e-02
7.533944e-17
1.169288e+00
9.769104e-02
1.870916e-01
8.737992e-01
9.805585e-02
8.836410e-02
5.592814e-02
9.945168e-01
1.870916e-01
8.737992e-01
9.805585e-02
7.533944e-17
1.169288e+00
9.769104e-02
3.310235e-16
1.160621e+00
9.842519e-02
4.418205e-02
2.796407e-02
9.986320e-01
1.870916e-01
8.737992e-01
9.805585e-02
3.310235e-16
1.160621e+00
9.842519e-02
1.815376e-01
8.737992e-01
9.842519e-02
7.806540e-01
4.940980e-01
3.826835e-01
3.233298e-02
1.162886e+00
7.769570e-02
3.085205e-02
1.163701e+00
7.990570e-02
2.131719e-01
8.737992e-01
8.204491e-02
7.626587e-01
4.827082e-01
4.305165e-01
2.131719e-01
8.737992e-01
8.204491e-02
3.085205e-02
1.163701e+00
7.990570e-02
2.906074e-02
1.164687e+00
8.204491e-02
7.317890e-01
4.631700e-01
4.999585e-01
2.131719e-01
8.737992e-01
8.204491e-02
2.906074e-02
1.164687e+00
8.204491e-02
2.459297e-02
1.167147e+00
8.605875e-02
8.446843e-01
5.346246e-01
2.617097e-02
2.170416e-01
8.737992e-01
6.842519e-02
3.500000e-02
1.161417e+00
6.842519e-02
2.169322e-01
8.737992e-01
7.077897e-02
8.438154e-01
5.340747e-01
5.234193e-02
2.169322e-01
8.737992e-01
7.077897e-02
3.500000e-02
1.161417e+00
6.842519e-02
3.483202e-02
1.161510e+00
7.077897e-02
8.403454e-01
5.318784e-01
1.045225e-01
2.169322e-01
8.737992e-01
7.077897e-02
3.483202e-02
1.161510e+00
7.077897e-02
2.166045e-01
8.737992e-01
7.311823e-02
8.377442e-01
5.302320e-01
1.305321e-01
2.166045e-01
8.737992e-01
7.311823e-02
3.483202e-02
1.161510e+00
7.077897e-02
3.432911e-02
1.161787e+00
7.311823e-02
8.308255e-01
5.258530e-01
1.822296e-01
2.166045e-01
8.737992e-01
7.311823e-02
3.432911e-02
1.161787e+00
7.311823e-02
2.160607e-01
8.737992e-01
7.542856e-02
8.265080e-01
5.231202e-01
2.079175e-01
2.160607e-01
8.737992e-01
7.542856e-02
3.432911e-02
1.161787e+00
7.311823e-02
3.349438e-02
1.162246e+00
7.542856e-02
8.161833e-01
5.165855e-01
2.588133e-01
2.160607e-01
8.737992e-01
7.542856e-02
3.349438e-02
1.162246e+00
7.542856e-02
2.153039e-01
8.737992e-01
7.769570e-02
8.101761e-01
5.127833e-01
2.840211e-01
2.153039e-01
8.737992e-01
7.769570e-02
3.349438e-02
1.162246e+00
7.542856e-02
3.233298e-02
1.162886e+00
7.769570e-02
7.965090e-01
5.041331e-01
3.338012e-01
2.153039e-01
8.737992e-01
7.769570e-02
3.233298e-02
1.162886e+00
7.769570e-02
2.143390e-01
8.737992e-01
7.990570e-02
7.806540e-01
4.940980e-01
3.826835e-01
2.143390e-01
8.737992e-01
7.990570e-02
3.233298e-02
1.162886e+00
7.769570e-02
2.131719e-01
8.737992e-01
8.204491e-02
0.000000e+00
-3.986542e-01
9.171014e-01
5.824779e-01
1.176417e+00
9.440596e-02
5.905512e-01
1.180915e+00
9.652671e-02
5.905512e-01
1.181157e+00
9.661597e-02
0.000000e+00
-3.799467e-01
9.250084e-01
3.882026e-01
1.181181e+00
9.655684e-02
3.900653e-01
1.177798e+00
9.515539e-02
5.905512e-01
1.181157e+00
9.661597e-02
0.000000e+00
-4.331407e-01
9.013263e-01
5.905512e-01
1.181157e+00
9.661597e-02
3.900653e-01
1.177798e+00
9.515539e-02
3.908016e-01
1.176460e+00
9.433581e-02
0.000000e+00
-4.488378e-01
8.936132e-01
5.905512e-01
1.181157e+00
9.661597e-02
3.908016e-01
1.176460e+00
9.433581e-02
5.824779e-01
1.176417e+00
9.440596e-02
0.000000e+00
-5.298881e-01
8.480675e-01
5.824779e-01
1.176417e+00
9.440596e-02
3.908016e-01
1.176460e+00
9.433581e-02
3.922751e-01
1.173784e+00
9.269571e-02
0.000000e+00
-5.783443e-01
8.157927e-01
5.824779e-01
1.176417e+00
9.440596e-02
3.922751e-01
1.173784e+00
9.269571e-02
5.747883e-01
1.172134e+00
9.140653e-02
0.000000e+00
-6.247852e-01
7.807966e-01
3.922751e-01
1.173784e+00
9.269571e-02
3.931508e-01
1.172193e+00
9.133705e-02
5.747883e-01
1.172134e+00
9.140653e-02
0.000000e+00
-6.647835e-01
7.470362e-01
5.747883e-01
1.172134e+00
9.140653e-02
3.931508e-01
1.172193e+00
9.133705e-02
3.942458e-01
1.170204e+00
8.963840e-02
0.000000e+00
-7.071068e-01
7.071068e-01
5.747883e-01
1.172134e+00
9.140653e-02
3.942458e-01
1.170204e+00
8.963840e-02
5.681505e-01
1.168436e+00
8.770882e-02
0.000000e+00
-7.470362e-01
6.647834e-01
5.681505e-01
1.168436e+00
8.770882e-02
3.942458e-01
1.170204e+00
8.963840e-02
3.951810e-01
1.168505e+00
8.764952e-02
0.000000e+00
-7.807967e-01
6.247851e-01
5.681505e-01
1.168436e+00
8.770882e-02
3.951810e-01
1.168505e+00
8.764952e-02
3.959289e-01
1.167147e+00
8.605875e-02
0.000000e+00
-9.948227e-01
1.016249e-01
5.556024e-01
1.161446e+00
6.973378e-02
5.557561e-01
1.161532e+00
7.103987e-02
3.988323e-01
1.161873e+00
7.363465e-02
0.000000e+00
-9.894404e-01
1.449400e-01
3.988323e-01
1.161873e+00
7.363465e-02
5.557561e-01
1.161532e+00
7.103987e-02
5.563693e-01
1.161873e+00
7.363465e-02
0.000000e+00
-9.756696e-01
2.192458e-01
3.988323e-01
1.161873e+00
7.363465e-02
5.563693e-01
1.161873e+00
7.363465e-02
3.982749e-01
1.162886e+00
7.769570e-02
0.000000e+00
-9.688696e-01
2.475718e-01
3.982749e-01
1.162886e+00
7.769570e-02
5.563693e-01
1.161873e+00
7.363465e-02
5.573862e-01
1.162439e+00
7.618977e-02
0.000000e+00
-9.528469e-01
3.034514e-01
3.982749e-01
1.162886e+00
7.769570e-02
5.573862e-01
1.162439e+00
7.618977e-02
3.980547e-01
1.163286e+00
7.866137e-02
0.000000e+00
-9.492497e-01
3.145235e-01
3.980547e-01
1.163286e+00
7.866137e-02
5.573862e-01
1.162439e+00
7.618977e-02
5.587989e-01
1.163226e+00
7.868581e-02
0.000000e+00
-9.250091e-01
3.799452e-01
3.980547e-01
1.163286e+00
7.866137e-02
5.587989e-01
1.163226e+00
7.868581e-02
3.972831e-01
1.164687e+00
8.204491e-02
0.000000e+00
-9.135412e-01
4.067464e-01
3.972831e-01
1.164687e+00
8.204491e-02
5.587989e-01
1.163226e+00
7.868581e-02
5.605968e-01
1.164228e+00
8.110374e-02
0.000000e+00
-8.883618e-01
4.591440e-01
3.972831e-01
1.164687e+00
8.204491e-02
5.605968e-01
1.164228e+00
8.110374e-02
3.968319e-01
1.165507e+00
8.338229e-02
0.000000e+00
-8.802086e-01
4.745870e-01
3.968319e-01
1.165507e+00
8.338229e-02
5.605968e-01
1.164228e+00
8.110374e-02
5.627661e-01
1.165437e+00
8.342520e-02
0.000000e+00
-8.480680e-01
5.298874e-01
3.968319e-01
1.165507e+00
8.338229e-02
5.627661e-01
1.165437e+00
8.342520e-02
3.959289e-01
1.167147e+00
8.605875e-02
0.000000e+00
-8.322712e-01
5.543687e-01
3.959289e-01
1.167147e+00
8.605875e-02
5.627661e-01
1.165437e+00
8.342520e-02
5.652905e-01
1.166843e+00
8.563249e-02
0.000000e+00
-7.986386e-01
6.018108e-01
3.959289e-01
1.167147e+00
8.605875e-02
5.652905e-01
1.166843e+00
8.563249e-02
5.681505e-01
1.168436e+00
8.770882e-02
0.000000e+00
-9.996575e-01
2.617097e-02
3.990833e-01
1.161417e+00
6.842519e-02
5.555512e-01
1.161417e+00
6.842519e-02
3.990324e-01
1.161510e+00
7.077897e-02
0.000000e+00
-9.991709e-01
4.071384e-02
3.990324e-01
1.161510e+00
7.077897e-02
5.555512e-01
1.161417e+00
6.842519e-02
5.556024e-01
1.161446e+00
6.973378e-02
0.000000e+00
-9.956709e-01
9.294915e-02
3.990324e-01
1.161510e+00
7.077897e-02
5.556024e-01
1.161446e+00
6.973378e-02
3.988687e-01
1.161807e+00
7.311564e-02
0.000000e+00
-9.921839e-01
1.247843e-01
3.988687e-01
1.161807e+00
7.311564e-02
5.556024e-01
1.161446e+00
6.973378e-02
3.988323e-01
1.161873e+00
7.363465e-02
0.000000e+00
-3.310366e-01
9.436179e-01
3.882026e-01
1.181181e+00
9.655684e-02
5.905512e-01
1.181157e+00
9.661597e-02
3.876708e-01
1.182147e+00
9.695689e-02
0.000000e+00
-2.756783e-01
9.612499e-01
3.876708e-01
1.182147e+00
9.695689e-02
5.905512e-01
1.181157e+00
9.661597e-02
5.905512e-01
1.186208e+00
9.796944e-02
0.000000e+00
-2.192234e-01
9.756747e-01
3.876708e-01
1.182147e+00
9.695689e-02
5.905512e-01
1.186208e+00
9.796944e-02
3.854305e-01
1.186216e+00
9.793387e-02
0.000000e+00
-1.678934e-01
9.858052e-01
3.854305e-01
1.186216e+00
9.793387e-02
5.905512e-01
1.186208e+00
9.796944e-02
3.851508e-01
1.186724e+00
9.805585e-02
0.000000e+00
-1.103672e-01
9.938909e-01
3.851508e-01
1.186724e+00
9.805585e-02
5.905512e-01
1.186208e+00
9.796944e-02
5.905512e-01
1.191417e+00
9.842519e-02
0.000000e+00
-5.228807e-02
9.986320e-01
3.851508e-01
1.186724e+00
9.805585e-02
5.905512e-01
1.191417e+00
9.842519e-02
3.825670e-01
1.191417e+00
9.842519e-02
-4.814826e-17
-5.228807e-02
9.986320e-01
1.996574e-01
1.191417e+00
9.842519e-02
0.000000e+00
1.191417e+00
9.842519e-02
0.000000e+00
1.186724e+00
9.805585e-02
-3.476690e-16
-3.743190e-01
9.273000e-01
0.000000e+00
1.182147e+00
9.695689e-02
-1.516480e-32
1.180686e+00
9.644026e-02
5.034505e-03
1.177915e+00
9.493663e-02
-4.814826e-17
-1.045761e-01
9.945168e-01
1.996574e-01
1.191417e+00
9.842519e-02
0.000000e+00
1.186724e+00
9.805585e-02
1.971043e-01
1.186724e+00
9.805585e-02
-1.432592e-16
-2.078648e-01
9.781576e-01
1.971043e-01
1.186724e+00
9.805585e-02
0.000000e+00
1.186724e+00
9.805585e-02
0.000000e+00
1.182147e+00
9.695689e-02
-9.511095e-17
-2.588653e-01
9.659134e-01
1.971043e-01
1.186724e+00
9.805585e-02
0.000000e+00
1.182147e+00
9.695689e-02
1.946140e-01
1.182147e+00
9.695689e-02
-2.377842e-16
-3.582724e-01
9.336171e-01
1.946140e-01
1.182147e+00
9.695689e-02
0.000000e+00
1.182147e+00
9.695689e-02
5.034505e-03
1.177915e+00
9.493663e-02
-1.426742e-16
-4.067305e-01
9.135482e-01
1.946140e-01
1.182147e+00
9.695689e-02
5.034505e-03
1.177915e+00
9.493663e-02
1.922480e-01
1.177798e+00
9.515539e-02
-3.329084e-16
-4.999112e-01
8.660767e-01
1.922480e-01
1.177798e+00
9.515539e-02
5.034505e-03
1.177915e+00
9.493663e-02
1.253763e-02
1.173784e+00
9.269571e-02
-1.902328e-16
-5.446792e-01
8.386444e-01
1.922480e-01
1.177798e+00
9.515539e-02
1.253763e-02
1.173784e+00
9.269571e-02
1.900643e-01
1.173784e+00
9.269571e-02
-4.042448e-16
-6.292831e-01
7.771761e-01
1.900643e-01
1.173784e+00
9.269571e-02
1.253763e-02
1.173784e+00
9.269571e-02
1.903969e-02
1.170204e+00
8.963840e-02
-5.944776e-16
-6.691663e-01
7.431127e-01
1.900643e-01
1.173784e+00
9.269571e-02
1.903969e-02
1.170204e+00
8.963840e-02
1.881169e-01
1.170204e+00
8.963840e-02
-8.322687e-16
-7.431127e-01
6.691663e-01
1.881169e-01
1.170204e+00
8.963840e-02
1.903969e-02
1.170204e+00
8.963840e-02
2.459297e-02
1.167147e+00
8.605875e-02
-9.987224e-16
-7.771761e-01
6.292831e-01
1.881169e-01
1.170204e+00
8.963840e-02
2.459297e-02
1.167147e+00
8.605875e-02
1.864537e-01
1.167147e+00
8.605875e-02
-9.036060e-16
-8.386444e-01
5.446792e-01
1.864537e-01
1.167147e+00
8.605875e-02
2.459297e-02
1.167147e+00
8.605875e-02
2.906074e-02
1.164687e+00
8.204491e-02
-1.046281e-15
-8.660494e-01
4.999584e-01
1.864537e-01
1.167147e+00
8.605875e-02
2.906074e-02
1.164687e+00
8.204491e-02
1.851155e-01
1.164687e+00
8.204491e-02
-9.492088e-16
-9.025827e-01
4.305165e-01
1.851155e-01
1.164687e+00
8.204491e-02
2.906074e-02
1.164687e+00
8.204491e-02
3.085205e-02
1.163701e+00
7.990570e-02
-1.045563e-15
-9.238795e-01
3.826834e-01
1.851155e-01
1.164687e+00
8.204491e-02
3.085205e-02
1.163701e+00
7.990570e-02
1.841355e-01
1.162886e+00
7.769570e-02
-9.492088e-16
-9.426435e-01
3.338012e-01
3.085205e-02
1.163701e+00
7.990570e-02
3.233298e-02
1.162886e+00
7.769570e-02
1.841355e-01
1.162886e+00
7.769570e-02
-9.492087e-16
-9.588181e-01
2.840210e-01
1.841355e-01
1.162886e+00
7.769570e-02
3.233298e-02
1.162886e+00
7.769570e-02
3.349438e-02
1.162246e+00
7.542856e-02
-1.044130e-15
-9.659274e-01
2.588133e-01
1.841355e-01
1.162886e+00
7.769570e-02
3.349438e-02
1.162246e+00
7.542856e-02
1.837876e-01
1.162246e+00
7.542856e-02
-1.044130e-15
-9.781464e-01
2.079175e-01
1.837876e-01
1.162246e+00
7.542856e-02
3.349438e-02
1.162246e+00
7.542856e-02
1.835376e-01
1.161787e+00
7.311823e-02
-9.715989e-16
-9.996575e-01
2.617097e-02
3.483202e-02
1.161510e+00
7.077897e-02
3.500000e-02
1.161417e+00
6.842519e-02
1.833367e-01
1.161417e+00
6.842519e-02
-9.492088e-16
-9.832560e-01
1.822297e-01
3.349438e-02
1.162246e+00
7.542856e-02
3.432911e-02
1.161787e+00
7.311823e-02
1.835376e-01
1.161787e+00
7.311823e-02
-9.492088e-16
-9.914441e-01
1.305321e-01
1.835376e-01
1.161787e+00
7.311823e-02
3.432911e-02
1.161787e+00
7.311823e-02
3.483202e-02
1.161510e+00
7.077897e-02
-1.044130e-15
-9.945225e-01
1.045225e-01
1.835376e-01
1.161787e+00
7.311823e-02
3.483202e-02
1.161510e+00
7.077897e-02
1.833870e-01
1.161510e+00
7.077897e-02
-1.044130e-15
-9.986292e-01
5.234194e-02
1.833870e-01
1.161510e+00
7.077897e-02
3.483202e-02
1.161510e+00
7.077897e-02
1.833367e-01
1.161417e+00
6.842519e-02
8.446843e-01
-5.346246e-01
2.617097e-02
2.924013e-01
9.928643e-01
6.842519e-02
3.990833e-01
1.161417e+00
6.842519e-02
2.924004e-01
9.930359e-01
7.077897e-02
8.438154e-01
-5.340747e-01
5.234193e-02
2.924004e-01
9.930359e-01
7.077897e-02
3.990833e-01
1.161417e+00
6.842519e-02
3.990324e-01
1.161510e+00
7.077897e-02
8.403454e-01
-5.318784e-01
1.045225e-01
2.924004e-01
9.930359e-01
7.077897e-02
3.990324e-01
1.161510e+00
7.077897e-02
2.923978e-01
9.935495e-01
7.311823e-02
8.377435e-01
-5.302315e-01
1.305390e-01
2.923978e-01
9.935495e-01
7.311823e-02
3.990324e-01
1.161510e+00
7.077897e-02
3.988687e-01
1.161807e+00
7.311564e-02
8.308244e-01
-5.258523e-01
1.822365e-01
2.923978e-01
9.935495e-01
7.311823e-02
3.988687e-01
1.161807e+00
7.311564e-02
2.923936e-01
9.944020e-01
7.542856e-02
8.299142e-01
-5.252761e-01
1.879561e-01
2.923936e-01
9.944020e-01
7.542856e-02
3.988687e-01
1.161807e+00
7.311564e-02
3.988323e-01
1.161873e+00
7.363465e-02
8.204665e-01
-5.192965e-01
2.390938e-01
2.923936e-01
9.944020e-01
7.542856e-02
3.988323e-01
1.161873e+00
7.363465e-02
2.923876e-01
9.955882e-01
7.769570e-02
8.148883e-01
-5.157658e-01
2.644666e-01
2.923876e-01
9.955882e-01
7.769570e-02
3.988323e-01
1.161873e+00
7.363465e-02
3.982749e-01
1.162886e+00
7.769570e-02
7.965090e-01
-5.041331e-01
3.338012e-01
2.923876e-01
9.955882e-01
7.769570e-02
3.982749e-01
1.162886e+00
7.769570e-02
2.923800e-01
9.971007e-01
7.990570e-02
7.806540e-01
-4.940980e-01
3.826835e-01
2.923800e-01
9.971007e-01
7.990570e-02
3.982749e-01
1.162886e+00
7.769570e-02
2.923709e-01
9.989302e-01
8.204491e-02
7.852929e-01
-4.970340e-01
3.691508e-01
3.982749e-01
1.162886e+00
7.769570e-02
3.980547e-01
1.163286e+00
7.866137e-02
2.923709e-01
9.989302e-01
8.204491e-02
7.678737e-01
-4.860090e-01
4.173312e-01
2.923709e-01
9.989302e-01
8.204491e-02
3.980547e-01
1.163286e+00
7.866137e-02
3.972831e-01
1.164687e+00
8.204491e-02
7.425798e-01
-4.699998e-01
4.771535e-01
2.923709e-01
9.989302e-01
8.204491e-02
3.972831e-01
1.164687e+00
8.204491e-02
2.923602e-01
1.001065e+00
8.410015e-02
7.204586e-01
-4.559986e-01
5.224985e-01
2.923602e-01
1.001065e+00
8.410015e-02
3.972831e-01
1.164687e+00
8.204491e-02
2.923480e-01
1.003493e+00
8.605875e-02
7.243018e-01
-4.584311e-01
5.150028e-01
3.972831e-01
1.164687e+00
8.204491e-02
3.968319e-01
1.165507e+00
8.338229e-02
2.923480e-01
1.003493e+00
8.605875e-02
7.005193e-01
-4.433785e-01
5.591853e-01
2.923480e-01
1.003493e+00
8.605875e-02
3.968319e-01
1.165507e+00
8.338229e-02
3.959289e-01
1.167147e+00
8.605875e-02
6.566934e-01
-4.156398e-01
6.292831e-01
2.923480e-01
1.003493e+00
8.605875e-02
3.959289e-01
1.167147e+00
8.605875e-02
2.923195e-01
1.009165e+00
8.963840e-02
6.441246e-01
-4.076847e-01
6.472223e-01
3.959289e-01
1.167147e+00
8.605875e-02
3.951810e-01
1.168505e+00
8.764952e-02
2.923195e-01
1.009165e+00
8.963840e-02
6.146118e-01
-3.890052e-01
6.862414e-01
2.923195e-01
1.009165e+00
8.963840e-02
3.951810e-01
1.168505e+00
8.764952e-02
3.942458e-01
1.170204e+00
8.963840e-02
5.654279e-01
-3.578753e-01
7.431127e-01
2.923195e-01
1.009165e+00
8.963840e-02
3.942458e-01
1.170204e+00
8.963840e-02
2.922862e-01
1.015806e+00
9.269571e-02
5.468859e-01
-3.461396e-01
7.623012e-01
3.942458e-01
1.170204e+00
8.963840e-02
3.931508e-01
1.172193e+00
9.133705e-02
2.922862e-01
1.015806e+00
9.269571e-02
5.124267e-01
-3.243294e-01
7.951284e-01
2.922862e-01
1.015806e+00
9.269571e-02
3.931508e-01
1.172193e+00
9.133705e-02
3.922751e-01
1.173784e+00
9.269571e-02
4.602397e-01
-2.912987e-01
8.386444e-01
2.922862e-01
1.015806e+00
9.269571e-02
3.922751e-01
1.173784e+00
9.269571e-02
2.922489e-01
1.023252e+00
9.515539e-02
4.351645e-01
-2.754279e-01
8.571881e-01
3.922751e-01
1.173784e+00
9.269571e-02
3.908016e-01
1.176460e+00
9.433581e-02
2.922489e-01
1.023252e+00
9.515539e-02
3.966730e-01
-2.510656e-01
8.829590e-01
2.922489e-01
1.023252e+00
9.515539e-02
3.908016e-01
1.176460e+00
9.433581e-02
3.900653e-01
1.177798e+00
9.515539e-02
3.437188e-01
-2.175493e-01
9.135259e-01
2.922489e-01
1.023252e+00
9.515539e-02
3.900653e-01
1.177798e+00
9.515539e-02
2.922084e-01
1.031320e+00
9.695689e-02
3.119240e-01
-1.974255e-01
9.293689e-01
3.900653e-01
1.177798e+00
9.515539e-02
3.882026e-01
1.181181e+00
9.655684e-02
2.922084e-01
1.031320e+00
9.695689e-02
2.704203e-01
-1.711566e-01
9.474061e-01
2.922084e-01
1.031320e+00
9.695689e-02
3.882026e-01
1.181181e+00
9.655684e-02
3.876708e-01
1.182147e+00
9.695689e-02
2.187344e-01
-1.384432e-01
9.659134e-01
2.922084e-01
1.031320e+00
9.695689e-02
3.876708e-01
1.182147e+00
9.695689e-02
2.921653e-01
1.039919e+00
9.769104e-02
1.804341e-01
-1.142018e-01
9.769347e-01
2.921653e-01
1.039919e+00
9.769104e-02
3.876708e-01
1.182147e+00
9.695689e-02
3.854305e-01
1.186216e+00
9.793387e-02
1.370169e-01
-8.672186e-02
9.867653e-01
3.854305e-01
1.186216e+00
9.793387e-02
3.851508e-01
1.186724e+00
9.805585e-02
2.921653e-01
1.039919e+00
9.769104e-02
8.836410e-02
-5.592814e-02
9.945168e-01
2.921653e-01
1.039919e+00
9.769104e-02
3.851508e-01
1.186724e+00
9.805585e-02
3.825670e-01
1.191417e+00
9.842519e-02
4.418205e-02
-2.796407e-02
9.986320e-01
2.921653e-01
1.039919e+00
9.769104e-02
3.825670e-01
1.191417e+00
9.842519e-02
2.921222e-01
1.048518e+00
9.842519e-02
-4.389941e-02
-2.840571e-02
9.986320e-01
2.921222e-01
1.048518e+00
9.842519e-02
1.996574e-01
1.191417e+00
9.842519e-02
1.971043e-01
1.186724e+00
9.805585e-02
-8.779882e-02
-5.681143e-02
9.945168e-01
2.921222e-01
1.048518e+00
9.842519e-02
1.971043e-01
1.186724e+00
9.805585e-02
2.921653e-01
1.039919e+00
9.769104e-02
-1.745167e-01
-1.129234e-01
9.781575e-01
2.921653e-01
1.039919e+00
9.769104e-02
1.971043e-01
1.186724e+00
9.805585e-02
1.946140e-01
1.182147e+00
9.695689e-02
-2.173351e-01
-1.406297e-01
9.659134e-01
2.921653e-01
1.039919e+00
9.769104e-02
1.946140e-01
1.182147e+00
9.695689e-02
2.922084e-01
1.031320e+00
9.695689e-02
-3.008368e-01
-1.946606e-01
9.335976e-01
2.922084e-01
1.031320e+00
9.695689e-02
1.946140e-01
1.182147e+00
9.695689e-02
1.922480e-01
1.177798e+00
9.515539e-02
-3.415199e-01
-2.209852e-01
9.135259e-01
2.922084e-01
1.031320e+00
9.695689e-02
1.922480e-01
1.177798e+00
9.515539e-02
2.922489e-01
1.023252e+00
9.515539e-02
-4.197493e-01
-2.716045e-01
8.660494e-01
2.922489e-01
1.023252e+00
9.515539e-02
1.922480e-01
1.177798e+00
9.515539e-02
1.900643e-01
1.173784e+00
9.269571e-02
-4.572954e-01
-2.958993e-01
8.386444e-01
2.922489e-01
1.023252e+00
9.515539e-02
1.900643e-01
1.173784e+00
9.269571e-02
2.922862e-01
1.015806e+00
9.269571e-02
-5.283262e-01
-3.418607e-01
7.771761e-01
2.922862e-01
1.015806e+00
9.269571e-02
1.900643e-01
1.173784e+00
9.269571e-02
1.881169e-01
1.170204e+00
8.963840e-02
-5.618107e-01
-3.635274e-01
7.431127e-01
2.922862e-01
1.015806e+00
9.269571e-02
1.881169e-01
1.170204e+00
8.963840e-02
2.923195e-01
1.009165e+00
8.963840e-02
-6.238939e-01
-4.036991e-01
6.691663e-01
2.923195e-01
1.009165e+00
8.963840e-02
1.881169e-01
1.170204e+00
8.963840e-02
1.864537e-01
1.167147e+00
8.605875e-02
-6.524924e-01
-4.222042e-01
6.292831e-01
2.923195e-01
1.009165e+00
8.963840e-02
1.864537e-01
1.167147e+00
8.605875e-02
2.923480e-01
1.003493e+00
8.605875e-02
-6.919073e-01
-4.477082e-01
5.664111e-01
2.923480e-01
1.003493e+00
8.605875e-02
1.864537e-01
1.167147e+00
8.605875e-02
2.923602e-01
1.001065e+00
8.410015e-02
-7.158496e-01
-4.632003e-01
5.224985e-01
2.923602e-01
1.001065e+00
8.410015e-02
1.864537e-01
1.167147e+00
8.605875e-02
1.851155e-01
1.164687e+00
8.204491e-02
-7.378294e-01
-4.774226e-01
4.771535e-01
2.923602e-01
1.001065e+00
8.410015e-02
1.851155e-01
1.164687e+00
8.204491e-02
2.923709e-01
9.989302e-01
8.204491e-02
-7.577798e-01
-4.903319e-01
4.305165e-01
2.923709e-01
9.989302e-01
8.204491e-02
1.851155e-01
1.164687e+00
8.204491e-02
2.923800e-01
9.971007e-01
7.990570e-02
-7.756599e-01
-5.019014e-01
3.826834e-01
2.923800e-01
9.971007e-01
7.990570e-02
1.851155e-01
1.164687e+00
8.204491e-02
1.841355e-01
1.162886e+00
7.769570e-02
-7.914135e-01
-5.120950e-01
3.338012e-01
2.923800e-01
9.971007e-01
7.990570e-02
1.841355e-01
1.162886e+00
7.769570e-02
2.923876e-01
9.955882e-01
7.769570e-02
-8.049932e-01
-5.208819e-01
2.840210e-01
2.923876e-01
9.955882e-01
7.769570e-02
1.841355e-01
1.162886e+00
7.769570e-02
1.837876e-01
1.162246e+00
7.542856e-02
-8.109620e-01
-5.247441e-01
2.588133e-01
2.923876e-01
9.955882e-01
7.769570e-02
1.837876e-01
1.162246e+00
7.542856e-02
2.923936e-01
9.944020e-01
7.542856e-02
-8.212207e-01
-5.313821e-01
2.079175e-01
2.923936e-01
9.944020e-01
7.542856e-02
1.837876e-01
1.162246e+00
7.542856e-02
1.835376e-01
1.161787e+00
7.311823e-02
-8.255106e-01
-5.341579e-01
1.822297e-01
2.923936e-01
9.944020e-01
7.542856e-02
1.835376e-01
1.161787e+00
7.311823e-02
2.923978e-01
9.935495e-01
7.311823e-02
-8.323850e-01
-5.386061e-01
1.305321e-01
2.923978e-01
9.935495e-01
7.311823e-02
1.835376e-01
1.161787e+00
7.311823e-02
1.833870e-01
1.161510e+00
7.077897e-02
-8.349696e-01
-5.402785e-01
1.045225e-01
2.923978e-01
9.935495e-01
7.311823e-02
1.833870e-01
1.161510e+00
7.077897e-02
2.924004e-01
9.930359e-01
7.077897e-02
-8.384174e-01
-5.425094e-01
5.234193e-02
2.924004e-01
9.930359e-01
7.077897e-02
1.833870e-01
1.161510e+00
7.077897e-02
1.833367e-01
1.161417e+00
6.842519e-02
-8.392807e-01
-5.430681e-01
2.617097e-02
2.924004e-01
9.930359e-01
7.077897e-02
1.833367e-01
1.161417e+00
6.842519e-02
2.924013e-01
9.928643e-01
6.842519e-02
