-1.000000e+00
0.000000e+00
0.000000e+00
0.000000e+00
1.095394e+00
9.842519e-02
0.000000e+00
1.771654e+00
9.842519e-02
0.000000e+00
1.771654e+00
0.000000e+00
-1.000000e+00
0.000000e+00
0.000000e+00
0.000000e+00
0.000000e+00
0.000000e+00
0.000000e+00
0.000000e+00
9.842519e-02
0.000000e+00
1.072701e+00
9.842519e-02
-1.000000e+00
0.000000e+00
0.000000e+00
0.000000e+00
1.072701e+00
9.842519e-02
-8.914186e-17
1.082115e+00
9.785708e-02
0.000000e+00
0.000000e+00
0.000000e+00
-1.000000e+00
0.000000e+00
0.000000e+00
0.000000e+00
0.000000e+00
0.000000e+00
-8.914186e-17
1.082115e+00
9.785708e-02
0.000000e+00
1.087219e+00
9.754908e-02
-1.000000e+00
0.000000e+00
0.000000e+00
0.000000e+00
0.000000e+00
0.000000e+00
0.000000e+00
1.087219e+00
9.754908e-02
0.000000e+00
1.771654e+00
0.000000e+00
-1.000000e+00
0.000000e+00
0.000000e+00
0.000000e+00
1.771654e+00
0.000000e+00
0.000000e+00
1.087219e+00
9.754908e-02
0.000000e+00
1.089477e+00
9.796944e-02
-1.000000e+00
0.000000e+00
0.000000e+00
0.000000e+00
1.771654e+00
0.000000e+00
0.000000e+00
1.089477e+00
9.796944e-02
0.000000e+00
1.095394e+00
9.842519e-02
0.000000e+00
-1.000000e+00
0.000000e+00
5.905512e-01
0.000000e+00
9.842519e-02
0.000000e+00
0.000000e+00
9.842519e-02
5.905512e-01
0.000000e+00
0.000000e+00
0.000000e+00
-1.000000e+00
0.000000e+00
5.905512e-01
0.000000e+00
0.000000e+00
0.000000e+00
0.000000e+00
9.842519e-02
0.000000e+00
0.000000e+00
0.000000e+00
1.000000e+00
0.000000e+00
0.000000e+00
5.905512e-01
1.771654e+00
9.842519e-02
5.905512e-01
0.000000e+00
9.842519e-02
5.905512e-01
1.771654e+00
0.000000e+00
1.000000e+00
0.000000e+00
0.000000e+00
5.905512e-01
1.771654e+00
0.000000e+00
5.905512e-01
0.000000e+00
9.842519e-02
5.905512e-01
0.000000e+00
0.000000e+00
0.000000e+00
1.000000e+00
0.000000e+00
0.000000e+00
1.771654e+00
9.842519e-02
5.905512e-01
1.771654e+00
9.842519e-02
0.000000e+00
1.771654e+00
0.000000e+00
0.000000e+00
1.000000e+00
0.000000e+00
0.000000e+00
1.771654e+00
0.000000e+00
5.905512e-01
1.771654e+00
9.842519e-02
5.905512e-01
1.771654e+00
0.000000e+00
0.000000e+00
0.000000e+00
1.000000e+00
0.000000e+00
1.771654e+00
9.842519e-02
-8.321599e-17
1.095394e+00
9.842519e-02
5.905512e-01
1.771654e+00
9.842519e-02
0.000000e+00
0.000000e+00
1.000000e+00
5.905512e-01
1.771654e+00
9.842519e-02
-8.321599e-17
1.095394e+00
9.842519e-02
1.559715e-01
1.179378e+00
9.842519e-02
0.000000e+00
0.000000e+00
1.000000e+00
2.476225e-01
6.388837e-01
9.842519e-02
0.000000e+00
1.072701e+00
9.842519e-02
7.835805e-02
7.466888e-02
9.842519e-02
0.000000e+00
0.000000e+00
1.000000e+00
7.835805e-02
7.466888e-02
9.842519e-02
0.000000e+00
1.072701e+00
9.842519e-02
0.000000e+00
0.000000e+00
9.842519e-02
0.000000e+00
0.000000e+00
1.000000e+00
7.835805e-02
7.466888e-02
9.842519e-02
0.000000e+00
0.000000e+00
9.842519e-02
2.594796e-01
2.033243e-02
9.842519e-02
0.000000e+00
0.000000e+00
1.000000e+00
2.594796e-01
2.033243e-02
9.842519e-02
0.000000e+00
0.000000e+00
9.842519e-02
5.905512e-01
0.000000e+00
9.842519e-02
0.000000e+00
0.000000e+00
1.000000e+00
2.594796e-01
2.033243e-02
9.842519e-02
5.905512e-01
0.000000e+00
9.842519e-02
5.888479e-01
1.118227e+00
9.842519e-02
0.000000e+00
0.000000e+00
1.000000e+00
5.888479e-01
1.118227e+00
9.842519e-02
5.905512e-01
0.000000e+00
9.842519e-02
5.905512e-01
1.771654e+00
9.842519e-02
0.000000e+00
0.000000e+00
1.000000e+00
5.888479e-01
1.118227e+00
9.842519e-02
5.905512e-01
1.771654e+00
9.842519e-02
4.077264e-01
1.172563e+00
9.842519e-02
0.000000e+00
0.000000e+00
1.000000e+00
4.077264e-01
1.172563e+00
9.842519e-02
5.905512e-01
1.771654e+00
9.842519e-02
1.559715e-01
1.179378e+00
9.842519e-02
0.000000e+00
0.000000e+00
1.000000e+00
4.077264e-01
1.172563e+00
9.842519e-02
1.559715e-01
1.179378e+00
9.842519e-02
3.189619e-01
8.766817e-01
9.842519e-02
0.000000e+00
0.000000e+00
-1.000000e+00
5.905512e-01
1.771654e+00
0.000000e+00
1.437803e-01
1.138741e+00
0.000000e+00
0.000000e+00
1.771654e+00
0.000000e+00
0.000000e+00
0.000000e+00
-1.000000e+00
0.000000e+00
1.771654e+00
0.000000e+00
1.437803e-01
1.138741e+00
0.000000e+00
3.139079e-02
1.078224e+00
0.000000e+00
0.000000e+00
0.000000e+00
-1.000000e+00
0.000000e+00
1.771654e+00
0.000000e+00
3.139079e-02
1.078224e+00
0.000000e+00
0.000000e+00
0.000000e+00
0.000000e+00
0.000000e+00
0.000000e+00
-1.000000e+00
3.268851e-01
7.986892e-01
0.000000e+00
1.437803e-01
1.138741e+00
0.000000e+00
4.278408e-01
1.135208e+00
0.000000e+00
0.000000e+00
0.000000e+00
-1.000000e+00
4.278408e-01
1.135208e+00
0.000000e+00
1.437803e-01
1.138741e+00
0.000000e+00
5.905512e-01
1.771654e+00
0.000000e+00
0.000000e+00
0.000000e+00
-1.000000e+00
4.278408e-01
1.135208e+00
0.000000e+00
5.905512e-01
1.771654e+00
0.000000e+00
5.514927e-01
1.098113e+00
0.000000e+00
0.000000e+00
0.000000e+00
-1.000000e+00
5.514927e-01
1.098113e+00
0.000000e+00
5.905512e-01
1.771654e+00
0.000000e+00
5.905512e-01
0.000000e+00
0.000000e+00
0.000000e+00
0.000000e+00
-1.000000e+00
5.514927e-01
1.098113e+00
0.000000e+00
5.905512e-01
0.000000e+00
0.000000e+00
2.393652e-01
5.768766e-02
0.000000e+00
0.000000e+00
0.000000e+00
-1.000000e+00
2.393652e-01
5.768766e-02
0.000000e+00
5.905512e-01
0.000000e+00
0.000000e+00
0.000000e+00
0.000000e+00
0.000000e+00
0.000000e+00
0.000000e+00
-1.000000e+00
2.393652e-01
5.768766e-02
0.000000e+00
0.000000e+00
0.000000e+00
0.000000e+00
1.157133e-01
9.478324e-02
0.000000e+00
0.000000e+00
0.000000e+00
-1.000000e+00
1.157133e-01
9.478324e-02
0.000000e+00
0.000000e+00
0.000000e+00
0.000000e+00
3.139079e-02
1.078224e+00
0.000000e+00
0.000000e+00
0.000000e+00
-1.000000e+00
1.157133e-01
9.478324e-02
0.000000e+00
3.139079e-02
1.078224e+00
0.000000e+00
2.800535e-01
6.425840e-01
0.000000e+00
4.740998e-01
-8.804711e-01
0.000000e+00
3.139079e-02
1.078224e+00
6.842519e-02
3.139079e-02
1.078224e+00
0.000000e+00
1.437803e-01
1.138741e+00
6.842519e-02
4.740998e-01
-8.804711e-01
0.000000e+00
1.437803e-01
1.138741e+00
6.842519e-02
3.139079e-02
1.078224e+00
0.000000e+00
1.437803e-01
1.138741e+00
0.000000e+00
-8.804711e-01
-4.740998e-01
0.000000e+00
1.437803e-01
1.138741e+00
6.842519e-02
1.437803e-01
1.138741e+00
0.000000e+00
3.268851e-01
7.986892e-01
6.842519e-02
-8.804711e-01
-4.740998e-01
0.000000e+00
3.268851e-01
7.986892e-01
6.842519e-02
1.437803e-01
1.138741e+00
0.000000e+00
3.268851e-01
7.986892e-01
0.000000e+00
9.578263e-01
-2.873479e-01
0.000000e+00
3.268851e-01
7.986892e-01
6.842519e-02
3.268851e-01
7.986892e-01
0.000000e+00
4.278408e-01
1.135208e+00
6.842519e-02
9.578263e-01
-2.873479e-01
0.000000e+00
4.278408e-01
1.135208e+00
6.842519e-02
3.268851e-01
7.986892e-01
0.000000e+00
4.278408e-01
1.135208e+00
0.000000e+00
-2.873479e-01
-9.578263e-01
0.000000e+00
4.278408e-01
1.135208e+00
6.842519e-02
4.278408e-01
1.135208e+00
0.000000e+00
5.514927e-01
1.098113e+00
6.842519e-02
-2.873479e-01
-9.578263e-01
0.000000e+00
5.514927e-01
1.098113e+00
6.842519e-02
4.278408e-01
1.135208e+00
0.000000e+00
5.514927e-01
1.098113e+00
0.000000e+00
-9.578263e-01
2.873479e-01
0.000000e+00
5.514927e-01
1.098113e+00
6.842519e-02
5.514927e-01
1.098113e+00
5.335641e-19
2.393652e-01
5.768766e-02
6.842519e-02
-9.578263e-01
2.873479e-01
0.000000e+00
2.393652e-01
5.768766e-02
6.842519e-02
5.514927e-01
1.098113e+00
5.335641e-19
2.393652e-01
5.768766e-02
5.335641e-19
2.873479e-01
9.578263e-01
0.000000e+00
2.393652e-01
5.768766e-02
6.842519e-02
2.393652e-01
5.768766e-02
0.000000e+00
1.157133e-01
9.478324e-02
6.842519e-02
2.873479e-01
9.578263e-01
0.000000e+00
1.157133e-01
9.478324e-02
6.842519e-02
2.393652e-01
5.768766e-02
0.000000e+00
1.157133e-01
9.478324e-02
0.000000e+00
9.578263e-01
-2.873479e-01
0.000000e+00
1.157133e-01
9.478324e-02
6.842519e-02
1.157133e-01
9.478324e-02
0.000000e+00
2.800535e-01
6.425840e-01
6.842519e-02
9.578263e-01
-2.873479e-01
0.000000e+00
2.800535e-01
6.425840e-01
6.842519e-02
1.157133e-01
9.478324e-02
0.000000e+00
2.800535e-01
6.425840e-01
0.000000e+00
8.684785e-01
4.957269e-01
0.000000e+00
2.800535e-01
6.425840e-01
6.842519e-02
2.800535e-01
6.425840e-01
0.000000e+00
3.139079e-02
1.078224e+00
6.842519e-02
8.684785e-01
4.957269e-01
0.000000e+00
3.139079e-02
1.078224e+00
6.842519e-02
2.800535e-01
6.425840e-01
0.000000e+00
3.139079e-02
1.078224e+00
0.000000e+00
2.846665e-01
9.488882e-01
1.362941e-01
1.152534e-01
9.453560e-02
7.311823e-02
1.151235e-01
9.446565e-02
7.363100e-02
2.394272e-01
5.757250e-02
7.077897e-02
2.846662e-01
9.488873e-01
1.363010e-01
2.394272e-01
5.757250e-02
7.077897e-02
1.151235e-01
9.446565e-02
7.363100e-02
2.396265e-01
5.720236e-02
7.311563e-02
2.872495e-01
9.574982e-01
2.617097e-02
2.393652e-01
5.768766e-02
6.842519e-02
1.157133e-01
9.478324e-02
6.842519e-02
2.394272e-01
5.757250e-02
7.077897e-02
2.869540e-01
9.565133e-01
5.234193e-02
2.394272e-01
5.757250e-02
7.077897e-02
1.157133e-01
9.478324e-02
6.842519e-02
1.155981e-01
9.472124e-02
7.077897e-02
2.857740e-01
9.525798e-01
1.045225e-01
2.394272e-01
5.757250e-02
7.077897e-02
1.155981e-01
9.472124e-02
7.077897e-02
1.152534e-01
9.453560e-02
7.311823e-02
2.803546e-01
9.345152e-01
2.192776e-01
1.146037e-01
9.418575e-02
7.568286e-02
2.399627e-01
5.657805e-02
7.568286e-02
1.151235e-01
9.446565e-02
7.363100e-02
2.817453e-01
9.391509e-01
1.965074e-01
1.151235e-01
9.446565e-02
7.363100e-02
2.399627e-01
5.657805e-02
7.568286e-02
2.396708e-01
5.712014e-02
7.363465e-02
2.832679e-01
9.442261e-01
1.679176e-01
1.151235e-01
9.446565e-02
7.363100e-02
2.396708e-01
5.712014e-02
7.363465e-02
2.396265e-01
5.720236e-02
7.311563e-02
2.711432e-01
9.038107e-01
3.310705e-01
2.405783e-01
5.543486e-02
7.868581e-02
2.403731e-01
5.581585e-02
7.768501e-02
1.134605e-01
9.357019e-02
7.868581e-02
2.742977e-01
9.143257e-01
2.979419e-01
1.134605e-01
9.357019e-02
7.868581e-02
2.403731e-01
5.581585e-02
7.768501e-02
2.399627e-01
5.657805e-02
7.568286e-02
2.742983e-01
9.143276e-01
2.979353e-01
1.134605e-01
9.357019e-02
7.868581e-02
2.399627e-01
5.657805e-02
7.568286e-02
1.138850e-01
9.379877e-02
7.769570e-02
2.771197e-01
9.237323e-01
2.644301e-01
1.138850e-01
9.379877e-02
7.769570e-02
2.399627e-01
5.657805e-02
7.568286e-02
1.146037e-01
9.418575e-02
7.568286e-02
2.243602e-01
7.478673e-01
6.247855e-01
1.069738e-01
9.007737e-02
8.770882e-02
2.441177e-01
4.886165e-02
8.764956e-02
2.432067e-01
5.055344e-02
8.605875e-02
2.657961e-01
8.859868e-01
3.799735e-01
2.405783e-01
5.543486e-02
7.868581e-02
1.134605e-01
9.357019e-02
7.868581e-02
2.415576e-01
5.361618e-02
8.204491e-02
2.611250e-01
8.704168e-01
4.173589e-01
2.415576e-01
5.361618e-02
8.204491e-02
1.134605e-01
9.357019e-02
7.868581e-02
1.116418e-01
9.259091e-02
8.204491e-02
2.537134e-01
8.457112e-01
4.694700e-01
2.415576e-01
5.361618e-02
8.204491e-02
1.116418e-01
9.259091e-02
8.204491e-02
2.420600e-01
5.268301e-02
8.342520e-02
2.513199e-01
8.377329e-01
4.848112e-01
2.420600e-01
5.268301e-02
8.342520e-02
1.116418e-01
9.259091e-02
8.204491e-02
1.107086e-01
9.208842e-02
8.342520e-02
2.436870e-01
8.122899e-01
5.299072e-01
2.420600e-01
5.268301e-02
8.342520e-02
1.107086e-01
9.208842e-02
8.342520e-02
2.432067e-01
5.055344e-02
8.605875e-02
2.382199e-01
7.940664e-01
5.592046e-01
2.432067e-01
5.055344e-02
8.605875e-02
1.107086e-01
9.208842e-02
8.342520e-02
1.085791e-01
9.094173e-02
8.605875e-02
2.284770e-01
7.615901e-01
6.064477e-01
2.432067e-01
5.055344e-02
8.605875e-02
1.085791e-01
9.094173e-02
8.605875e-02
1.069738e-01
9.007737e-02
8.770882e-02
1.910243e-01
6.367475e-01
7.470357e-01
1.023695e-01
8.759814e-02
9.140653e-02
2.465900e-01
4.427014e-02
9.133702e-02
2.452566e-01
4.674656e-02
8.963840e-02
2.146592e-01
7.155306e-01
6.647838e-01
2.441177e-01
4.886165e-02
8.764956e-02
1.069738e-01
9.007737e-02
8.770882e-02
2.452566e-01
4.674656e-02
8.963840e-02
2.090077e-01
6.966922e-01
6.862476e-01
2.452566e-01
4.674656e-02
8.963840e-02
1.069738e-01
9.007737e-02
8.770882e-02
1.046717e-01
8.883776e-02
8.955768e-02
1.971918e-01
6.573060e-01
7.273681e-01
2.452566e-01
4.674656e-02
8.963840e-02
1.046717e-01
8.883776e-02
8.955768e-02
1.023695e-01
8.759814e-02
9.140653e-02
1.522627e-01
5.075424e-01
8.480665e-01
9.703566e-02
8.472607e-02
9.440596e-02
2.494510e-01
3.895688e-02
9.433572e-02
2.476567e-01
4.228928e-02
9.269571e-02
1.795308e-01
5.984362e-01
7.807963e-01
2.465900e-01
4.427014e-02
9.133702e-02
1.023695e-01
8.759814e-02
9.140653e-02
2.476567e-01
4.228928e-02
9.269571e-02
1.742657e-01
5.808856e-01
7.951121e-01
2.476567e-01
4.228928e-02
9.269571e-02
1.023695e-01
8.759814e-02
9.140653e-02
1.002364e-01
8.644953e-02
9.260608e-02
1.606907e-01
5.356355e-01
8.290193e-01
2.476567e-01
4.228928e-02
9.269571e-02
1.002364e-01
8.644953e-02
9.260608e-02
9.703566e-02
8.472607e-02
9.440596e-02
1.091776e-01
3.639253e-01
9.250073e-01
9.113429e-02
8.154840e-02
9.661597e-02
2.526162e-01
3.307870e-02
9.655675e-02
2.503479e-01
3.729135e-02
9.515539e-02
1.393043e-01
4.643476e-01
8.746288e-01
2.494510e-01
3.895688e-02
9.433572e-02
9.703566e-02
8.472607e-02
9.440596e-02
2.503479e-01
3.729135e-02
9.515539e-02
1.349093e-01
4.496975e-01
8.829336e-01
2.503479e-01
3.729135e-02
9.515539e-02
9.703566e-02
8.472607e-02
9.440596e-02
9.526595e-02
8.377314e-02
9.506870e-02
1.199355e-01
3.997850e-01
9.087285e-01
2.503479e-01
3.729135e-02
9.515539e-02
9.526595e-02
8.377314e-02
9.506870e-02
9.113429e-02
8.154840e-02
9.661597e-02
6.299397e-02
2.099799e-01
9.756742e-01
8.484472e-02
7.816171e-02
9.796944e-02
2.559922e-01
2.680892e-02
9.793383e-02
2.532639e-01
3.187583e-02
9.695689e-02
9.512339e-02
3.170780e-01
9.436170e-01
2.526162e-01
3.307870e-02
9.655675e-02
9.113429e-02
8.154840e-02
9.661597e-02
2.532639e-01
3.187583e-02
9.695689e-02
9.197869e-02
3.065956e-01
9.473854e-01
2.532639e-01
3.187583e-02
9.695689e-02
9.113429e-02
8.154840e-02
9.661597e-02
8.987717e-02
8.087149e-02
9.688649e-02
7.600384e-02
2.533461e-01
9.643853e-01
2.532639e-01
3.187583e-02
9.695689e-02
8.987717e-02
8.087149e-02
9.688649e-02
8.484472e-02
7.816171e-02
9.796944e-02
1.502487e-02
5.008289e-02
9.986320e-01
7.835805e-02
7.466888e-02
9.842519e-02
2.594796e-01
2.033243e-02
9.842519e-02
2.563330e-01
2.617607e-02
9.805585e-02
4.824440e-02
1.608147e-01
9.858048e-01
2.559922e-01
2.680892e-02
9.793383e-02
8.484472e-02
7.816171e-02
9.796944e-02
2.563330e-01
2.617607e-02
9.805585e-02
4.660901e-02
1.553634e-01
9.867573e-01
2.563330e-01
2.617607e-02
9.805585e-02
8.484472e-02
7.816171e-02
9.796944e-02
8.419665e-02
7.781275e-02
9.801497e-02
3.005735e-02
1.001912e-01
9.945142e-01
2.563330e-01
2.617607e-02
9.805585e-02
8.419665e-02
7.781275e-02
9.801497e-02
7.835805e-02
7.466888e-02
9.842519e-02
-9.574982e-01
2.872494e-01
2.617097e-02
5.516078e-01
1.098175e+00
7.077897e-02
5.514927e-01
1.098113e+00
6.842519e-02
2.393652e-01
5.768766e-02
6.842519e-02
-9.548736e-01
2.864621e-01
7.845910e-02
5.516078e-01
1.098175e+00
7.077897e-02
2.393652e-01
5.768766e-02
6.842519e-02
5.519526e-01
1.098360e+00
7.311823e-02
-9.357277e-01
2.807183e-01
2.135673e-01
2.396265e-01
5.720236e-02
7.311563e-02
2.396708e-01
5.712014e-02
7.363465e-02
5.533209e-01
1.099097e+00
7.769570e-02
-9.548736e-01
2.864621e-01
7.845910e-02
2.393652e-01
5.768766e-02
6.842519e-02
2.394272e-01
5.757250e-02
7.077897e-02
5.519526e-01
1.098360e+00
7.311823e-02
-9.496303e-01
2.848891e-01
1.305390e-01
5.519526e-01
1.098360e+00
7.311823e-02
2.394272e-01
5.757250e-02
7.077897e-02
2.396265e-01
5.720236e-02
7.311563e-02
-9.417872e-01
2.825362e-01
1.822365e-01
5.519526e-01
1.098360e+00
7.311823e-02
2.396265e-01
5.720236e-02
7.311563e-02
5.525248e-01
1.098668e+00
7.542856e-02
-9.313599e-01
2.794079e-01
2.334521e-01
5.525248e-01
1.098668e+00
7.542856e-02
2.396265e-01
5.720236e-02
7.311563e-02
5.533209e-01
1.099097e+00
7.769570e-02
-9.293748e-01
2.788125e-01
2.419219e-01
2.396708e-01
5.712014e-02
7.363465e-02
2.399627e-01
5.657805e-02
7.568286e-02
5.533209e-01
1.099097e+00
7.769570e-02
-9.175845e-01
2.752753e-01
2.868139e-01
5.533209e-01
1.099097e+00
7.769570e-02
2.399627e-01
5.657805e-02
7.568286e-02
2.403731e-01
5.581585e-02
7.768501e-02
-9.028865e-01
2.708660e-01
3.338077e-01
5.533209e-01
1.099097e+00
7.769570e-02
2.403731e-01
5.581585e-02
7.768501e-02
5.543362e-01
1.099644e+00
7.990570e-02
-8.849136e-01
2.654741e-01
3.826898e-01
5.543362e-01
1.099644e+00
7.990570e-02
2.403731e-01
5.581585e-02
7.768501e-02
5.555642e-01
1.100305e+00
8.204491e-02
-8.901613e-01
2.670484e-01
3.691857e-01
2.403731e-01
5.581585e-02
7.768501e-02
2.405783e-01
5.543486e-02
7.868581e-02
5.555642e-01
1.100305e+00
8.204491e-02
-8.704168e-01
2.611250e-01
4.173589e-01
5.555642e-01
1.100305e+00
8.204491e-02
2.405783e-01
5.543486e-02
7.868581e-02
2.415576e-01
5.361618e-02
8.204491e-02
-8.417569e-01
2.525271e-01
4.771535e-01
5.555642e-01
1.100305e+00
8.204491e-02
2.415576e-01
5.361618e-02
8.204491e-02
5.569974e-01
1.101077e+00
8.410015e-02
-8.166812e-01
2.450043e-01
5.224985e-01
5.569974e-01
1.101077e+00
8.410015e-02
2.415576e-01
5.361618e-02
8.204491e-02
5.586269e-01
1.101954e+00
8.605875e-02
-8.210261e-01
2.463078e-01
5.150229e-01
2.415576e-01
5.361618e-02
8.204491e-02
2.420600e-01
5.268301e-02
8.342520e-02
5.586269e-01
1.101954e+00
8.605875e-02
-7.940664e-01
2.382199e-01
5.592046e-01
5.586269e-01
1.101954e+00
8.605875e-02
2.420600e-01
5.268301e-02
8.342520e-02
2.432067e-01
5.055344e-02
8.605875e-02
-7.443997e-01
2.233199e-01
6.292831e-01
5.586269e-01
1.101954e+00
8.605875e-02
2.432067e-01
5.055344e-02
8.605875e-02
5.624338e-01
1.104004e+00
8.963840e-02
-7.301519e-01
2.190456e-01
6.472227e-01
2.432067e-01
5.055344e-02
8.605875e-02
2.441177e-01
4.886165e-02
8.764956e-02
5.624338e-01
1.104004e+00
8.963840e-02
-6.966974e-01
2.090092e-01
6.862418e-01
5.624338e-01
1.104004e+00
8.963840e-02
2.441177e-01
4.886165e-02
8.764956e-02
2.452566e-01
4.674656e-02
8.963840e-02
-6.409450e-01
1.922835e-01
7.431127e-01
5.624338e-01
1.104004e+00
8.963840e-02
2.452566e-01
4.674656e-02
8.963840e-02
5.668911e-01
1.106404e+00
9.269571e-02
-6.199271e-01
1.859781e-01
7.623008e-01
2.452566e-01
4.674656e-02
8.963840e-02
2.465900e-01
4.427014e-02
9.133702e-02
5.668911e-01
1.106404e+00
9.269571e-02
-5.808656e-01
1.742597e-01
7.951280e-01
5.668911e-01
1.106404e+00
9.269571e-02
2.465900e-01
4.427014e-02
9.133702e-02
2.476567e-01
4.228928e-02
9.269571e-02
-5.217081e-01
1.565124e-01
8.386444e-01
5.668911e-01
1.106404e+00
9.269571e-02
2.476567e-01
4.228928e-02
9.269571e-02
5.718890e-01
1.109095e+00
9.515539e-02
-4.932854e-01
1.479856e-01
8.571871e-01
2.476567e-01
4.228928e-02
9.269571e-02
2.494510e-01
3.895688e-02
9.433572e-02
5.718890e-01
1.109095e+00
9.515539e-02
-4.496533e-01
1.348960e-01
8.829581e-01
5.718890e-01
1.109095e+00
9.515539e-02
2.494510e-01
3.895688e-02
9.433572e-02
2.503479e-01
3.729135e-02
9.515539e-02
-3.896250e-01
1.168875e-01
9.135259e-01
5.718890e-01
1.109095e+00
9.515539e-02
2.503479e-01
3.729135e-02
9.515539e-02
5.773045e-01
1.112011e+00
9.695689e-02
-3.535862e-01
1.060758e-01
9.293679e-01
2.503479e-01
3.729135e-02
9.515539e-02
2.526162e-01
3.307870e-02
9.655675e-02
5.773045e-01
1.112011e+00
9.695689e-02
-3.065394e-01
9.196179e-02
9.474052e-01
5.773045e-01
1.112011e+00
9.695689e-02
2.526162e-01
3.307870e-02
9.655675e-02
2.532639e-01
3.187583e-02
9.695689e-02
-2.479480e-01
7.438441e-02
9.659134e-01
5.773045e-01
1.112011e+00
9.695689e-02
2.532639e-01
3.187583e-02
9.695689e-02
5.830043e-01
1.115080e+00
9.805585e-02
-2.045344e-01
6.136032e-02
9.769343e-01
5.830043e-01
1.115080e+00
9.805585e-02
2.532639e-01
3.187583e-02
9.695689e-02
2.559922e-01
2.680892e-02
9.793383e-02
-1.553186e-01
4.659557e-02
9.867650e-01
2.559922e-01
2.680892e-02
9.793383e-02
2.563330e-01
2.617607e-02
9.805585e-02
5.830043e-01
1.115080e+00
9.805585e-02
-1.001658e-01
3.004973e-02
9.945168e-01
5.830043e-01
1.115080e+00
9.805585e-02
2.563330e-01
2.617607e-02
9.805585e-02
2.594796e-01
2.033243e-02
9.842519e-02
-5.008289e-02
1.502487e-02
9.986320e-01
5.830043e-01
1.115080e+00
9.805585e-02
2.594796e-01
2.033243e-02
9.842519e-02
5.888479e-01
1.118227e+00
9.842519e-02
1.991233e-01
-5.973699e-02
9.781520e-01
2.576442e-01
6.400272e-01
9.695689e-02
2.526958e-01
6.394626e-01
9.805585e-02
8.419665e-02
7.781275e-02
9.801497e-02
1.001912e-01
-3.005735e-02
9.945142e-01
8.419665e-02
7.781275e-02
9.801497e-02
2.526958e-01
6.394626e-01
9.805585e-02
2.476225e-01
6.388837e-01
9.842519e-02
5.010826e-02
-1.503248e-02
9.986306e-01
8.419665e-02
7.781275e-02
9.801497e-02
2.476225e-01
6.388837e-01
9.842519e-02
7.835805e-02
7.466888e-02
9.842519e-02
2.045788e-01
-6.137365e-02
9.769242e-01
8.419665e-02
7.781275e-02
9.801497e-02
8.484472e-02
7.816171e-02
9.796944e-02
2.576442e-01
6.400272e-01
9.695689e-02
2.533461e-01
-7.600384e-02
9.643853e-01
2.576442e-01
6.400272e-01
9.695689e-02
8.484472e-02
7.816171e-02
9.796944e-02
8.987717e-02
8.087149e-02
9.688649e-02
3.432434e-01
-1.029730e-01
9.335847e-01
2.576442e-01
6.400272e-01
9.695689e-02
8.987717e-02
8.087149e-02
9.688649e-02
2.623459e-01
6.405636e-01
9.515539e-02
3.536415e-01
-1.060924e-01
9.293450e-01
8.987717e-02
8.087149e-02
9.688649e-02
9.113429e-02
8.154840e-02
9.661597e-02
2.623459e-01
6.405636e-01
9.515539e-02
3.997850e-01
-1.199355e-01
9.087285e-01
2.623459e-01
6.405636e-01
9.515539e-02
9.113429e-02
8.154840e-02
9.661597e-02
9.526595e-02
8.377314e-02
9.506870e-02
4.788997e-01
-1.436699e-01
8.660335e-01
2.623459e-01
6.405636e-01
9.515539e-02
9.526595e-02
8.377314e-02
9.506870e-02
2.666850e-01
6.410587e-01
9.269571e-02
4.933284e-01
-1.479985e-01
8.571602e-01
9.526595e-02
8.377314e-02
9.506870e-02
9.703566e-02
8.472607e-02
9.440596e-02
2.666850e-01
6.410587e-01
9.269571e-02
5.356355e-01
-1.606907e-01
8.290193e-01
2.666850e-01
6.410587e-01
9.269571e-02
9.703566e-02
8.472607e-02
9.440596e-02
1.002364e-01
8.644953e-02
9.260608e-02
6.027577e-01
-1.808273e-01
7.771645e-01
2.666850e-01
6.410587e-01
9.269571e-02
1.002364e-01
8.644953e-02
9.260608e-02
2.705547e-01
6.415002e-01
8.963840e-02
6.199462e-01
-1.859839e-01
7.622839e-01
1.002364e-01
8.644953e-02
9.260608e-02
1.023695e-01
8.759814e-02
9.140653e-02
2.705547e-01
6.415002e-01
8.963840e-02
6.573060e-01
-1.971918e-01
7.273681e-01
2.705547e-01
6.415002e-01
8.963840e-02
1.023695e-01
8.759814e-02
9.140653e-02
1.046717e-01
8.883776e-02
8.955768e-02
7.117729e-01
-2.135319e-01
6.691663e-01
2.705547e-01
6.415002e-01
8.963840e-02
1.046717e-01
8.883776e-02
8.955768e-02
2.738597e-01
6.418774e-01
8.605875e-02
7.301469e-01
-2.190441e-01
6.472288e-01
2.738597e-01
6.418774e-01
8.605875e-02
1.046717e-01
8.883776e-02
8.955768e-02
1.069738e-01
9.007737e-02
8.770882e-02
7.615901e-01
-2.284770e-01
6.064477e-01
1.069738e-01
9.007737e-02
8.770882e-02
1.085791e-01
9.094173e-02
8.605875e-02
2.738597e-01
6.418774e-01
8.605875e-02
7.940664e-01
-2.382199e-01
5.592046e-01
2.738597e-01
6.418774e-01
8.605875e-02
1.085791e-01
9.094173e-02
8.605875e-02
1.107086e-01
9.208842e-02
8.342520e-02
8.210261e-01
-2.463078e-01
5.150229e-01
2.738597e-01
6.418774e-01
8.605875e-02
1.107086e-01
9.208842e-02
8.342520e-02
2.765188e-01
6.421807e-01
8.204491e-02
8.457112e-01
-2.537133e-01
4.694699e-01
1.107086e-01
9.208842e-02
8.342520e-02
1.116418e-01
9.259091e-02
8.204491e-02
2.765188e-01
6.421807e-01
8.204491e-02
8.704167e-01
-2.611250e-01
4.173590e-01
2.765188e-01
6.421807e-01
8.204491e-02
1.116418e-01
9.259091e-02
8.204491e-02
1.134605e-01
9.357019e-02
7.868581e-02
8.901637e-01
-2.670491e-01
3.691792e-01
2.765188e-01
6.421807e-01
8.204491e-02
1.134605e-01
9.357019e-02
7.868581e-02
2.784662e-01
6.424029e-01
7.769570e-02
9.074416e-01
-2.722325e-01
3.200614e-01
2.784662e-01
6.424029e-01
7.769570e-02
1.134605e-01
9.357019e-02
7.868581e-02
1.138850e-01
9.379877e-02
7.769570e-02
9.251772e-01
-2.775532e-01
2.588654e-01
2.784662e-01
6.424029e-01
7.769570e-02
1.138850e-01
9.379877e-02
7.769570e-02
2.796542e-01
6.425384e-01
7.311823e-02
9.307057e-01
-2.792117e-01
2.362787e-01
2.796542e-01
6.425384e-01
7.311823e-02
1.138850e-01
9.379877e-02
7.769570e-02
1.146037e-01
9.418575e-02
7.568286e-02
9.402303e-01
-2.820691e-01
1.907986e-01
1.146037e-01
9.418575e-02
7.568286e-02
1.151235e-01
9.446565e-02
7.363100e-02
2.796542e-01
6.425384e-01
7.311823e-02
9.451470e-01
-2.835441e-01
1.621727e-01
2.796542e-01
6.425384e-01
7.311823e-02
1.151235e-01
9.446565e-02
7.363100e-02
1.152534e-01
9.453560e-02
7.311823e-02
9.525744e-01
-2.857723e-01
1.045761e-01
2.796542e-01
6.425384e-01
7.311823e-02
1.152534e-01
9.453560e-02
7.311823e-02
2.800535e-01
6.425840e-01
6.842519e-02
9.548736e-01
-2.864621e-01
7.845910e-02
2.800535e-01
6.425840e-01
6.842519e-02
1.152534e-01
9.453560e-02
7.311823e-02
1.155981e-01
9.472124e-02
7.077897e-02
9.574982e-01
-2.872494e-01
2.617097e-02
2.800535e-01
6.425840e-01
6.842519e-02
1.155981e-01
9.472124e-02
7.077897e-02
1.157133e-01
9.478324e-02
6.842519e-02
-2.848891e-01
-9.496303e-01
1.305390e-01
5.519526e-01
1.098360e+00
7.311823e-02
4.275794e-01
1.135693e+00
7.311563e-02
4.277788e-01
1.135323e+00
7.077897e-02
-2.872495e-01
-9.574982e-01
2.617097e-02
4.278408e-01
1.135208e+00
6.842519e-02
5.514927e-01
1.098113e+00
6.842519e-02
4.277788e-01
1.135323e+00
7.077897e-02
-2.869540e-01
-9.565133e-01
5.234193e-02
4.277788e-01
1.135323e+00
7.077897e-02
5.514927e-01
1.098113e+00
6.842519e-02
5.516078e-01
1.098175e+00
7.077897e-02
-2.857740e-01
-9.525798e-01
1.045225e-01
4.277788e-01
1.135323e+00
7.077897e-02
5.516078e-01
1.098175e+00
7.077897e-02
5.519526e-01
1.098360e+00
7.311823e-02
-2.752753e-01
-9.175845e-01
2.868139e-01
4.268328e-01
1.137080e+00
7.768501e-02
4.272433e-01
1.136318e+00
7.568286e-02
5.533209e-01
1.099097e+00
7.769570e-02
-2.788124e-01
-9.293748e-01
2.419219e-01
5.533209e-01
1.099097e+00
7.769570e-02
4.272433e-01
1.136318e+00
7.568286e-02
4.275352e-01
1.135776e+00
7.363465e-02
-2.835435e-01
-9.451451e-01
1.621847e-01
4.275794e-01
1.135693e+00
7.311563e-02
5.519526e-01
1.098360e+00
7.311823e-02
4.275352e-01
1.135776e+00
7.363465e-02
-2.822270e-01
-9.407566e-01
1.879492e-01
4.275352e-01
1.135776e+00
7.363465e-02
5.519526e-01
1.098360e+00
7.311823e-02
5.525248e-01
1.098668e+00
7.542856e-02
-2.790138e-01
-9.300459e-01
2.390938e-01
4.275352e-01
1.135776e+00
7.363465e-02
5.525248e-01
1.098668e+00
7.542856e-02
5.533209e-01
1.099097e+00
7.769570e-02
-2.611250e-01
-8.704167e-01
4.173590e-01
5.555642e-01
1.100305e+00
8.204491e-02
4.256484e-01
1.139280e+00
8.204491e-02
4.266277e-01
1.137461e+00
7.868581e-02
-2.722318e-01
-9.074395e-01
3.200679e-01
4.268328e-01
1.137080e+00
7.768501e-02
5.533209e-01
1.099097e+00
7.769570e-02
4.266277e-01
1.137461e+00
7.868581e-02
-2.697317e-01
-8.991058e-01
3.447514e-01
4.266277e-01
1.137461e+00
7.868581e-02
5.533209e-01
1.099097e+00
7.769570e-02
5.543362e-01
1.099644e+00
7.990570e-02
-2.641782e-01
-8.805941e-01
3.934005e-01
4.266277e-01
1.137461e+00
7.868581e-02
5.543362e-01
1.099644e+00
7.990570e-02
5.555642e-01
1.100305e+00
8.204491e-02
-2.537134e-01
-8.457112e-01
4.694700e-01
4.256484e-01
1.139280e+00
8.204491e-02
5.555642e-01
1.100305e+00
8.204491e-02
4.251459e-01
1.140213e+00
8.342520e-02
-2.500946e-01
-8.336485e-01
4.924255e-01
4.251459e-01
1.140213e+00
8.342520e-02
5.555642e-01
1.100305e+00
8.204491e-02
5.569974e-01
1.101077e+00
8.410015e-02
-2.423479e-01
-8.078265e-01
5.372931e-01
4.251459e-01
1.140213e+00
8.342520e-02
5.569974e-01
1.101077e+00
8.410015e-02
5.586269e-01
1.101954e+00
8.605875e-02
-2.190456e-01
-7.301519e-01
6.472227e-01
5.624338e-01
1.104004e+00
8.963840e-02
4.230883e-01
1.144034e+00
8.764956e-02
5.586269e-01
1.101954e+00
8.605875e-02
-2.284784e-01
-7.615947e-01
6.064414e-01
5.586269e-01
1.101954e+00
8.605875e-02
4.230883e-01
1.144034e+00
8.764956e-02
4.239992e-01
1.142342e+00
8.605875e-02
-2.382199e-01
-7.940664e-01
5.592046e-01
5.586269e-01
1.101954e+00
8.605875e-02
4.239992e-01
1.142342e+00
8.605875e-02
4.251459e-01
1.140213e+00
8.342520e-02
-1.859781e-01
-6.199271e-01
7.623008e-01
5.668911e-01
1.106404e+00
9.269571e-02
4.206159e-01
1.148626e+00
9.133702e-02
5.624338e-01
1.104004e+00
8.963840e-02
-1.971902e-01
-6.573005e-01
7.273734e-01
5.624338e-01
1.104004e+00
8.963840e-02
4.206159e-01
1.148626e+00
9.133702e-02
4.219494e-01
1.146149e+00
8.963840e-02
-2.090092e-01
-6.966974e-01
6.862418e-01
5.624338e-01
1.104004e+00
8.963840e-02
4.219494e-01
1.146149e+00
8.963840e-02
4.230883e-01
1.144034e+00
8.764956e-02
-1.479856e-01
-4.932855e-01
8.571871e-01
5.718890e-01
1.109095e+00
9.515539e-02
4.177549e-01
1.153939e+00
9.433572e-02
5.668911e-01
1.106404e+00
9.269571e-02
-1.606814e-01
-5.356045e-01
8.290411e-01
5.668911e-01
1.106404e+00
9.269571e-02
4.177549e-01
1.153939e+00
9.433572e-02
4.195493e-01
1.150607e+00
9.269571e-02
-1.742597e-01
-5.808656e-01
7.951280e-01
5.668911e-01
1.106404e+00
9.269571e-02
4.195493e-01
1.150607e+00
9.269571e-02
4.206159e-01
1.148626e+00
9.133702e-02
-1.060758e-01
-3.535862e-01
9.293679e-01
5.773045e-01
1.112011e+00
9.695689e-02
4.145898e-01
1.159817e+00
9.655675e-02
5.718890e-01
1.109095e+00
9.515539e-02
-1.199204e-01
-3.997345e-01
9.087527e-01
5.718890e-01
1.109095e+00
9.515539e-02
4.145898e-01
1.159817e+00
9.655675e-02
4.168581e-01
1.155604e+00
9.515539e-02
-1.348960e-01
-4.496533e-01
8.829581e-01
5.718890e-01
1.109095e+00
9.515539e-02
4.168581e-01
1.155604e+00
9.515539e-02
4.177549e-01
1.153939e+00
9.433572e-02
-6.136032e-02
-2.045344e-01
9.769343e-01
4.108730e-01
1.166720e+00
9.805585e-02
4.112138e-01
1.166087e+00
9.793383e-02
5.773045e-01
1.112011e+00
9.695689e-02
-7.598817e-02
-2.532939e-01
9.644004e-01
5.773045e-01
1.112011e+00
9.695689e-02
4.112138e-01
1.166087e+00
9.793383e-02
4.139421e-01
1.161020e+00
9.695689e-02
-9.196180e-02
-3.065393e-01
9.474052e-01
5.773045e-01
1.112011e+00
9.695689e-02
4.139421e-01
1.161020e+00
9.695689e-02
4.145898e-01
1.159817e+00
9.655675e-02
-5.972951e-02
-1.990983e-01
9.781576e-01
5.773045e-01
1.112011e+00
9.695689e-02
5.830043e-01
1.115080e+00
9.805585e-02
4.108730e-01
1.166720e+00
9.805585e-02
-3.004973e-02
-1.001658e-01
9.945168e-01
4.108730e-01
1.166720e+00
9.805585e-02
5.830043e-01
1.115080e+00
9.805585e-02
5.888479e-01
1.118227e+00
9.842519e-02
-1.502487e-02
-5.008289e-02
9.986320e-01
4.108730e-01
1.166720e+00
9.805585e-02
5.888479e-01
1.118227e+00
9.842519e-02
4.077264e-01
1.172563e+00
9.842519e-02
8.319923e-01
4.749005e-01
2.868073e-01
3.016405e-02
1.078575e+00
7.568286e-02
2.936949e-02
1.078803e+00
7.769570e-02
2.784662e-01
6.424029e-01
7.769570e-02
4.541107e-02
2.592060e-02
9.986320e-01
4.562410e-17
1.072701e+00
9.842519e-02
2.476225e-01
6.388837e-01
9.842519e-02
2.526958e-01
6.394626e-01
9.805585e-02
2.046113e-01
1.167920e-01
9.718508e-01
2.774336e-03
1.086424e+00
9.679797e-02
-1.622035e-16
1.087219e+00
9.754908e-02
-8.914186e-17
1.082115e+00
9.785708e-02
9.087437e-02
5.187102e-02
9.945105e-01
4.562410e-17
1.072701e+00
9.842519e-02
2.526958e-01
6.394626e-01
9.805585e-02
-8.914186e-17
1.082115e+00
9.785708e-02
1.805775e-01
1.030735e-01
9.781450e-01
-8.914186e-17
1.082115e+00
9.785708e-02
2.526958e-01
6.394626e-01
9.805585e-02
2.576442e-01
6.400272e-01
9.695689e-02
2.248127e-01
1.283229e-01
9.659154e-01
-8.914186e-17
1.082115e+00
9.785708e-02
2.576442e-01
6.400272e-01
9.695689e-02
2.774336e-03
1.086424e+00
9.679797e-02
4.730422e-01
2.700121e-01
8.386444e-01
2.623459e-01
6.405636e-01
9.515539e-02
2.666850e-01
6.410587e-01
9.269571e-02
1.436691e-02
1.083102e+00
9.269571e-02
4.472710e-01
2.553019e-01
8.571870e-01
1.436691e-02
1.083102e+00
9.269571e-02
1.068275e-02
1.084158e+00
9.433571e-02
2.623459e-01
6.405636e-01
9.515539e-02
4.077089e-01
2.327199e-01
8.829581e-01
2.623459e-01
6.405636e-01
9.515539e-02
1.068275e-02
1.084158e+00
9.433571e-02
8.841380e-03
1.084686e+00
9.515539e-02
3.532801e-01
2.016520e-01
9.135259e-01
2.623459e-01
6.405636e-01
9.515539e-02
8.841380e-03
1.084686e+00
9.515539e-02
2.576442e-01
6.400272e-01
9.695689e-02
3.206128e-01
1.830055e-01
9.293634e-01
2.576442e-01
6.400272e-01
9.695689e-02
8.841380e-03
1.084686e+00
9.515539e-02
4.123486e-03
1.086038e+00
9.643269e-02
2.778992e-01
1.586246e-01
9.474230e-01
2.576442e-01
6.400272e-01
9.695689e-02
4.123486e-03
1.086038e+00
9.643269e-02
2.774336e-03
1.086424e+00
9.679797e-02
6.749608e-01
3.852670e-01
6.292831e-01
2.705547e-01
6.415002e-01
8.963840e-02
2.738597e-01
6.418774e-01
8.605875e-02
2.350347e-02
1.080484e+00
8.605875e-02
6.620420e-01
3.778930e-01
6.472227e-01
2.350347e-02
1.080484e+00
8.605875e-02
2.163308e-02
1.081020e+00
8.764958e-02
2.705547e-01
6.415002e-01
8.963840e-02
6.317083e-01
3.605786e-01
6.862418e-01
2.705547e-01
6.415002e-01
8.963840e-02
2.163308e-02
1.081020e+00
8.764958e-02
1.929472e-02
1.081690e+00
8.963840e-02
5.811564e-01
3.317237e-01
7.431127e-01
2.705547e-01
6.415002e-01
8.963840e-02
1.929472e-02
1.081690e+00
8.963840e-02
2.666850e-01
6.410587e-01
9.269571e-02
5.620992e-01
3.208458e-01
7.623008e-01
2.666850e-01
6.410587e-01
9.269571e-02
1.929472e-02
1.081690e+00
8.963840e-02
1.655688e-02
1.082475e+00
9.133702e-02
5.266815e-01
3.006293e-01
7.951280e-01
2.666850e-01
6.410587e-01
9.269571e-02
1.655688e-02
1.082475e+00
9.133702e-02
1.436691e-02
1.083102e+00
9.269571e-02
8.108094e-01
4.628094e-01
3.583232e-01
2.784662e-01
6.424029e-01
7.769570e-02
2.936949e-02
1.078803e+00
7.769570e-02
2.765188e-01
6.421807e-01
8.204491e-02
8.071276e-01
4.607078e-01
3.691792e-01
2.936949e-02
1.078803e+00
7.769570e-02
2.890018e-02
1.078937e+00
7.868581e-02
2.765188e-01
6.421807e-01
8.204491e-02
7.892227e-01
4.504877e-01
4.173589e-01
2.765188e-01
6.421807e-01
8.204491e-02
2.890018e-02
1.078937e+00
7.868581e-02
2.688951e-02
1.079514e+00
8.204491e-02
7.521453e-01
4.293239e-01
4.999584e-01
2.765188e-01
6.421807e-01
8.204491e-02
2.688951e-02
1.079514e+00
8.204491e-02
2.738597e-01
6.418774e-01
8.605875e-02
7.444392e-01
4.249254e-01
5.150229e-01
2.738597e-01
6.418774e-01
8.605875e-02
2.688951e-02
1.079514e+00
8.204491e-02
2.585783e-02
1.079809e+00
8.342520e-02
7.199944e-01
4.109722e-01
5.592046e-01
2.738597e-01
6.418774e-01
8.605875e-02
2.585783e-02
1.079809e+00
8.342520e-02
2.350347e-02
1.080484e+00
8.605875e-02
8.426821e-01
4.810023e-01
2.419168e-01
3.016405e-02
1.078575e+00
7.568286e-02
2.784662e-01
6.424029e-01
7.769570e-02
3.073872e-02
1.078411e+00
7.363100e-02
8.484436e-01
4.842909e-01
2.135554e-01
3.073872e-02
1.078411e+00
7.363100e-02
2.784662e-01
6.424029e-01
7.769570e-02
2.796542e-01
6.425384e-01
7.311823e-02
8.569819e-01
4.891646e-01
1.621727e-01
3.073872e-02
1.078411e+00
7.363100e-02
2.796542e-01
6.425384e-01
7.311823e-02
3.088234e-02
1.078369e+00
7.311823e-02
8.672904e-01
4.950487e-01
5.228807e-02
2.800535e-01
6.425840e-01
6.842519e-02
3.139079e-02
1.078224e+00
6.842519e-02
2.796542e-01
6.425384e-01
7.311823e-02
8.658013e-01
4.941987e-01
7.845910e-02
2.796542e-01
6.425384e-01
7.311823e-02
3.139079e-02
1.078224e+00
6.842519e-02
3.126348e-02
1.078260e+00
7.077897e-02
8.610479e-01
4.914854e-01
1.305321e-01
2.796542e-01
6.425384e-01
7.311823e-02
3.126348e-02
1.078260e+00
7.077897e-02
3.088234e-02
1.078369e+00
7.311823e-02
9.544209e-01
-2.863263e-01
8.425020e-02
4.277788e-01
1.135323e+00
7.077897e-02
3.267647e-01
7.998742e-01
7.363465e-02
4.278408e-01
1.135208e+00
6.842519e-02
9.528629e-01
-2.858589e-01
1.016709e-01
4.278408e-01
1.135208e+00
6.842519e-02
3.267647e-01
7.998742e-01
7.363465e-02
3.268173e-01
7.993565e-01
7.234098e-02
9.552940e-01
-2.865882e-01
7.266822e-02
3.268173e-01
7.993565e-01
7.234098e-02
3.268549e-01
7.989860e-01
7.103987e-02
4.278408e-01
1.135208e+00
6.842519e-02
9.569146e-01
-2.870744e-01
4.361938e-02
4.278408e-01
1.135208e+00
6.842519e-02
3.268549e-01
7.989860e-01
7.103987e-02
3.268775e-01
7.987636e-01
6.973378e-02
9.577250e-01
-2.873175e-01
1.454287e-02
4.278408e-01
1.135208e+00
6.842519e-02
3.268775e-01
7.987636e-01
6.973378e-02
3.268851e-01
7.986892e-01
6.842519e-02
9.488867e-01
-2.846660e-01
1.363062e-01
4.277788e-01
1.135323e+00
7.077897e-02
4.275794e-01
1.135693e+00
7.311563e-02
3.267647e-01
7.998742e-01
7.363465e-02
9.442253e-01
-2.832676e-01
1.679228e-01
3.267647e-01
7.998742e-01
7.363465e-02
4.275794e-01
1.135693e+00
7.311563e-02
4.275352e-01
1.135776e+00
7.363465e-02
9.407561e-01
-2.822269e-01
1.879517e-01
3.267647e-01
7.998742e-01
7.363465e-02
4.275352e-01
1.135776e+00
7.363465e-02
3.266973e-01
8.005381e-01
7.491838e-02
9.266193e-01
-2.779858e-01
2.531809e-01
4.272433e-01
1.136318e+00
7.568286e-02
3.264073e-01
8.033928e-01
7.868581e-02
4.275352e-01
1.135776e+00
7.363465e-02
9.251891e-01
-2.775568e-01
2.588191e-01
4.275352e-01
1.135776e+00
7.363465e-02
3.264073e-01
8.033928e-01
7.868581e-02
3.266151e-01
8.013468e-01
7.618977e-02
9.351220e-01
-2.805366e-01
2.164396e-01
4.275352e-01
1.135776e+00
7.363465e-02
3.266151e-01
8.013468e-01
7.618977e-02
3.266973e-01
8.005381e-01
7.491838e-02
9.143257e-01
-2.742977e-01
2.979419e-01
4.272433e-01
1.136318e+00
7.568286e-02
4.268328e-01
1.137080e+00
7.768501e-02
3.264073e-01
8.033928e-01
7.868581e-02
9.038107e-01
-2.711432e-01
3.310705e-01
3.264073e-01
8.033928e-01
7.868581e-02
4.268328e-01
1.137080e+00
7.768501e-02
4.266277e-01
1.137461e+00
7.868581e-02
8.901564e-01
-2.670469e-01
3.691985e-01
3.264073e-01
8.033928e-01
7.868581e-02
4.266277e-01
1.137461e+00
7.868581e-02
3.261428e-01
8.059965e-01
8.110374e-02
8.680854e-01
-2.604256e-01
4.226183e-01
3.261428e-01
8.059965e-01
8.110374e-02
4.266277e-01
1.137461e+00
7.868581e-02
3.258236e-01
8.091382e-01
8.342520e-02
8.633047e-01
-2.589914e-01
4.331610e-01
4.266277e-01
1.137461e+00
7.868581e-02
4.256484e-01
1.139280e+00
8.204491e-02
3.258236e-01
8.091382e-01
8.342520e-02
8.377329e-01
-2.513199e-01
4.848112e-01
3.258236e-01
8.091382e-01
8.342520e-02
4.256484e-01
1.139280e+00
8.204491e-02
4.251459e-01
1.140213e+00
8.342520e-02
8.002868e-01
-2.400860e-01
5.494540e-01
3.258236e-01
8.091382e-01
8.342520e-02
4.251459e-01
1.140213e+00
8.342520e-02
3.250314e-01
8.169360e-01
8.770882e-02
7.813877e-01
-2.344163e-01
5.783443e-01
4.251459e-01
1.140213e+00
8.342520e-02
4.239992e-01
1.142342e+00
8.605875e-02
3.250314e-01
8.169360e-01
8.770882e-02
7.478673e-01
-2.243602e-01
6.247855e-01
3.250314e-01
8.169360e-01
8.770882e-02
4.239992e-01
1.142342e+00
8.605875e-02
4.230883e-01
1.144034e+00
8.764956e-02
6.967461e-01
-2.090238e-01
6.861879e-01
3.250314e-01
8.169360e-01
8.770882e-02
4.230883e-01
1.144034e+00
8.764956e-02
3.240548e-01
8.265492e-01
9.140653e-02
6.772909e-01
-2.031873e-01
7.071012e-01
4.230883e-01
1.144034e+00
8.764956e-02
4.219494e-01
1.146149e+00
8.963840e-02
3.240548e-01
8.265492e-01
9.140653e-02
6.367475e-01
-1.910243e-01
7.470357e-01
3.240548e-01
8.265492e-01
9.140653e-02
4.219494e-01
1.146149e+00
8.963840e-02
4.206159e-01
1.148626e+00
9.133702e-02
5.720187e-01
-1.716056e-01
8.020886e-01
3.240548e-01
8.265492e-01
9.140653e-02
4.206159e-01
1.148626e+00
9.133702e-02
3.229235e-01
8.376855e-01
9.440596e-02
5.539473e-01
-1.661842e-01
8.157973e-01
4.206159e-01
1.148626e+00
9.133702e-02
4.195493e-01
1.150607e+00
9.269571e-02
3.229235e-01
8.376855e-01
9.440596e-02
5.075423e-01
-1.522627e-01
8.480665e-01
3.229235e-01
8.376855e-01
9.440596e-02
4.195493e-01
1.150607e+00
9.269571e-02
4.177549e-01
1.153939e+00
9.433572e-02
4.299103e-01
-1.289731e-01
8.936124e-01
3.229235e-01
8.376855e-01
9.440596e-02
4.177549e-01
1.153939e+00
9.433572e-02
3.216718e-01
8.500067e-01
9.661597e-02
4.148752e-01
-1.244626e-01
9.013255e-01
4.177549e-01
1.153939e+00
9.433572e-02
4.168581e-01
1.155604e+00
9.515539e-02
3.216718e-01
8.500067e-01
9.661597e-02
3.639253e-01
-1.091776e-01
9.250073e-01
3.216718e-01
8.500067e-01
9.661597e-02
4.168581e-01
1.155604e+00
9.515539e-02
4.145898e-01
1.159817e+00
9.655675e-02
2.747439e-01
-8.242317e-02
9.579782e-01
3.216718e-01
8.500067e-01
9.661597e-02
4.145898e-01
1.159817e+00
9.655675e-02
3.203377e-01
8.631384e-01
9.796944e-02
2.640277e-01
-7.920831e-02
9.612572e-01
4.145898e-01
1.159817e+00
9.655675e-02
4.139421e-01
1.161020e+00
9.695689e-02
3.203377e-01
8.631384e-01
9.796944e-02
2.099799e-01
-6.299397e-02
9.756742e-01
3.203377e-01
8.631384e-01
9.796944e-02
4.139421e-01
1.161020e+00
9.695689e-02
4.112138e-01
1.166087e+00
9.793383e-02
1.112396e-01
-3.337189e-02
9.932331e-01
3.203377e-01
8.631384e-01
9.796944e-02
4.112138e-01
1.166087e+00
9.793383e-02
3.189619e-01
8.766817e-01
9.842519e-02
1.056928e-01
-3.170784e-02
9.938932e-01
3.189619e-01
8.766817e-01
9.842519e-02
4.112138e-01
1.166087e+00
9.793383e-02
4.108730e-01
1.166720e+00
9.805585e-02
5.008289e-02
-1.502487e-02
9.986320e-01
3.189619e-01
8.766817e-01
9.842519e-02
4.108730e-01
1.166720e+00
9.805585e-02
4.077264e-01
1.172563e+00
9.842519e-02
4.500346e-01
-8.357784e-01
3.145525e-01
1.441957e-01
1.140126e+00
7.618977e-02
1.445155e-01
1.141192e+00
7.868581e-02
2.890018e-02
1.078937e+00
7.868581e-02
3.786345e-01
-7.031783e-01
6.018108e-01
1.459851e-01
1.146090e+00
8.563249e-02
1.466325e-01
1.148248e+00
8.770882e-02
2.350347e-02
1.080484e+00
8.605875e-02
1.143450e-01
-2.123550e-01
9.704796e-01
3.628236e-17
1.087219e+00
9.754908e-02
2.774336e-03
1.086424e+00
9.679797e-02
1.538545e-01
1.172322e+00
9.796944e-02
1.306682e-01
-2.426694e-01
9.612686e-01
1.538545e-01
1.172322e+00
9.796944e-02
2.774336e-03
1.086424e+00
9.679797e-02
1.518018e-01
1.165479e+00
9.661597e-02
9.284485e-02
-1.724261e-01
9.806371e-01
3.628236e-17
1.087219e+00
9.754908e-02
1.538545e-01
1.172322e+00
9.796944e-02
4.802077e-17
1.089477e+00
9.796944e-02
5.507062e-02
-1.022740e-01
9.932307e-01
4.802077e-17
1.089477e+00
9.796944e-02
1.538545e-01
1.172322e+00
9.796944e-02
1.559715e-01
1.179378e+00
9.842519e-02
2.753531e-02
-5.113700e-02
9.983119e-01
4.802077e-17
1.089477e+00
9.796944e-02
1.559715e-01
1.179378e+00
9.842519e-02
-3.584390e-17
1.095394e+00
9.842519e-02
1.569208e-01
-2.914243e-01
9.436354e-01
2.774336e-03
1.086424e+00
9.679797e-02
4.123486e-03
1.086038e+00
9.643269e-02
1.518018e-01
1.165479e+00
9.661597e-02
1.801392e-01
-3.345442e-01
9.250027e-01
1.518018e-01
1.165479e+00
9.661597e-02
4.123486e-03
1.086038e+00
9.643269e-02
8.841380e-03
1.084686e+00
9.515539e-02
2.053615e-01
-3.813857e-01
9.013165e-01
1.518018e-01
1.165479e+00
9.661597e-02
8.841380e-03
1.084686e+00
9.515539e-02
1.498759e-01
1.159060e+00
9.440596e-02
2.298404e-01
-4.268464e-01
8.746288e-01
8.841380e-03
1.084686e+00
9.515539e-02
1.068275e-02
1.084158e+00
9.433571e-02
1.498759e-01
1.159060e+00
9.440596e-02
2.512207e-01
-4.665526e-01
8.480664e-01
1.498759e-01
1.159060e+00
9.440596e-02
1.068275e-02
1.084158e+00
9.433571e-02
1.436691e-02
1.083102e+00
9.269571e-02
2.741930e-01
-5.092155e-01
8.157927e-01
1.498759e-01
1.159060e+00
9.440596e-02
1.436691e-02
1.083102e+00
9.269571e-02
1.481351e-01
1.153257e+00
9.140653e-02
2.962108e-01
-5.501058e-01
7.807962e-01
1.436691e-02
1.083102e+00
9.269571e-02
1.655688e-02
1.082475e+00
9.133702e-02
1.481351e-01
1.153257e+00
9.140653e-02
3.151740e-01
-5.853230e-01
7.470357e-01
1.481351e-01
1.153257e+00
9.140653e-02
1.655688e-02
1.082475e+00
9.133702e-02
1.929472e-02
1.081690e+00
8.963840e-02
3.352392e-01
-6.225871e-01
7.071068e-01
1.481351e-01
1.153257e+00
9.140653e-02
1.929472e-02
1.081690e+00
8.963840e-02
1.466325e-01
1.148248e+00
8.770882e-02
3.541696e-01
-6.577435e-01
6.647838e-01
1.466325e-01
1.148248e+00
8.770882e-02
1.929472e-02
1.081690e+00
8.963840e-02
2.163308e-02
1.081020e+00
8.764958e-02
3.701754e-01
-6.874686e-01
6.247855e-01
1.466325e-01
1.148248e+00
8.770882e-02
2.163308e-02
1.081020e+00
8.764958e-02
2.350347e-02
1.080484e+00
8.605875e-02
3.945796e-01
-7.327907e-01
5.543687e-01
1.459851e-01
1.146090e+00
8.563249e-02
2.350347e-02
1.080484e+00
8.605875e-02
1.454136e-01
1.144185e+00
8.342520e-02
4.020630e-01
-7.466885e-01
5.299072e-01
1.454136e-01
1.144185e+00
8.342520e-02
2.350347e-02
1.080484e+00
8.605875e-02
2.585783e-02
1.079809e+00
8.342520e-02
4.146567e-01
-7.700766e-01
4.848112e-01
1.454136e-01
1.144185e+00
8.342520e-02
2.585783e-02
1.079809e+00
8.342520e-02
2.688951e-02
1.079514e+00
8.204491e-02
4.385411e-01
-8.144335e-01
3.799735e-01
2.890018e-02
1.078937e+00
7.868581e-02
1.445155e-01
1.141192e+00
7.868581e-02
2.688951e-02
1.079514e+00
8.204491e-02
4.331097e-01
-8.043466e-01
4.067464e-01
2.688951e-02
1.079514e+00
8.204491e-02
1.445155e-01
1.141192e+00
7.868581e-02
1.449225e-01
1.142548e+00
8.110374e-02
4.211671e-01
-7.821674e-01
4.591648e-01
2.688951e-02
1.079514e+00
8.204491e-02
1.449225e-01
1.142548e+00
8.110374e-02
1.454136e-01
1.144185e+00
8.342520e-02
4.517401e-01
-8.389460e-01
3.034805e-01
2.890018e-02
1.078937e+00
7.868581e-02
2.936949e-02
1.078803e+00
7.769570e-02
1.441957e-01
1.140126e+00
7.618977e-02
4.564869e-01
-8.477613e-01
2.700381e-01
1.441957e-01
1.140126e+00
7.618977e-02
2.936949e-02
1.078803e+00
7.769570e-02
3.016405e-02
1.078575e+00
7.568286e-02
4.619482e-01
-8.579036e-01
2.249562e-01
1.441957e-01
1.140126e+00
7.618977e-02
3.016405e-02
1.078575e+00
7.568286e-02
1.439655e-01
1.139358e+00
7.363465e-02
4.648560e-01
-8.633040e-01
1.965073e-01
1.439655e-01
1.139358e+00
7.363465e-02
3.016405e-02
1.078575e+00
7.568286e-02
3.073872e-02
1.078411e+00
7.363100e-02
4.690940e-01
-8.711744e-01
1.449348e-01
1.439655e-01
1.139358e+00
7.363465e-02
3.073872e-02
1.078411e+00
7.363100e-02
1.438267e-01
1.138896e+00
7.103987e-02
4.739374e-01
-8.801695e-01
2.617097e-02
3.126348e-02
1.078260e+00
7.077897e-02
3.139079e-02
1.078224e+00
6.842519e-02
1.437803e-01
1.138741e+00
6.842519e-02
4.722959e-01
-8.771210e-01
8.715052e-02
1.438267e-01
1.138896e+00
7.103987e-02
3.073872e-02
1.078411e+00
7.363100e-02
1.437803e-01
1.138741e+00
6.842519e-02
4.712038e-01
-8.750927e-01
1.103620e-01
1.437803e-01
1.138741e+00
6.842519e-02
3.073872e-02
1.078411e+00
7.363100e-02
3.088234e-02
1.078369e+00
7.311823e-02
4.726383e-01
-8.777568e-01
7.845909e-02
1.437803e-01
1.138741e+00
6.842519e-02
3.088234e-02
1.078369e+00
7.311823e-02
3.126348e-02
1.078260e+00
7.077897e-02
-8.803780e-01
-4.740497e-01
1.454287e-02
1.437803e-01
1.138741e+00
6.842519e-02
3.268851e-01
7.986892e-01
6.842519e-02
3.268775e-01
7.987636e-01
6.973378e-02
-8.796331e-01
-4.736486e-01
4.361939e-02
3.268775e-01
7.987636e-01
6.973378e-02
3.268549e-01
7.989860e-01
7.103987e-02
1.437803e-01
1.138741e+00
6.842519e-02
-8.781433e-01
-4.728463e-01
7.266821e-02
1.437803e-01
1.138741e+00
6.842519e-02
3.268549e-01
7.989860e-01
7.103987e-02
3.268173e-01
7.993565e-01
7.234098e-02
-8.781433e-01
-4.728464e-01
7.266821e-02
1.437803e-01
1.138741e+00
6.842519e-02
3.268173e-01
7.993565e-01
7.234098e-02
1.438267e-01
1.138896e+00
7.103987e-02
-8.729385e-01
-4.700438e-01
1.305262e-01
1.438267e-01
1.138896e+00
7.103987e-02
3.268173e-01
7.993565e-01
7.234098e-02
3.267647e-01
7.998742e-01
7.363465e-02
-8.711737e-01
-4.690936e-01
1.449400e-01
1.438267e-01
1.138896e+00
7.103987e-02
3.267647e-01
7.998742e-01
7.363465e-02
1.439655e-01
1.139358e+00
7.363465e-02
-8.647795e-01
-4.656505e-01
1.879517e-01
3.267647e-01
7.998742e-01
7.363465e-02
3.266973e-01
8.005381e-01
7.491838e-02
1.439655e-01
1.139358e+00
7.363465e-02
-8.596004e-01
-4.628617e-01
2.164396e-01
1.439655e-01
1.139358e+00
7.363465e-02
3.266973e-01
8.005381e-01
7.491838e-02
3.266151e-01
8.013468e-01
7.618977e-02
-8.567362e-01
-4.613195e-01
2.306239e-01
1.439655e-01
1.139358e+00
7.363465e-02
3.266151e-01
8.013468e-01
7.618977e-02
1.441957e-01
1.140126e+00
7.618977e-02
-8.434842e-01
-4.541838e-01
2.867954e-01
1.441957e-01
1.140126e+00
7.618977e-02
3.266151e-01
8.013468e-01
7.618977e-02
3.264073e-01
8.033928e-01
7.868581e-02
-8.357784e-01
-4.500346e-01
3.145525e-01
1.441957e-01
1.140126e+00
7.618977e-02
3.264073e-01
8.033928e-01
7.868581e-02
1.445155e-01
1.141192e+00
7.868581e-02
-8.182663e-01
-4.406050e-01
3.691986e-01
1.445155e-01
1.141192e+00
7.868581e-02
3.264073e-01
8.033928e-01
7.868581e-02
3.261428e-01
8.059965e-01
8.110374e-02
-8.084599e-01
-4.353245e-01
3.960873e-01
1.445155e-01
1.141192e+00
7.868581e-02
3.261428e-01
8.059965e-01
8.110374e-02
1.449225e-01
1.142548e+00
8.110374e-02
-7.868209e-01
-4.236729e-01
4.487919e-01
1.449225e-01
1.142548e+00
8.110374e-02
3.261428e-01
8.059965e-01
8.110374e-02
3.258236e-01
8.091382e-01
8.342520e-02
-7.749885e-01
-4.173015e-01
4.746076e-01
1.449225e-01
1.142548e+00
8.110374e-02
3.258236e-01
8.091382e-01
8.342520e-02
1.454136e-01
1.144185e+00
8.342520e-02
-7.493874e-01
-4.035163e-01
5.249696e-01
1.454136e-01
1.144185e+00
8.342520e-02
3.258236e-01
8.091382e-01
8.342520e-02
1.459851e-01
1.146090e+00
8.563249e-02
-7.212397e-01
-3.883598e-01
5.735765e-01
1.459851e-01
1.146090e+00
8.563249e-02
3.258236e-01
8.091382e-01
8.342520e-02
3.250314e-01
8.169360e-01
8.770882e-02
-6.906508e-01
-3.718889e-01
6.202419e-01
1.459851e-01
1.146090e+00
8.563249e-02
3.250314e-01
8.169360e-01
8.770882e-02
1.466325e-01
1.148248e+00
8.770882e-02
-6.404712e-01
-3.448691e-01
6.861937e-01
1.466325e-01
1.148248e+00
8.770882e-02
3.250314e-01
8.169360e-01
8.770882e-02
3.240548e-01
8.265492e-01
9.140653e-02
-6.041738e-01
-3.253243e-01
7.274188e-01
1.466325e-01
1.148248e+00
8.770882e-02
3.240548e-01
8.265492e-01
9.140653e-02
1.481351e-01
1.153257e+00
9.140653e-02
-5.258273e-01
-2.831378e-01
8.020839e-01
1.481351e-01
1.153257e+00
9.140653e-02
3.240548e-01
8.265492e-01
9.140653e-02
3.229235e-01
8.376855e-01
9.440596e-02
-4.837784e-01
-2.604961e-01
8.355240e-01
1.481351e-01
1.153257e+00
9.140653e-02
3.229235e-01
8.376855e-01
9.440596e-02
1.498759e-01
1.159060e+00
9.440596e-02
-3.952065e-01
-2.128035e-01
8.936031e-01
1.498759e-01
1.159060e+00
9.440596e-02
3.229235e-01
8.376855e-01
9.440596e-02
3.216718e-01
8.500067e-01
9.661597e-02
-3.486836e-01
-1.877527e-01
9.182422e-01
1.498759e-01
1.159060e+00
9.440596e-02
3.216718e-01
8.500067e-01
9.661597e-02
1.518018e-01
1.165479e+00
9.661597e-02
-2.525775e-01
-1.360033e-01
9.579706e-01
1.518018e-01
1.165479e+00
9.661597e-02
3.216718e-01
8.500067e-01
9.661597e-02
3.203377e-01
8.631384e-01
9.796944e-02
-2.029942e-01
-1.093046e-01
9.730600e-01
1.518018e-01
1.165479e+00
9.661597e-02
3.203377e-01
8.631384e-01
9.796944e-02
1.538545e-01
1.172322e+00
9.796944e-02
-1.022740e-01
-5.507062e-02
9.932307e-01
1.538545e-01
1.172322e+00
9.796944e-02
3.203377e-01
8.631384e-01
9.796944e-02
3.189619e-01
8.766817e-01
9.842519e-02
-5.113700e-02
-2.753531e-02
9.983119e-01
1.538545e-01
1.172322e+00
9.796944e-02
3.189619e-01
8.766817e-01
9.842519e-02
1.559715e-01
1.179378e+00
9.842519e-02
