0.000000e+00
0.000000e+00
1.000000e+00
2.040006e-01
1.766654e+00
9.842519e-02
2.946994e-01
1.566200e+00
9.842519e-02
3.816659e-01
1.766654e+00
9.842519e-02
0.000000e+00
0.000000e+00
1.000000e+00
5.905512e-01
1.766654e+00
9.842519e-02
5.905512e-01
1.771654e+00
9.842519e-02
3.816659e-01
1.766654e+00
9.842519e-02
0.000000e+00
0.000000e+00
1.000000e+00
3.816659e-01
1.766654e+00
9.842519e-02
5.905512e-01
1.771654e+00
9.842519e-02
0.000000e+00
1.771654e+00
9.842519e-02
0.000000e+00
0.000000e+00
1.000000e+00
3.816659e-01
1.766654e+00
9.842519e-02
0.000000e+00
1.771654e+00
9.842519e-02
2.040006e-01
1.766654e+00
9.842519e-02
0.000000e+00
0.000000e+00
1.000000e+00
2.040006e-01
1.766654e+00
9.842519e-02
0.000000e+00
1.771654e+00
9.842519e-02
0.000000e+00
1.766654e+00
9.842519e-02
-1.000000e+00
0.000000e+00
0.000000e+00
-2.412049e-16
1.752547e+00
9.783930e-02
0.000000e+00
1.759233e+00
9.749302e-02
0.000000e+00
1.771654e+00
0.000000e+00
-1.000000e+00
0.000000e+00
0.000000e+00
-2.412049e-16
1.752547e+00
9.783930e-02
0.000000e+00
1.771654e+00
0.000000e+00
0.000000e+00
1.741233e+00
9.842519e-02
-1.000000e+00
0.000000e+00
0.000000e+00
0.000000e+00
1.741233e+00
9.842519e-02
0.000000e+00
1.771654e+00
0.000000e+00
0.000000e+00
0.000000e+00
0.000000e+00
-1.000000e+00
0.000000e+00
0.000000e+00
0.000000e+00
1.741233e+00
9.842519e-02
0.000000e+00
0.000000e+00
0.000000e+00
0.000000e+00
0.000000e+00
9.842519e-02
-1.000000e+00
0.000000e+00
0.000000e+00
0.000000e+00
1.759233e+00
9.749302e-02
0.000000e+00
1.761444e+00
9.796944e-02
0.000000e+00
1.771654e+00
0.000000e+00
-1.000000e+00
0.000000e+00
0.000000e+00
0.000000e+00
1.771654e+00
0.000000e+00
0.000000e+00
1.761444e+00
9.796944e-02
0.000000e+00
1.766654e+00
9.842519e-02
-1.000000e+00
0.000000e+00
0.000000e+00
0.000000e+00
1.771654e+00
0.000000e+00
0.000000e+00
1.766654e+00
9.842519e-02
0.000000e+00
1.771654e+00
9.842519e-02
0.000000e+00
-1.000000e+00
0.000000e+00
5.905512e-01
0.000000e+00
9.842519e-02
0.000000e+00
0.000000e+00
9.842519e-02
5.905512e-01
0.000000e+00
0.000000e+00
0.000000e+00
-1.000000e+00
0.000000e+00
5.905512e-01
0.000000e+00
0.000000e+00
0.000000e+00
0.000000e+00
9.842519e-02
0.000000e+00
0.000000e+00
0.000000e+00
1.000000e+00
0.000000e+00
0.000000e+00
5.905512e-01
1.771654e+00
9.842519e-02
5.905512e-01
1.766654e+00
9.842519e-02
5.905512e-01
1.771654e+00
0.000000e+00
1.000000e+00
0.000000e+00
0.000000e+00
5.905512e-01
1.771654e+00
0.000000e+00
5.905512e-01
1.766654e+00
9.842519e-02
5.905512e-01
1.761444e+00
9.796944e-02
1.000000e+00
0.000000e+00
0.000000e+00
5.905512e-01
1.771654e+00
0.000000e+00
5.905512e-01
1.761444e+00
9.796944e-02
5.905512e-01
1.759233e+00
9.749302e-02
1.000000e+00
0.000000e+00
0.000000e+00
5.905512e-01
0.000000e+00
9.842519e-02
5.905512e-01
0.000000e+00
0.000000e+00
5.905512e-01
1.741233e+00
9.842519e-02
1.000000e+00
0.000000e+00
0.000000e+00
5.905512e-01
1.741233e+00
9.842519e-02
5.905512e-01
0.000000e+00
0.000000e+00
5.905512e-01
1.771654e+00
0.000000e+00
1.000000e+00
0.000000e+00
0.000000e+00
5.905512e-01
1.741233e+00
9.842519e-02
5.905512e-01
1.771654e+00
0.000000e+00
5.905512e-01
1.752547e+00
9.783930e-02
1.000000e+00
0.000000e+00
0.000000e+00
5.905512e-01
1.752547e+00
9.783930e-02
5.905512e-01
1.771654e+00
0.000000e+00
5.905512e-01
1.759233e+00
9.749302e-02
0.000000e+00
1.000000e+00
0.000000e+00
0.000000e+00
1.771654e+00
9.842519e-02
5.905512e-01
1.771654e+00
9.842519e-02
0.000000e+00
1.771654e+00
0.000000e+00
0.000000e+00
1.000000e+00
0.000000e+00
0.000000e+00
1.771654e+00
0.000000e+00
5.905512e-01
1.771654e+00
9.842519e-02
5.905512e-01
1.771654e+00
0.000000e+00
0.000000e+00
0.000000e+00
1.000000e+00
1.902756e-01
1.320704e+00
9.842519e-02
0.000000e+00
1.741233e+00
9.842519e-02
1.902756e-01
5.561811e-01
9.842519e-02
0.000000e+00
0.000000e+00
1.000000e+00
1.902756e-01
5.561811e-01
9.842519e-02
0.000000e+00
1.741233e+00
9.842519e-02
0.000000e+00
0.000000e+00
9.842519e-02
0.000000e+00
0.000000e+00
1.000000e+00
1.902756e-01
5.561811e-01
9.842519e-02
0.000000e+00
0.000000e+00
9.842519e-02
4.002756e-01
5.561811e-01
9.842519e-02
0.000000e+00
0.000000e+00
1.000000e+00
4.002756e-01
5.561811e-01
9.842519e-02
0.000000e+00
0.000000e+00
9.842519e-02
5.905512e-01
0.000000e+00
9.842519e-02
0.000000e+00
0.000000e+00
1.000000e+00
4.002756e-01
5.561811e-01
9.842519e-02
5.905512e-01
0.000000e+00
9.842519e-02
4.002756e-01
1.320704e+00
9.842519e-02
0.000000e+00
0.000000e+00
1.000000e+00
4.002756e-01
1.320704e+00
9.842519e-02
5.905512e-01
0.000000e+00
9.842519e-02
5.905512e-01
1.741233e+00
9.842519e-02
0.000000e+00
0.000000e+00
-1.000000e+00
1.846466e-01
1.736653e+00
0.000000e+00
3.500000e-02
1.736653e+00
0.000000e+00
0.000000e+00
1.771654e+00
0.000000e+00
0.000000e+00
0.000000e+00
-1.000000e+00
4.013521e-01
1.736653e+00
0.000000e+00
2.952756e-01
1.492152e+00
0.000000e+00
1.846466e-01
1.736653e+00
0.000000e+00
0.000000e+00
0.000000e+00
-1.000000e+00
3.500000e-02
1.736653e+00
0.000000e+00
2.202756e-01
1.327175e+00
0.000000e+00
0.000000e+00
1.771654e+00
0.000000e+00
0.000000e+00
0.000000e+00
-1.000000e+00
0.000000e+00
1.771654e+00
0.000000e+00
2.202756e-01
1.327175e+00
0.000000e+00
2.202756e-01
5.861811e-01
0.000000e+00
0.000000e+00
0.000000e+00
-1.000000e+00
0.000000e+00
1.771654e+00
0.000000e+00
2.202756e-01
5.861811e-01
0.000000e+00
0.000000e+00
0.000000e+00
0.000000e+00
0.000000e+00
0.000000e+00
-1.000000e+00
0.000000e+00
0.000000e+00
0.000000e+00
2.202756e-01
5.861811e-01
0.000000e+00
5.905512e-01
0.000000e+00
0.000000e+00
0.000000e+00
0.000000e+00
-1.000000e+00
5.905512e-01
0.000000e+00
0.000000e+00
2.202756e-01
5.861811e-01
0.000000e+00
3.702756e-01
5.861811e-01
0.000000e+00
0.000000e+00
0.000000e+00
-1.000000e+00
5.905512e-01
0.000000e+00
0.000000e+00
3.702756e-01
5.861811e-01
0.000000e+00
5.905512e-01
1.771654e+00
0.000000e+00
0.000000e+00
0.000000e+00
-1.000000e+00
1.846466e-01
1.736653e+00
0.000000e+00
0.000000e+00
1.771654e+00
0.000000e+00
4.013521e-01
1.736653e+00
0.000000e+00
0.000000e+00
0.000000e+00
-1.000000e+00
4.013521e-01
1.736653e+00
0.000000e+00
0.000000e+00
1.771654e+00
0.000000e+00
5.905512e-01
1.771654e+00
0.000000e+00
0.000000e+00
0.000000e+00
-1.000000e+00
4.013521e-01
1.736653e+00
0.000000e+00
5.905512e-01
1.771654e+00
0.000000e+00
5.555512e-01
1.736653e+00
0.000000e+00
0.000000e+00
0.000000e+00
-1.000000e+00
5.555512e-01
1.736653e+00
0.000000e+00
5.905512e-01
1.771654e+00
0.000000e+00
3.702756e-01
5.861811e-01
0.000000e+00
0.000000e+00
0.000000e+00
-1.000000e+00
5.555512e-01
1.736653e+00
0.000000e+00
3.702756e-01
5.861811e-01
0.000000e+00
3.702756e-01
1.327175e+00
0.000000e+00
0.000000e+00
1.000000e+00
0.000000e+00
3.702756e-01
5.861811e-01
6.842519e-02
3.702756e-01
5.861811e-01
0.000000e+00
2.202756e-01
5.861811e-01
6.842519e-02
0.000000e+00
1.000000e+00
0.000000e+00
2.202756e-01
5.861811e-01
6.842519e-02
3.702756e-01
5.861811e-01
0.000000e+00
2.202756e-01
5.861811e-01
0.000000e+00
1.000000e+00
-3.225892e-16
0.000000e+00
2.202756e-01
5.861811e-01
6.842519e-02
2.202756e-01
5.861811e-01
0.000000e+00
2.202756e-01
1.327175e+00
6.842519e-02
1.000000e+00
-3.225892e-16
0.000000e+00
2.202756e-01
1.327175e+00
6.842519e-02
2.202756e-01
5.861811e-01
0.000000e+00
2.202756e-01
1.327175e+00
0.000000e+00
9.110784e-01
4.122332e-01
0.000000e+00
2.202756e-01
1.327175e+00
6.842519e-02
2.202756e-01
1.327175e+00
5.335641e-19
3.500000e-02
1.736653e+00
6.842519e-02
9.110784e-01
4.122332e-01
0.000000e+00
3.500000e-02
1.736653e+00
6.842519e-02
2.202756e-01
1.327175e+00
5.335641e-19
3.500000e-02
1.736653e+00
5.335641e-19
0.000000e+00
-1.000000e+00
0.000000e+00
3.500000e-02
1.736653e+00
6.842519e-02
3.500000e-02
1.736653e+00
0.000000e+00
1.846466e-01
1.736653e+00
6.842519e-02
0.000000e+00
-1.000000e+00
0.000000e+00
1.846466e-01
1.736653e+00
6.842519e-02
3.500000e-02
1.736653e+00
0.000000e+00
1.846466e-01
1.736653e+00
0.000000e+00
-9.110784e-01
-4.122332e-01
0.000000e+00
1.846466e-01
1.736653e+00
6.842519e-02
1.846466e-01
1.736653e+00
0.000000e+00
2.952756e-01
1.492152e+00
6.842519e-02
-9.110784e-01
-4.122332e-01
0.000000e+00
2.952756e-01
1.492152e+00
6.842519e-02
1.846466e-01
1.736653e+00
0.000000e+00
2.952756e-01
1.492152e+00
0.000000e+00
9.173834e-01
-3.980049e-01
0.000000e+00
2.952756e-01
1.492152e+00
6.842519e-02
2.952756e-01
1.492152e+00
0.000000e+00
4.013521e-01
1.736653e+00
6.842519e-02
9.173834e-01
-3.980049e-01
0.000000e+00
4.013521e-01
1.736653e+00
6.842519e-02
2.952756e-01
1.492152e+00
0.000000e+00
4.013521e-01
1.736653e+00
0.000000e+00
0.000000e+00
-1.000000e+00
0.000000e+00
4.013521e-01
1.736653e+00
6.842519e-02
4.013521e-01
1.736653e+00
0.000000e+00
5.555512e-01
1.736653e+00
6.842519e-02
0.000000e+00
-1.000000e+00
0.000000e+00
5.555512e-01
1.736653e+00
6.842519e-02
4.013521e-01
1.736653e+00
0.000000e+00
5.555512e-01
1.736653e+00
0.000000e+00
-9.110784e-01
4.122332e-01
0.000000e+00
5.555512e-01
1.736653e+00
6.842519e-02
5.555512e-01
1.736653e+00
0.000000e+00
3.702756e-01
1.327175e+00
6.842519e-02
-9.110784e-01
4.122332e-01
0.000000e+00
3.702756e-01
1.327175e+00
6.842519e-02
5.555512e-01
1.736653e+00
0.000000e+00
3.702756e-01
1.327175e+00
0.000000e+00
-1.000000e+00
3.686734e-16
0.000000e+00
3.702756e-01
1.327175e+00
6.842519e-02
3.702756e-01
1.327175e+00
0.000000e+00
3.702756e-01
5.861811e-01
6.842519e-02
-1.000000e+00
3.686734e-16
0.000000e+00
3.702756e-01
5.861811e-01
6.842519e-02
3.702756e-01
1.327175e+00
0.000000e+00
3.702756e-01
5.861811e-01
0.000000e+00
-2.511646e-01
-1.136438e-01
9.612499e-01
1.973811e-01
1.756393e+00
9.661597e-02
2.948774e-01
1.543318e+00
9.695689e-02
2.006398e-01
1.761444e+00
9.796944e-02
-1.997961e-01
-9.040120e-02
9.756583e-01
2.006398e-01
1.761444e+00
9.796944e-02
2.948774e-01
1.543318e+00
9.695689e-02
2.947983e-01
1.553487e+00
9.760942e-02
-1.058762e-01
-4.790551e-02
9.932247e-01
2.006398e-01
1.761444e+00
9.796944e-02
2.947983e-01
1.553487e+00
9.760942e-02
2.040006e-01
1.766654e+00
9.842519e-02
-1.006001e-01
-4.551824e-02
9.938852e-01
2.040006e-01
1.766654e+00
9.842519e-02
2.947983e-01
1.553487e+00
9.760942e-02
2.947884e-01
1.554759e+00
9.769104e-02
-4.763854e-02
-2.155488e-02
9.986320e-01
2.040006e-01
1.766654e+00
9.842519e-02
2.947884e-01
1.554759e+00
9.769104e-02
2.946994e-01
1.566200e+00
9.842519e-02
-3.946436e-01
-1.785633e-01
9.013165e-01
1.943236e-01
1.751654e+00
9.440596e-02
2.949578e-01
1.532997e+00
9.482630e-02
1.973811e-01
1.756393e+00
9.661597e-02
-3.460629e-01
-1.565822e-01
9.250527e-01
1.973811e-01
1.756393e+00
9.661597e-02
2.949578e-01
1.532997e+00
9.482630e-02
2.948953e-01
1.541027e+00
9.648397e-02
-3.015001e-01
-1.364189e-01
9.436565e-01
1.973811e-01
1.756393e+00
9.661597e-02
2.948953e-01
1.541027e+00
9.648397e-02
2.948774e-01
1.543318e+00
9.695689e-02
-5.269170e-01
-2.384127e-01
8.157927e-01
1.915601e-01
1.747370e+00
9.140653e-02
2.950381e-01
1.522676e+00
9.269571e-02
1.943236e-01
1.751654e+00
9.440596e-02
-4.828963e-01
-2.184948e-01
8.479806e-01
1.943236e-01
1.751654e+00
9.440596e-02
2.950381e-01
1.522676e+00
9.269571e-02
2.949845e-01
1.529554e+00
9.411559e-02
-4.418137e-01
-1.999062e-01
8.745503e-01
1.943236e-01
1.751654e+00
9.440596e-02
2.949845e-01
1.529554e+00
9.411559e-02
2.949578e-01
1.532997e+00
9.482630e-02
-8.827161e-01
-3.994002e-01
2.475718e-01
1.849406e-01
1.737109e+00
7.363465e-02
2.952474e-01
1.495776e+00
7.769570e-02
1.853061e-01
1.737676e+00
7.618977e-02
-8.681097e-01
-3.927913e-01
3.034805e-01
1.853061e-01
1.737676e+00
7.618977e-02
2.952474e-01
1.495776e+00
7.769570e-02
2.952408e-01
1.496618e+00
7.868581e-02
-8.648321e-01
-3.913083e-01
3.145525e-01
1.853061e-01
1.737676e+00
7.618977e-02
2.952408e-01
1.496618e+00
7.868581e-02
1.858138e-01
1.738463e+00
7.868581e-02
-8.427451e-01
-3.813146e-01
3.799735e-01
1.858138e-01
1.738463e+00
7.868581e-02
2.952408e-01
1.496618e+00
7.868581e-02
2.952128e-01
1.500223e+00
8.204491e-02
-8.323076e-01
-3.765920e-01
4.067464e-01
1.858138e-01
1.738463e+00
7.868581e-02
2.952128e-01
1.500223e+00
8.204491e-02
1.864599e-01
1.739464e+00
8.110374e-02
-8.093575e-01
-3.662078e-01
4.591648e-01
1.864599e-01
1.739464e+00
8.110374e-02
2.952128e-01
1.500223e+00
8.204491e-02
2.951984e-01
1.502072e+00
8.342520e-02
-8.019289e-01
-3.628466e-01
4.746076e-01
1.864599e-01
1.739464e+00
8.110374e-02
2.951984e-01
1.502072e+00
8.342520e-02
1.872395e-01
1.740673e+00
8.342520e-02
-7.726370e-01
-3.495930e-01
5.299215e-01
1.872395e-01
1.740673e+00
8.342520e-02
2.951984e-01
1.502072e+00
8.342520e-02
2.951638e-01
1.506515e+00
8.599557e-02
-7.582557e-01
-3.430859e-01
5.543828e-01
1.872395e-01
1.740673e+00
8.342520e-02
2.951638e-01
1.506515e+00
8.599557e-02
1.881467e-01
1.742079e+00
8.563249e-02
-7.276132e-01
-3.292212e-01
6.018243e-01
1.881467e-01
1.742079e+00
8.563249e-02
2.951638e-01
1.506515e+00
8.599557e-02
2.951408e-01
1.509476e+00
8.770882e-02
-7.146595e-01
-3.233601e-01
6.202420e-01
1.881467e-01
1.742079e+00
8.563249e-02
2.951408e-01
1.509476e+00
8.770882e-02
1.891746e-01
1.743672e+00
8.770882e-02
-6.806400e-01
-3.079674e-01
6.647445e-01
1.891746e-01
1.743672e+00
8.770882e-02
2.951408e-01
1.509476e+00
8.770882e-02
2.951041e-01
1.514189e+00
8.948942e-02
-6.442688e-01
-2.915106e-01
7.070638e-01
1.891746e-01
1.743672e+00
8.770882e-02
2.951041e-01
1.514189e+00
8.948942e-02
1.915601e-01
1.747370e+00
9.140653e-02
-6.056618e-01
-2.740422e-01
7.470440e-01
1.915601e-01
1.747370e+00
9.140653e-02
2.951041e-01
1.514189e+00
8.948942e-02
2.950674e-01
1.518906e+00
9.127147e-02
-5.691768e-01
-2.575339e-01
7.808419e-01
1.915601e-01
1.747370e+00
9.140653e-02
2.950674e-01
1.518906e+00
9.127147e-02
2.950381e-01
1.522676e+00
9.269571e-02
-9.103760e-01
-4.119154e-01
3.925982e-02
2.952738e-01
1.492380e+00
7.077897e-02
1.846466e-01
1.736653e+00
6.842519e-02
2.952752e-01
1.492209e+00
6.960300e-02
-9.110003e-01
-4.121979e-01
1.308885e-02
2.952752e-01
1.492209e+00
6.960300e-02
1.846466e-01
1.736653e+00
6.842519e-02
2.952756e-01
1.492152e+00
6.842519e-02
-9.091272e-01
-4.113503e-01
6.541059e-02
2.952738e-01
1.492380e+00
7.077897e-02
2.952716e-01
1.492665e+00
7.195132e-02
1.846466e-01
1.736653e+00
6.842519e-02
-9.072542e-01
-4.105029e-01
9.152772e-02
1.846466e-01
1.736653e+00
6.842519e-02
2.952716e-01
1.492665e+00
7.195132e-02
2.952685e-01
1.493064e+00
7.311823e-02
-9.080576e-01
-4.108664e-01
8.136463e-02
1.846466e-01
1.736653e+00
6.842519e-02
2.952685e-01
1.493064e+00
7.311823e-02
1.847202e-01
1.736768e+00
7.103987e-02
-9.022112e-01
-4.082211e-01
1.391784e-01
1.847202e-01
1.736768e+00
7.103987e-02
2.952685e-01
1.493064e+00
7.311823e-02
2.952668e-01
1.493277e+00
7.363465e-02
-9.014578e-01
-4.078802e-01
1.449400e-01
1.847202e-01
1.736768e+00
7.103987e-02
2.952668e-01
1.493277e+00
7.363465e-02
1.849406e-01
1.737109e+00
7.363465e-02
-8.933135e-01
-4.041952e-01
1.965125e-01
1.849406e-01
1.737109e+00
7.363465e-02
2.952668e-01
1.493277e+00
7.363465e-02
2.952585e-01
1.494352e+00
7.568286e-02
-8.840154e-01
-3.999881e-01
2.419219e-01
1.849406e-01
1.737109e+00
7.363465e-02
2.952585e-01
1.494352e+00
7.568286e-02
2.952474e-01
1.495776e+00
7.769570e-02
8.847197e-01
-3.838338e-01
2.644666e-01
4.010530e-01
1.737109e+00
7.363465e-02
4.003886e-01
1.738122e+00
7.769570e-02
2.952474e-01
1.495776e+00
7.769570e-02
8.336645e-01
-3.616837e-01
4.173589e-01
4.001649e-01
1.738463e+00
7.868581e-02
3.992064e-01
1.739923e+00
8.204491e-02
2.952128e-01
1.500223e+00
8.204491e-02
7.605411e-01
-3.299592e-01
5.591995e-01
3.986686e-01
1.740743e+00
8.338231e-02
3.975924e-01
1.742383e+00
8.605875e-02
2.951638e-01
1.506515e+00
8.599557e-02
6.673135e-01
-2.895126e-01
6.862035e-01
3.967464e-01
1.743672e+00
8.770882e-02
3.955332e-01
1.745521e+00
8.955768e-02
2.951041e-01
1.514189e+00
8.948942e-02
5.563594e-01
-2.413754e-01
7.951114e-01
3.943199e-01
1.747370e+00
9.140653e-02
3.931958e-01
1.749083e+00
9.260602e-02
2.950381e-01
1.522676e+00
9.269571e-02
4.307115e-01
-1.868633e-01
8.829324e-01
3.915090e-01
1.751654e+00
9.440596e-02
3.905765e-01
1.753075e+00
9.506862e-02
2.949578e-01
1.532997e+00
9.482630e-02
2.936524e-01
-1.274005e-01
9.473845e-01
3.883989e-01
1.756393e+00
9.661597e-02
3.877366e-01
1.757402e+00
9.688643e-02
2.948774e-01
1.543318e+00
9.695689e-02
1.488052e-01
-6.455886e-02
9.867569e-01
3.850843e-01
1.761444e+00
9.796944e-02
3.847429e-01
1.761964e+00
9.801494e-02
2.947884e-01
1.554759e+00
9.769104e-02
9.596264e-02
-4.163320e-02
9.945139e-01
2.947884e-01
1.554759e+00
9.769104e-02
3.847429e-01
1.761964e+00
9.801494e-02
3.816659e-01
1.766654e+00
9.842519e-02
4.796821e-02
-2.081091e-02
9.986320e-01
2.947884e-01
1.554759e+00
9.769104e-02
3.816659e-01
1.766654e+00
9.842519e-02
2.946994e-01
1.566200e+00
9.842519e-02
1.959513e-01
-8.501308e-02
9.769216e-01
3.850843e-01
1.761444e+00
9.796944e-02
2.947884e-01
1.554759e+00
9.769104e-02
3.877366e-01
1.757402e+00
9.688643e-02
1.959977e-01
-8.503322e-02
9.769106e-01
3.877366e-01
1.757402e+00
9.688643e-02
2.947884e-01
1.554759e+00
9.769104e-02
2.947983e-01
1.553487e+00
9.760942e-02
2.426970e-01
-1.052936e-01
9.643710e-01
3.877366e-01
1.757402e+00
9.688643e-02
2.947983e-01
1.553487e+00
9.760942e-02
2.948774e-01
1.543318e+00
9.695689e-02
3.387078e-01
-1.469477e-01
9.293457e-01
3.883989e-01
1.756393e+00
9.661597e-02
2.948774e-01
1.543318e+00
9.695689e-02
3.905765e-01
1.753075e+00
9.506862e-02
3.385836e-01
-1.468938e-01
9.293995e-01
3.905765e-01
1.753075e+00
9.506862e-02
2.948774e-01
1.543318e+00
9.695689e-02
2.948953e-01
1.541027e+00
9.648397e-02
3.827854e-01
-1.660707e-01
9.087881e-01
3.905765e-01
1.753075e+00
9.506862e-02
2.948953e-01
1.541027e+00
9.648397e-02
2.949578e-01
1.532997e+00
9.482630e-02
4.724889e-01
-2.049883e-01
8.571663e-01
3.915090e-01
1.751654e+00
9.440596e-02
2.949578e-01
1.532997e+00
9.482630e-02
3.931958e-01
1.749083e+00
9.260602e-02
4.726003e-01
-2.050367e-01
8.570933e-01
3.931958e-01
1.749083e+00
9.260602e-02
2.949578e-01
1.532997e+00
9.482630e-02
2.949845e-01
1.529554e+00
9.411559e-02
5.131275e-01
-2.226193e-01
8.289396e-01
3.931958e-01
1.749083e+00
9.260602e-02
2.949845e-01
1.529554e+00
9.411559e-02
2.950381e-01
1.522676e+00
9.269571e-02
5.937569e-01
-2.576002e-01
7.622958e-01
3.943199e-01
1.747370e+00
9.140653e-02
2.950381e-01
1.522676e+00
9.269571e-02
3.955332e-01
1.745521e+00
8.955768e-02
5.937003e-01
-2.575757e-01
7.623481e-01
3.955332e-01
1.745521e+00
8.955768e-02
2.950381e-01
1.522676e+00
9.269571e-02
2.950674e-01
1.518906e+00
9.127147e-02
6.295388e-01
-2.731241e-01
7.273817e-01
3.955332e-01
1.745521e+00
8.955768e-02
2.950674e-01
1.518906e+00
9.127147e-02
2.951041e-01
1.514189e+00
8.948942e-02
6.993534e-01
-3.034130e-01
6.471827e-01
3.967464e-01
1.743672e+00
8.770882e-02
2.951041e-01
1.514189e+00
8.948942e-02
3.975924e-01
1.742383e+00
8.605875e-02
6.993534e-01
-3.034130e-01
6.471827e-01
3.975924e-01
1.742383e+00
8.605875e-02
2.951041e-01
1.514189e+00
8.948942e-02
2.951408e-01
1.509476e+00
8.770882e-02
7.294235e-01
-3.164588e-01
6.064611e-01
3.975924e-01
1.742383e+00
8.605875e-02
2.951408e-01
1.509476e+00
8.770882e-02
2.951638e-01
1.506515e+00
8.599557e-02
7.863623e-01
-3.411617e-01
5.150174e-01
3.986686e-01
1.740743e+00
8.338231e-02
2.951638e-01
1.506515e+00
8.599557e-02
3.992064e-01
1.739923e+00
8.204491e-02
7.863514e-01
-3.411570e-01
5.150373e-01
3.992064e-01
1.739923e+00
8.204491e-02
2.951638e-01
1.506515e+00
8.599557e-02
2.951984e-01
1.502072e+00
8.342520e-02
8.100021e-01
-3.514178e-01
4.694700e-01
3.992064e-01
1.739923e+00
8.204491e-02
2.951984e-01
1.502072e+00
8.342520e-02
2.952128e-01
1.500223e+00
8.204491e-02
8.525777e-01
-3.698891e-01
3.691793e-01
4.001649e-01
1.738463e+00
7.868581e-02
2.952128e-01
1.500223e+00
8.204491e-02
4.003886e-01
1.738122e+00
7.769570e-02
8.525777e-01
-3.698891e-01
3.691793e-01
4.003886e-01
1.738122e+00
7.769570e-02
2.952128e-01
1.500223e+00
8.204491e-02
2.952408e-01
1.496618e+00
7.868581e-02
8.691260e-01
-3.770685e-01
3.200614e-01
4.003886e-01
1.738122e+00
7.769570e-02
2.952408e-01
1.496618e+00
7.868581e-02
2.952474e-01
1.495776e+00
7.769570e-02
9.052386e-01
-3.927359e-01
1.621779e-01
2.952668e-01
1.493277e+00
7.363465e-02
2.952685e-01
1.493064e+00
7.311823e-02
4.011098e-01
1.737023e+00
7.311823e-02
8.962191e-01
-3.888228e-01
2.135606e-01
4.010530e-01
1.737109e+00
7.363465e-02
2.952474e-01
1.495776e+00
7.769570e-02
4.011098e-01
1.737023e+00
7.311823e-02
8.914078e-01
-3.867355e-01
2.362787e-01
4.011098e-01
1.737023e+00
7.311823e-02
2.952474e-01
1.495776e+00
7.769570e-02
2.952585e-01
1.494352e+00
7.568286e-02
9.005293e-01
-3.906928e-01
1.908038e-01
4.011098e-01
1.737023e+00
7.311823e-02
2.952585e-01
1.494352e+00
7.568286e-02
2.952668e-01
1.493277e+00
7.363465e-02
9.135326e-01
-3.963343e-01
9.152772e-02
2.952716e-01
1.492665e+00
7.195132e-02
4.013521e-01
1.736653e+00
6.842519e-02
2.952685e-01
1.493064e+00
7.311823e-02
9.145553e-01
-3.967779e-01
7.845910e-02
2.952685e-01
1.493064e+00
7.311823e-02
4.013521e-01
1.736653e+00
6.842519e-02
4.012914e-01
1.736746e+00
7.077897e-02
9.095343e-01
-3.945996e-01
1.305321e-01
2.952685e-01
1.493064e+00
7.311823e-02
4.012914e-01
1.736746e+00
7.077897e-02
4.011098e-01
1.737023e+00
7.311823e-02
9.154186e-01
-3.971525e-01
6.541060e-02
2.952716e-01
1.492665e+00
7.195132e-02
2.952738e-01
1.492380e+00
7.077897e-02
4.013521e-01
1.736653e+00
6.842519e-02
9.166760e-01
-3.976980e-01
3.925982e-02
4.013521e-01
1.736653e+00
6.842519e-02
2.952738e-01
1.492380e+00
7.077897e-02
2.952752e-01
1.492209e+00
6.960300e-02
9.173047e-01
-3.979708e-01
1.308885e-02
4.013521e-01
1.736653e+00
6.842519e-02
2.952752e-01
1.492209e+00
6.960300e-02
2.952756e-01
1.492152e+00
6.842519e-02
0.000000e+00
-5.807913e-02
9.983119e-01
0.000000e+00
1.766654e+00
9.842519e-02
0.000000e+00
1.761444e+00
9.796944e-02
2.040006e-01
1.766654e+00
9.842519e-02
0.000000e+00
-1.161583e-01
9.932307e-01
2.040006e-01
1.766654e+00
9.842519e-02
0.000000e+00
1.761444e+00
9.796944e-02
2.006398e-01
1.761444e+00
9.796944e-02
0.000000e+00
-1.983390e-01
9.801334e-01
0.000000e+00
1.761444e+00
9.796944e-02
0.000000e+00
1.759233e+00
9.749302e-02
2.006398e-01
1.761444e+00
9.796944e-02
0.000000e+00
-2.436745e-01
9.698570e-01
2.006398e-01
1.761444e+00
9.796944e-02
0.000000e+00
1.759233e+00
9.749302e-02
2.787531e-03
1.757435e+00
9.681492e-02
0.000000e+00
-2.756199e-01
9.612667e-01
2.006398e-01
1.761444e+00
9.796944e-02
2.787531e-03
1.757435e+00
9.681492e-02
1.973811e-01
1.756393e+00
9.661597e-02
0.000000e+00
-3.309896e-01
9.436344e-01
2.787531e-03
1.757435e+00
9.681492e-02
4.304037e-03
1.756456e+00
9.644601e-02
1.973811e-01
1.756393e+00
9.661597e-02
0.000000e+00
-3.799568e-01
9.250042e-01
1.973811e-01
1.756393e+00
9.661597e-02
4.304037e-03
1.756456e+00
9.644601e-02
9.609449e-03
1.753034e+00
9.515539e-02
0.000000e+00
-4.331610e-01
9.013166e-01
1.973811e-01
1.756393e+00
9.661597e-02
9.609449e-03
1.753034e+00
9.515539e-02
1.943236e-01
1.751654e+00
9.440596e-02
0.000000e+00
-4.847946e-01
8.746280e-01
9.609449e-03
1.753034e+00
9.515539e-02
1.168301e-02
1.751696e+00
9.433564e-02
1.943236e-01
1.751654e+00
9.440596e-02
0.000000e+00
-5.298912e-01
8.480656e-01
1.943236e-01
1.751654e+00
9.440596e-02
1.168301e-02
1.751696e+00
9.433564e-02
1.583118e-02
1.749020e+00
9.269571e-02
0.000000e+00
-5.783443e-01
8.157927e-01
1.943236e-01
1.751654e+00
9.440596e-02
1.583118e-02
1.749020e+00
9.269571e-02
1.915601e-01
1.747370e+00
9.140653e-02
0.000000e+00
-6.247862e-01
7.807959e-01
1.583118e-02
1.749020e+00
9.269571e-02
1.829713e-02
1.747429e+00
9.133698e-02
1.915601e-01
1.747370e+00
9.140653e-02
0.000000e+00
-6.647844e-01
7.470353e-01
1.915601e-01
1.747370e+00
9.140653e-02
1.829713e-02
1.747429e+00
9.133698e-02
2.137987e-02
1.745440e+00
8.963840e-02
0.000000e+00
-7.071068e-01
7.071068e-01
1.915601e-01
1.747370e+00
9.140653e-02
2.137987e-02
1.745440e+00
8.963840e-02
1.891746e-01
1.743672e+00
8.770882e-02
0.000000e+00
-7.470354e-01
6.647843e-01
2.137987e-02
1.745440e+00
8.963840e-02
2.401280e-02
1.743742e+00
8.764961e-02
1.891746e-01
1.743672e+00
8.770882e-02
0.000000e+00
-7.807960e-01
6.247860e-01
1.891746e-01
1.743672e+00
8.770882e-02
2.401280e-02
1.743742e+00
8.764961e-02
2.611890e-02
1.742383e+00
8.605875e-02
0.000000e+00
-7.986386e-01
6.018108e-01
1.891746e-01
1.743672e+00
8.770882e-02
2.611890e-02
1.742383e+00
8.605875e-02
1.881467e-01
1.742079e+00
8.563249e-02
0.000000e+00
-8.322712e-01
5.543687e-01
1.881467e-01
1.742079e+00
8.563249e-02
2.611890e-02
1.742383e+00
8.605875e-02
1.872395e-01
1.740673e+00
8.342520e-02
0.000000e+00
-9.249974e-01
3.799735e-01
2.993158e-02
1.739923e+00
8.204491e-02
3.219559e-02
1.738463e+00
7.868581e-02
1.858138e-01
1.738463e+00
7.868581e-02
0.000000e+00
-8.480556e-01
5.299072e-01
2.611890e-02
1.742383e+00
8.605875e-02
2.876991e-02
1.740673e+00
8.342520e-02
1.872395e-01
1.740673e+00
8.342520e-02
0.000000e+00
-8.746188e-01
4.848112e-01
1.872395e-01
1.740673e+00
8.342520e-02
2.876991e-02
1.740673e+00
8.342520e-02
2.993158e-02
1.739923e+00
8.204491e-02
0.000000e+00
-8.883511e-01
4.591648e-01
1.872395e-01
1.740673e+00
8.342520e-02
2.993158e-02
1.739923e+00
8.204491e-02
1.864599e-01
1.739464e+00
8.110374e-02
0.000000e+00
-9.135412e-01
4.067464e-01
1.864599e-01
1.739464e+00
8.110374e-02
2.993158e-02
1.739923e+00
8.204491e-02
1.858138e-01
1.738463e+00
7.868581e-02
0.000000e+00
-9.805013e-01
1.965125e-01
3.361869e-02
1.737545e+00
7.568286e-02
3.429353e-02
1.737109e+00
7.363465e-02
1.849406e-01
1.737109e+00
7.363465e-02
0.000000e+00
-9.436061e-01
3.310702e-01
3.219559e-02
1.738463e+00
7.868581e-02
3.266987e-02
1.738157e+00
7.768499e-02
1.858138e-01
1.738463e+00
7.868581e-02
0.000000e+00
-9.545841e-01
2.979417e-01
1.858138e-01
1.738463e+00
7.868581e-02
3.266987e-02
1.738157e+00
7.768499e-02
3.361869e-02
1.737545e+00
7.568286e-02
0.000000e+00
-9.596447e-01
2.812153e-01
1.858138e-01
1.738463e+00
7.868581e-02
3.361869e-02
1.737545e+00
7.568286e-02
1.853061e-01
1.737676e+00
7.618977e-02
0.000000e+00
-9.743689e-01
2.249562e-01
1.853061e-01
1.737676e+00
7.618977e-02
3.361869e-02
1.737545e+00
7.568286e-02
1.849406e-01
1.737109e+00
7.363465e-02
0.000000e+00
-9.996575e-01
2.617097e-02
3.485665e-02
1.736746e+00
7.077897e-02
3.500000e-02
1.736653e+00
6.842519e-02
1.846466e-01
1.736653e+00
6.842519e-02
0.000000e+00
-9.858001e-01
1.679228e-01
3.429353e-02
1.737109e+00
7.363465e-02
3.439588e-02
1.737043e+00
7.311563e-02
1.849406e-01
1.737109e+00
7.363465e-02
0.000000e+00
-9.906668e-01
1.363062e-01
1.849406e-01
1.737109e+00
7.363465e-02
3.439588e-02
1.737043e+00
7.311563e-02
3.485665e-02
1.736746e+00
7.077897e-02
0.000000e+00
-9.935729e-01
1.131940e-01
1.849406e-01
1.737109e+00
7.363465e-02
3.485665e-02
1.736746e+00
7.077897e-02
1.847202e-01
1.736768e+00
7.103987e-02
0.000000e+00
-9.984727e-01
5.524748e-02
1.847202e-01
1.736768e+00
7.103987e-02
3.485665e-02
1.736746e+00
7.077897e-02
1.846466e-01
1.736653e+00
6.842519e-02
0.000000e+00
-2.436104e-01
9.698732e-01
5.877963e-01
1.757456e+00
9.676918e-02
5.905512e-01
1.759233e+00
9.749302e-02
5.905512e-01
1.761444e+00
9.796944e-02
0.000000e+00
-9.906677e-01
1.362993e-01
5.556945e-01
1.736746e+00
7.077897e-02
5.561237e-01
1.737023e+00
7.311823e-02
4.010530e-01
1.737109e+00
7.363465e-02
0.000000e+00
-9.858022e-01
1.679109e-01
4.010530e-01
1.737109e+00
7.363465e-02
5.561237e-01
1.737023e+00
7.311823e-02
5.562854e-01
1.737127e+00
7.363101e-02
0.000000e+00
-9.756708e-01
2.192407e-01
4.010530e-01
1.737109e+00
7.363465e-02
5.562854e-01
1.737127e+00
7.363101e-02
4.003886e-01
1.738122e+00
7.769570e-02
0.000000e+00
-9.702970e-01
2.419169e-01
4.003886e-01
1.738122e+00
7.769570e-02
5.562854e-01
1.737127e+00
7.363101e-02
5.569325e-01
1.737545e+00
7.568286e-02
0.000000e+00
-9.545861e-01
2.979353e-01
4.003886e-01
1.738122e+00
7.769570e-02
5.569325e-01
1.737545e+00
7.568286e-02
4.001649e-01
1.738463e+00
7.868581e-02
0.000000e+00
-9.996575e-01
2.617097e-02
4.013521e-01
1.736653e+00
6.842519e-02
5.555512e-01
1.736653e+00
6.842519e-02
4.012914e-01
1.736746e+00
7.077897e-02
0.000000e+00
-9.986292e-01
5.234194e-02
4.012914e-01
1.736746e+00
7.077897e-02
5.555512e-01
1.736653e+00
6.842519e-02
5.556945e-01
1.736746e+00
7.077897e-02
0.000000e+00
-9.945225e-01
1.045225e-01
4.012914e-01
1.736746e+00
7.077897e-02
5.556945e-01
1.736746e+00
7.077897e-02
4.011098e-01
1.737023e+00
7.311823e-02
0.000000e+00
-9.906677e-01
1.362993e-01
4.011098e-01
1.737023e+00
7.311823e-02
5.556945e-01
1.736746e+00
7.077897e-02
4.010530e-01
1.737109e+00
7.363465e-02
0.000000e+00
-9.545861e-01
2.979353e-01
5.569325e-01
1.737545e+00
7.568286e-02
5.578272e-01
1.738122e+00
7.769570e-02
4.001649e-01
1.738463e+00
7.868581e-02
0.000000e+00
-9.436083e-01
3.310639e-01
4.001649e-01
1.738463e+00
7.868581e-02
5.578272e-01
1.738122e+00
7.769570e-02
5.583556e-01
1.738463e+00
7.868581e-02
0.000000e+00
-9.249974e-01
3.799735e-01
4.001649e-01
1.738463e+00
7.868581e-02
5.583556e-01
1.738463e+00
7.868581e-02
3.992064e-01
1.739923e+00
8.204491e-02
0.000000e+00
-9.087418e-01
4.173589e-01
3.992064e-01
1.739923e+00
8.204491e-02
5.583556e-01
1.738463e+00
7.868581e-02
5.606196e-01
1.739923e+00
8.204491e-02
0.000000e+00
-8.829593e-01
4.694495e-01
3.992064e-01
1.739923e+00
8.204491e-02
5.606196e-01
1.739923e+00
8.204491e-02
3.986686e-01
1.740743e+00
8.338231e-02
0.000000e+00
-8.746300e-01
4.847910e-01
3.986686e-01
1.740743e+00
8.338231e-02
5.606196e-01
1.739923e+00
8.204491e-02
5.617813e-01
1.740673e+00
8.342520e-02
0.000000e+00
-8.480678e-01
5.298876e-01
3.986686e-01
1.740743e+00
8.338231e-02
5.617813e-01
1.740673e+00
8.342520e-02
3.975924e-01
1.742383e+00
8.605875e-02
0.000000e+00
-8.290296e-01
5.592046e-01
3.975924e-01
1.742383e+00
8.605875e-02
5.617813e-01
1.740673e+00
8.342520e-02
5.644323e-01
1.742383e+00
8.605875e-02
0.000000e+00
-7.951233e-01
6.064478e-01
3.975924e-01
1.742383e+00
8.605875e-02
5.644323e-01
1.742383e+00
8.605875e-02
3.967464e-01
1.743672e+00
8.770882e-02
0.000000e+00
-7.807914e-01
6.247919e-01
3.967464e-01
1.743672e+00
8.770882e-02
5.644323e-01
1.742383e+00
8.605875e-02
5.664306e-01
1.743672e+00
8.770882e-02
0.000000e+00
-7.470305e-01
6.647897e-01
3.967464e-01
1.743672e+00
8.770882e-02
5.664306e-01
1.743672e+00
8.770882e-02
3.955332e-01
1.745521e+00
8.955768e-02
0.000000e+00
-7.273681e-01
6.862476e-01
3.955332e-01
1.745521e+00
8.955768e-02
5.664306e-01
1.743672e+00
8.770882e-02
5.692964e-01
1.745521e+00
8.955768e-02
0.000000e+00
-6.862476e-01
7.273681e-01
3.955332e-01
1.745521e+00
8.955768e-02
5.692964e-01
1.745521e+00
8.955768e-02
3.943199e-01
1.747370e+00
9.140653e-02
0.000000e+00
-6.647897e-01
7.470305e-01
3.943199e-01
1.747370e+00
9.140653e-02
5.692964e-01
1.745521e+00
8.955768e-02
5.721623e-01
1.747370e+00
9.140653e-02
0.000000e+00
-6.248072e-01
7.807791e-01
3.943199e-01
1.747370e+00
9.140653e-02
5.721623e-01
1.747370e+00
9.140653e-02
3.931958e-01
1.749083e+00
9.260602e-02
0.000000e+00
-6.064769e-01
7.951010e-01
3.931958e-01
1.749083e+00
9.260602e-02
5.721623e-01
1.747370e+00
9.140653e-02
5.748180e-01
1.749083e+00
9.260616e-02
0.000000e+00
-5.592351e-01
8.290091e-01
3.931958e-01
1.749083e+00
9.260602e-02
5.748180e-01
1.749083e+00
9.260616e-02
3.915090e-01
1.751654e+00
9.440596e-02
0.000000e+00
-5.299216e-01
8.480467e-01
3.915090e-01
1.751654e+00
9.440596e-02
5.748180e-01
1.749083e+00
9.260616e-02
5.788022e-01
1.751654e+00
9.440596e-02
0.000000e+00
-4.848410e-01
8.746024e-01
3.915090e-01
1.751654e+00
9.440596e-02
5.788022e-01
1.751654e+00
9.440596e-02
3.905765e-01
1.753075e+00
9.506862e-02
0.000000e+00
-4.696121e-01
8.828729e-01
3.905765e-01
1.753075e+00
9.506862e-02
5.788022e-01
1.751654e+00
9.440596e-02
5.810479e-01
1.753102e+00
9.499601e-02
0.000000e+00
-4.175053e-01
9.086745e-01
3.905765e-01
1.753075e+00
9.506862e-02
5.810479e-01
1.753102e+00
9.499601e-02
3.883989e-01
1.756393e+00
9.661597e-02
0.000000e+00
-3.800121e-01
9.249815e-01
3.883989e-01
1.756393e+00
9.661597e-02
5.810479e-01
1.753102e+00
9.499601e-02
5.862969e-01
1.756489e+00
9.637520e-02
0.000000e+00
-3.310202e-01
9.436237e-01
3.883989e-01
1.756393e+00
9.661597e-02
5.862969e-01
1.756489e+00
9.637520e-02
3.877366e-01
1.757402e+00
9.688643e-02
0.000000e+00
-3.198974e-01
9.474522e-01
3.877366e-01
1.757402e+00
9.688643e-02
5.862969e-01
1.756489e+00
9.637520e-02
5.877963e-01
1.757456e+00
9.676918e-02
0.000000e+00
-2.643814e-01
9.644182e-01
3.877366e-01
1.757402e+00
9.688643e-02
5.877963e-01
1.757456e+00
9.676918e-02
3.850843e-01
1.761444e+00
9.796944e-02
0.000000e+00
-2.191224e-01
9.756974e-01
3.850843e-01
1.761444e+00
9.796944e-02
5.877963e-01
1.757456e+00
9.676918e-02
5.905512e-01
1.761444e+00
9.796944e-02
0.000000e+00
-1.679443e-01
9.857965e-01
3.850843e-01
1.761444e+00
9.796944e-02
5.905512e-01
1.761444e+00
9.796944e-02
3.847429e-01
1.761964e+00
9.801494e-02
0.000000e+00
-1.103958e-01
9.938877e-01
3.847429e-01
1.761964e+00
9.801494e-02
5.905512e-01
1.761444e+00
9.796944e-02
5.905512e-01
1.766654e+00
9.842519e-02
0.000000e+00
-5.231666e-02
9.986306e-01
3.847429e-01
1.761964e+00
9.801494e-02
5.905512e-01
1.766654e+00
9.842519e-02
3.816659e-01
1.766654e+00
9.842519e-02
2.169184e-01
9.814849e-02
9.712431e-01
2.787531e-03
1.757435e+00
9.681492e-02
-3.542865e-16
1.759233e+00
9.749302e-02
-2.412049e-16
1.752547e+00
9.783930e-02
3.363253e-01
1.521762e-01
9.293696e-01
1.995461e-01
1.322704e+00
9.695689e-02
2.005118e-01
1.322912e+00
9.655690e-02
9.609449e-03
1.753034e+00
9.515539e-02
3.802214e-01
1.720378e-01
9.087545e-01
9.609449e-03
1.753034e+00
9.515539e-02
2.005118e-01
1.322912e+00
9.655690e-02
2.038953e-01
1.323642e+00
9.515539e-02
4.277088e-01
1.935242e-01
8.829573e-01
9.609449e-03
1.753034e+00
9.515539e-02
2.038953e-01
1.323642e+00
9.515539e-02
1.168301e-02
1.751696e+00
9.433564e-02
4.692114e-01
2.123028e-01
8.571862e-01
1.168301e-02
1.751696e+00
9.433564e-02
2.038953e-01
1.323642e+00
9.515539e-02
1.583118e-02
1.749020e+00
9.269571e-02
4.692076e-01
2.123011e-01
8.571887e-01
2.038953e-01
1.323642e+00
9.515539e-02
2.052327e-01
1.323930e+00
9.433586e-02
1.583118e-02
1.749020e+00
9.269571e-02
5.094614e-01
2.305146e-01
8.290429e-01
1.583118e-02
1.749020e+00
9.269571e-02
2.052327e-01
1.323930e+00
9.433586e-02
2.079092e-01
1.324508e+00
9.269571e-02
5.525162e-01
2.499955e-01
7.951277e-01
1.583118e-02
1.749020e+00
9.269571e-02
2.079092e-01
1.324508e+00
9.269571e-02
1.829713e-02
1.747429e+00
9.133698e-02
5.896712e-01
2.668070e-01
7.623004e-01
1.829713e-02
1.747429e+00
9.133698e-02
2.079092e-01
1.324508e+00
9.269571e-02
2.137987e-02
1.745440e+00
8.963840e-02
5.896701e-01
2.668064e-01
7.623015e-01
2.079092e-01
1.324508e+00
9.269571e-02
2.094999e-01
1.324851e+00
9.133707e-02
2.137987e-02
1.745440e+00
8.963840e-02
6.252195e-01
2.828914e-01
7.273740e-01
2.137987e-02
1.745440e+00
8.963840e-02
2.094999e-01
1.324851e+00
9.133707e-02
2.114888e-01
1.325280e+00
8.963840e-02
6.626939e-01
2.998473e-01
6.862422e-01
2.137987e-02
1.745440e+00
8.963840e-02
2.114888e-01
1.325280e+00
8.963840e-02
2.401280e-02
1.743742e+00
8.764961e-02
6.945156e-01
3.142456e-01
6.472232e-01
2.401280e-02
1.743742e+00
8.764961e-02
2.114888e-01
1.325280e+00
8.963840e-02
2.611890e-02
1.742383e+00
8.605875e-02
6.945165e-01
3.142460e-01
6.472220e-01
2.114888e-01
1.325280e+00
8.963840e-02
2.131875e-01
1.325646e+00
8.764951e-02
2.611890e-02
1.742383e+00
8.605875e-02
7.244245e-01
3.277784e-01
6.064407e-01
2.611890e-02
1.742383e+00
8.605875e-02
2.131875e-01
1.325646e+00
8.764951e-02
2.145461e-01
1.325939e+00
8.605875e-02
7.553110e-01
3.417535e-01
5.592046e-01
2.611890e-02
1.742383e+00
8.605875e-02
2.145461e-01
1.325939e+00
8.605875e-02
2.876991e-02
1.740673e+00
8.342520e-02
7.809549e-01
3.533566e-01
5.150229e-01
2.876991e-02
1.740673e+00
8.342520e-02
2.145461e-01
1.325939e+00
8.605875e-02
2.993158e-02
1.739923e+00
8.204491e-02
8.631598e-01
3.905516e-01
3.200384e-01
2.188073e-01
1.326859e+00
7.769570e-02
3.266987e-02
1.738157e+00
7.768499e-02
2.184073e-01
1.326772e+00
7.866134e-02
8.597085e-01
3.889900e-01
3.310410e-01
2.184073e-01
1.326772e+00
7.866134e-02
3.266987e-02
1.738157e+00
7.768499e-02
3.219559e-02
1.738463e+00
7.868581e-02
8.427558e-01
3.813195e-01
3.799448e-01
2.184073e-01
1.326772e+00
7.866134e-02
3.219559e-02
1.738463e+00
7.868581e-02
2.170058e-01
1.326470e+00
8.204491e-02
8.279349e-01
3.746135e-01
4.173589e-01
2.170058e-01
1.326470e+00
8.204491e-02
3.219559e-02
1.738463e+00
7.868581e-02
2.993158e-02
1.739923e+00
8.204491e-02
8.044454e-01
3.639852e-01
4.694489e-01
2.170058e-01
1.326470e+00
8.204491e-02
2.993158e-02
1.739923e+00
8.204491e-02
2.161863e-01
1.326293e+00
8.338226e-02
7.809662e-01
3.533617e-01
5.150024e-01
2.161863e-01
1.326293e+00
8.338226e-02
2.993158e-02
1.739923e+00
8.204491e-02
2.145461e-01
1.325939e+00
8.605875e-02
9.098321e-01
4.116693e-01
5.228807e-02
2.199062e-01
1.327096e+00
7.311823e-02
2.202756e-01
1.327175e+00
6.842519e-02
3.500000e-02
1.736653e+00
6.842519e-02
9.082698e-01
4.109624e-01
7.845910e-02
3.500000e-02
1.736653e+00
6.842519e-02
3.485665e-02
1.736746e+00
7.077897e-02
2.199062e-01
1.327096e+00
7.311823e-02
9.032824e-01
4.087058e-01
1.305390e-01
2.199062e-01
1.327096e+00
7.311823e-02
3.485665e-02
1.736746e+00
7.077897e-02
3.439588e-02
1.737043e+00
7.311563e-02
8.990197e-01
4.067770e-01
1.621602e-01
2.199062e-01
1.327096e+00
7.311823e-02
3.439588e-02
1.737043e+00
7.311563e-02
2.197843e-01
1.327069e+00
7.362612e-02
8.981450e-01
4.063813e-01
1.678983e-01
2.197843e-01
1.327069e+00
7.362612e-02
3.439588e-02
1.737043e+00
7.311563e-02
3.429353e-02
1.737109e+00
7.363465e-02
8.889164e-01
4.022056e-01
2.192216e-01
2.197843e-01
1.327069e+00
7.362612e-02
3.429353e-02
1.737109e+00
7.363465e-02
2.188073e-01
1.326859e+00
7.769570e-02
8.840154e-01
3.999881e-01
2.419219e-01
2.188073e-01
1.326859e+00
7.769570e-02
3.429353e-02
1.737109e+00
7.363465e-02
3.361869e-02
1.737545e+00
7.568286e-02
8.728006e-01
3.949138e-01
2.868136e-01
2.188073e-01
1.326859e+00
7.769570e-02
3.361869e-02
1.737545e+00
7.568286e-02
3.266987e-02
1.738157e+00
7.768499e-02
3.363359e-01
1.521810e-01
9.293649e-01
9.609449e-03
1.753034e+00
9.515539e-02
4.304037e-03
1.756456e+00
9.644601e-02
1.995461e-01
1.322704e+00
9.695689e-02
2.915330e-01
1.319092e-01
9.474220e-01
1.995461e-01
1.322704e+00
9.695689e-02
4.304037e-03
1.756456e+00
9.644601e-02
2.787531e-03
1.757435e+00
9.681492e-02
2.408750e-01
1.089881e-01
9.644173e-01
1.995461e-01
1.322704e+00
9.695689e-02
2.787531e-03
1.757435e+00
9.681492e-02
1.954765e-01
1.321826e+00
9.793390e-02
1.945454e-01
8.802543e-02
9.769359e-01
1.954765e-01
1.321826e+00
9.793390e-02
2.787531e-03
1.757435e+00
9.681492e-02
-2.412049e-16
1.752547e+00
9.783930e-02
1.477859e-01
6.686827e-02
9.867563e-01
1.954765e-01
1.321826e+00
9.793390e-02
-2.412049e-16
1.752547e+00
9.783930e-02
1.949686e-01
1.321716e+00
9.805585e-02
9.532864e-02
4.313309e-02
9.945109e-01
1.949686e-01
1.321716e+00
9.805585e-02
-2.412049e-16
1.752547e+00
9.783930e-02
-4.987301e-17
1.741233e+00
9.842519e-02
4.763854e-02
2.155488e-02
9.986320e-01
1.949686e-01
1.321716e+00
9.805585e-02
-4.987301e-17
1.741233e+00
9.842519e-02
1.902756e-01
1.320704e+00
9.842519e-02
-2.168599e-01
9.812203e-02
9.712589e-01
5.905512e-01
1.752547e+00
9.783930e-02
5.905512e-01
1.759233e+00
9.749302e-02
5.877963e-01
1.757456e+00
9.676918e-02
-2.408753e-01
1.089882e-01
9.644173e-01
3.910240e-01
1.322700e+00
9.688635e-02
3.950662e-01
1.321828e+00
9.796944e-02
5.877963e-01
1.757456e+00
9.676918e-02
-1.944859e-01
8.799849e-02
9.769502e-01
5.877963e-01
1.757456e+00
9.676918e-02
3.950662e-01
1.321828e+00
9.796944e-02
3.955862e-01
1.321716e+00
9.801493e-02
-1.893472e-01
8.567344e-02
9.781655e-01
5.877963e-01
1.757456e+00
9.676918e-02
3.955862e-01
1.321716e+00
9.801493e-02
5.905512e-01
1.752547e+00
9.783930e-02
-9.535714e-02
4.314600e-02
9.945076e-01
5.905512e-01
1.752547e+00
9.783930e-02
3.955862e-01
1.321716e+00
9.801493e-02
4.002756e-01
1.320704e+00
9.842519e-02
-4.769011e-02
2.157822e-02
9.986291e-01
5.905512e-01
1.752547e+00
9.783930e-02
4.002756e-01
1.320704e+00
9.842519e-02
5.905512e-01
1.741233e+00
9.842519e-02
-2.915278e-01
1.319068e-01
9.474239e-01
3.910240e-01
1.322700e+00
9.688635e-02
5.877963e-01
1.757456e+00
9.676918e-02
3.900150e-01
1.322917e+00
9.661597e-02
-3.014432e-01
1.363932e-01
9.436784e-01
3.900150e-01
1.322917e+00
9.661597e-02
5.877963e-01
1.757456e+00
9.676918e-02
5.862969e-01
1.756489e+00
9.637520e-02
-3.461450e-01
1.566193e-01
9.250156e-01
3.900150e-01
1.322917e+00
9.661597e-02
5.862969e-01
1.756489e+00
9.637520e-02
3.866964e-01
1.323633e+00
9.506851e-02
-3.803122e-01
1.720788e-01
9.087087e-01
3.866964e-01
1.323633e+00
9.506851e-02
5.862969e-01
1.756489e+00
9.637520e-02
5.810479e-01
1.753102e+00
9.499601e-02
-4.278557e-01
1.935907e-01
8.828715e-01
3.866964e-01
1.323633e+00
9.506851e-02
5.810479e-01
1.753102e+00
9.499601e-02
3.852756e-01
1.323940e+00
9.440596e-02
-4.418021e-01
1.999010e-01
8.745573e-01
3.852756e-01
1.323940e+00
9.440596e-02
5.810479e-01
1.753102e+00
9.499601e-02
5.788022e-01
1.751654e+00
9.440596e-02
-4.828033e-01
2.184527e-01
8.480444e-01
3.852756e-01
1.323940e+00
9.440596e-02
5.788022e-01
1.751654e+00
9.440596e-02
3.827049e-01
1.324494e+00
9.260595e-02
-5.095081e-01
2.305357e-01
8.290083e-01
3.827049e-01
1.324494e+00
9.260595e-02
5.788022e-01
1.751654e+00
9.440596e-02
5.748180e-01
1.749083e+00
9.260616e-02
-5.525490e-01
2.500103e-01
7.951002e-01
3.827049e-01
1.324494e+00
9.260595e-02
5.748180e-01
1.749083e+00
9.260616e-02
3.809920e-01
1.324864e+00
9.140653e-02
-5.692464e-01
2.575654e-01
7.807808e-01
3.809920e-01
1.324864e+00
9.140653e-02
5.748180e-01
1.749083e+00
9.260616e-02
5.721623e-01
1.747370e+00
9.140653e-02
-6.056756e-01
2.740484e-01
7.470305e-01
3.809920e-01
1.324864e+00
9.140653e-02
5.721623e-01
1.747370e+00
9.140653e-02
3.791431e-01
1.325262e+00
8.955768e-02
-6.252254e-01
2.828940e-01
7.273681e-01
5.721623e-01
1.747370e+00
9.140653e-02
5.692964e-01
1.745521e+00
8.955768e-02
3.791431e-01
1.325262e+00
8.955768e-02
-6.626893e-01
2.998452e-01
6.862476e-01
3.791431e-01
1.325262e+00
8.955768e-02
5.692964e-01
1.745521e+00
8.955768e-02
5.664306e-01
1.743672e+00
8.770882e-02
-6.806033e-01
3.079508e-01
6.647897e-01
3.791431e-01
1.325262e+00
8.955768e-02
5.664306e-01
1.743672e+00
8.770882e-02
3.772942e-01
1.325661e+00
8.770882e-02
-7.113621e-01
3.218681e-01
6.247917e-01
3.772942e-01
1.325661e+00
8.770882e-02
5.664306e-01
1.743672e+00
8.770882e-02
5.644323e-01
1.742383e+00
8.605875e-02
-7.244197e-01
3.277762e-01
6.064477e-01
3.772942e-01
1.325661e+00
8.770882e-02
5.644323e-01
1.742383e+00
8.605875e-02
3.760051e-01
1.325939e+00
8.605875e-02
-7.553110e-01
3.417535e-01
5.592046e-01
3.760051e-01
1.325939e+00
8.605875e-02
5.644323e-01
1.742383e+00
8.605875e-02
5.617813e-01
1.740673e+00
8.342520e-02
-7.726566e-01
3.496019e-01
5.298870e-01
3.760051e-01
1.325939e+00
8.605875e-02
5.617813e-01
1.740673e+00
8.342520e-02
3.743649e-01
1.326293e+00
8.338226e-02
-7.968568e-01
3.605517e-01
4.847903e-01
3.743649e-01
1.326293e+00
8.338226e-02
5.617813e-01
1.740673e+00
8.342520e-02
3.735454e-01
1.326470e+00
8.204491e-02
-8.044352e-01
3.639807e-01
4.694700e-01
5.617813e-01
1.740673e+00
8.342520e-02
5.606196e-01
1.739923e+00
8.204491e-02
3.735454e-01
1.326470e+00
8.204491e-02
-8.279349e-01
3.746135e-01
4.173590e-01
3.735454e-01
1.326470e+00
8.204491e-02
5.606196e-01
1.739923e+00
8.204491e-02
5.583556e-01
1.738463e+00
7.868581e-02
-8.427558e-01
3.813195e-01
3.799448e-01
3.735454e-01
1.326470e+00
8.204491e-02
5.583556e-01
1.738463e+00
7.868581e-02
3.721439e-01
1.326772e+00
7.866134e-02
-8.597105e-01
3.889909e-01
3.310347e-01
3.721439e-01
1.326772e+00
7.866134e-02
5.583556e-01
1.738463e+00
7.868581e-02
3.717439e-01
1.326859e+00
7.769570e-02
-8.631527e-01
3.905484e-01
3.200614e-01
3.717439e-01
1.326859e+00
7.769570e-02
5.583556e-01
1.738463e+00
7.868581e-02
5.578272e-01
1.738122e+00
7.769570e-02
-8.786452e-01
3.975583e-01
2.644428e-01
3.717439e-01
1.326859e+00
7.769570e-02
5.578272e-01
1.738122e+00
7.769570e-02
3.707669e-01
1.327069e+00
7.362612e-02
-8.900645e-01
4.027251e-01
2.135363e-01
3.707669e-01
1.327069e+00
7.362612e-02
5.578272e-01
1.738122e+00
7.769570e-02
3.706449e-01
1.327096e+00
7.311823e-02
-8.852814e-01
4.005609e-01
2.362787e-01
3.706449e-01
1.327096e+00
7.311823e-02
5.578272e-01
1.738122e+00
7.769570e-02
5.569325e-01
1.737545e+00
7.568286e-02
-8.943411e-01
4.046602e-01
1.907987e-01
3.706449e-01
1.327096e+00
7.311823e-02
5.569325e-01
1.737545e+00
7.568286e-02
5.562854e-01
1.737127e+00
7.363101e-02
-9.107663e-01
4.120920e-01
2.617097e-02
5.555512e-01
1.736653e+00
6.842519e-02
3.702756e-01
1.327175e+00
6.842519e-02
5.556945e-01
1.736746e+00
7.077897e-02
-9.082698e-01
4.109624e-01
7.845910e-02
5.556945e-01
1.736746e+00
7.077897e-02
3.702756e-01
1.327175e+00
6.842519e-02
3.706449e-01
1.327096e+00
7.311823e-02
-9.032832e-01
4.087062e-01
1.305321e-01
5.556945e-01
1.736746e+00
7.077897e-02
3.706449e-01
1.327096e+00
7.311823e-02
5.561237e-01
1.737023e+00
7.311823e-02
-8.990179e-01
4.067762e-01
1.621728e-01
5.561237e-01
1.737023e+00
7.311823e-02
3.706449e-01
1.327096e+00
7.311823e-02
5.562854e-01
1.737127e+00
7.363101e-02
9.995772e-01
-2.152416e-16
2.907651e-02
2.202756e-01
5.861811e-01
6.842519e-02
2.202756e-01
1.327175e+00
6.842519e-02
2.201614e-01
5.860670e-01
7.103987e-02
9.966844e-01
-1.077521e-16
8.136463e-02
2.201614e-01
5.860670e-01
7.103987e-02
2.202756e-01
1.327175e+00
6.842519e-02
2.199062e-01
1.327096e+00
7.311823e-02
9.902673e-01
0.000000e+00
1.391784e-01
2.201614e-01
5.860670e-01
7.103987e-02
2.199062e-01
1.327096e+00
7.311823e-02
2.198198e-01
5.857254e-01
7.363465e-02
9.858055e-01
0.000000e+00
1.678915e-01
2.198198e-01
5.857254e-01
7.363465e-02
2.199062e-01
1.327096e+00
7.311823e-02
2.197843e-01
1.327069e+00
7.362612e-02
9.793473e-01
0.000000e+00
2.021853e-01
2.198198e-01
5.857254e-01
7.363465e-02
2.197843e-01
1.327069e+00
7.362612e-02
2.192534e-01
5.851589e-01
7.618977e-02
9.688756e-01
0.000000e+00
2.475478e-01
2.192534e-01
5.851589e-01
7.618977e-02
2.197843e-01
1.327069e+00
7.362612e-02
2.188073e-01
1.326859e+00
7.769570e-02
9.528376e-01
0.000000e+00
3.034805e-01
2.192534e-01
5.851589e-01
7.618977e-02
2.188073e-01
1.326859e+00
7.769570e-02
2.184664e-01
5.843719e-01
7.868581e-02
9.436186e-01
0.000000e+00
3.310347e-01
2.184664e-01
5.843719e-01
7.868581e-02
2.188073e-01
1.326859e+00
7.769570e-02
2.184073e-01
1.326772e+00
7.866134e-02
9.293620e-01
0.000000e+00
3.691697e-01
2.184664e-01
5.843719e-01
7.868581e-02
2.184073e-01
1.326772e+00
7.866134e-02
2.174648e-01
5.833703e-01
8.110374e-02
9.135537e-01
0.000000e+00
4.067181e-01
2.174648e-01
5.833703e-01
8.110374e-02
2.184073e-01
1.326772e+00
7.866134e-02
2.170058e-01
1.326470e+00
8.204491e-02
8.883511e-01
0.000000e+00
4.591648e-01
2.174648e-01
5.833703e-01
8.110374e-02
2.170058e-01
1.326470e+00
8.204491e-02
2.162564e-01
5.821618e-01
8.342520e-02
8.746304e-01
0.000000e+00
4.847903e-01
2.162564e-01
5.821618e-01
8.342520e-02
2.170058e-01
1.326470e+00
8.204491e-02
2.161863e-01
1.326293e+00
8.338226e-02
8.511335e-01
0.000000e+00
5.249493e-01
2.162564e-01
5.821618e-01
8.342520e-02
2.161863e-01
1.326293e+00
8.338226e-02
2.148502e-01
5.807557e-01
8.563249e-02
8.322844e-01
0.000000e+00
5.543489e-01
2.148502e-01
5.807557e-01
8.563249e-02
2.161863e-01
1.326293e+00
8.338226e-02
2.145461e-01
1.325939e+00
8.605875e-02
7.986386e-01
0.000000e+00
6.018108e-01
2.148502e-01
5.807557e-01
8.563249e-02
2.145461e-01
1.325939e+00
8.605875e-02
2.132569e-01
5.791625e-01
8.770882e-02
7.807969e-01
0.000000e+00
6.247849e-01
2.145461e-01
1.325939e+00
8.605875e-02
2.131875e-01
1.325646e+00
8.764951e-02
2.132569e-01
5.791625e-01
8.770882e-02
7.470364e-01
0.000000e+00
6.647832e-01
2.132569e-01
5.791625e-01
8.770882e-02
2.131875e-01
1.325646e+00
8.764951e-02
2.114888e-01
1.325280e+00
8.963840e-02
7.071068e-01
0.000000e+00
7.071068e-01
2.132569e-01
5.791625e-01
8.770882e-02
2.114888e-01
1.325280e+00
8.963840e-02
2.095592e-01
5.754647e-01
9.140653e-02
6.647832e-01
0.000000e+00
7.470363e-01
2.114888e-01
1.325280e+00
8.963840e-02
2.094999e-01
1.324851e+00
9.133707e-02
2.095592e-01
5.754647e-01
9.140653e-02
6.247849e-01
0.000000e+00
7.807969e-01
2.095592e-01
5.754647e-01
9.140653e-02
2.094999e-01
1.324851e+00
9.133707e-02
2.079092e-01
1.324508e+00
9.269571e-02
5.783443e-01
0.000000e+00
8.157927e-01
2.095592e-01
5.754647e-01
9.140653e-02
2.079092e-01
1.324508e+00
9.269571e-02
2.052756e-01
5.711811e-01
9.440596e-02
5.298871e-01
0.000000e+00
8.480682e-01
2.079092e-01
1.324508e+00
9.269571e-02
2.052327e-01
1.323930e+00
9.433586e-02
2.052756e-01
5.711811e-01
9.440596e-02
4.847904e-01
0.000000e+00
8.746303e-01
2.052756e-01
5.711811e-01
9.440596e-02
2.052327e-01
1.323930e+00
9.433586e-02
2.038953e-01
1.323642e+00
9.515539e-02
4.331610e-01
0.000000e+00
9.013166e-01
2.052756e-01
5.711811e-01
9.440596e-02
2.038953e-01
1.323642e+00
9.515539e-02
2.005362e-01
5.664417e-01
9.661597e-02
3.799451e-01
0.000000e+00
9.250091e-01
2.038953e-01
1.323642e+00
9.515539e-02
2.005118e-01
1.322912e+00
9.655690e-02
2.005362e-01
5.664417e-01
9.661597e-02
3.310350e-01
0.000000e+00
9.436185e-01
2.005362e-01
5.664417e-01
9.661597e-02
2.005118e-01
1.322912e+00
9.655690e-02
1.995461e-01
1.322704e+00
9.695689e-02
2.756783e-01
0.000000e+00
9.612499e-01
2.005362e-01
5.664417e-01
9.661597e-02
1.995461e-01
1.322704e+00
9.695689e-02
1.954850e-01
5.613905e-01
9.796944e-02
5.228807e-02
-6.602387e-33
9.986320e-01
1.902756e-01
1.320704e+00
9.842519e-02
1.902756e-01
5.561811e-01
9.842519e-02
1.949686e-01
1.321716e+00
9.805585e-02
1.103672e-01
0.000000e+00
9.938909e-01
1.949686e-01
1.321716e+00
9.805585e-02
1.902756e-01
5.561811e-01
9.842519e-02
1.954850e-01
5.613905e-01
9.796944e-02
1.678919e-01
0.000000e+00
9.858055e-01
1.949686e-01
1.321716e+00
9.805585e-02
1.954850e-01
5.613905e-01
9.796944e-02
1.954765e-01
1.321826e+00
9.793390e-02
2.192219e-01
0.000000e+00
9.756750e-01
1.954765e-01
1.321826e+00
9.793390e-02
1.954850e-01
5.613905e-01
9.796944e-02
1.995461e-01
1.322704e+00
9.695689e-02
-5.807913e-02
1.510089e-32
9.983119e-01
3.950662e-01
5.613905e-01
9.796944e-02
4.002756e-01
5.561811e-01
9.842519e-02
4.002756e-01
1.320704e+00
9.842519e-02
-1.103985e-01
7.548153e-33
9.938874e-01
4.002756e-01
1.320704e+00
9.842519e-02
3.955862e-01
1.321716e+00
9.801493e-02
3.950662e-01
5.613905e-01
9.796944e-02
-1.679469e-01
0.000000e+00
9.857960e-01
3.950662e-01
5.613905e-01
9.796944e-02
3.955862e-01
1.321716e+00
9.801493e-02
3.950662e-01
1.321828e+00
9.796944e-02
-2.305519e-01
0.000000e+00
9.730600e-01
3.950662e-01
5.613905e-01
9.796944e-02
3.950662e-01
1.321828e+00
9.796944e-02
3.900150e-01
5.664417e-01
9.661597e-02
-2.757188e-01
0.000000e+00
9.612383e-01
3.950662e-01
1.321828e+00
9.796944e-02
3.910240e-01
1.322700e+00
9.688635e-02
3.900150e-01
5.664417e-01
9.661597e-02
-3.311035e-01
0.000000e+00
9.435945e-01
3.900150e-01
5.664417e-01
9.661597e-02
3.910240e-01
1.322700e+00
9.688635e-02
3.900150e-01
1.322917e+00
9.661597e-02
-3.960194e-01
0.000000e+00
9.182422e-01
3.900150e-01
5.664417e-01
9.661597e-02
3.900150e-01
1.322917e+00
9.661597e-02
3.852756e-01
5.711811e-01
9.440596e-02
-4.331943e-01
0.000000e+00
9.013005e-01
3.900150e-01
1.322917e+00
9.661597e-02
3.866964e-01
1.323633e+00
9.506851e-02
3.852756e-01
5.711811e-01
9.440596e-02
-4.848434e-01
0.000000e+00
8.746010e-01
3.852756e-01
5.711811e-01
9.440596e-02
3.866964e-01
1.323633e+00
9.506851e-02
3.852756e-01
1.323940e+00
9.440596e-02
-5.494540e-01
0.000000e+00
8.355240e-01
3.852756e-01
5.711811e-01
9.440596e-02
3.852756e-01
1.323940e+00
9.440596e-02
3.809920e-01
5.754647e-01
9.140653e-02
-5.783616e-01
0.000000e+00
8.157805e-01
3.852756e-01
1.323940e+00
9.440596e-02
3.827049e-01
1.324494e+00
9.260595e-02
3.809920e-01
5.754647e-01
9.140653e-02
-6.248083e-01
0.000000e+00
7.807781e-01
3.809920e-01
5.754647e-01
9.140653e-02
3.827049e-01
1.324494e+00
9.260595e-02
3.809920e-01
1.324864e+00
9.140653e-02
-6.861938e-01
0.000000e+00
7.274188e-01
3.809920e-01
5.754647e-01
9.140653e-02
3.809920e-01
1.324864e+00
9.140653e-02
3.772942e-01
5.791625e-01
8.770882e-02
-9.986320e-01
1.232287e-16
5.228807e-02
3.702756e-01
1.327175e+00
6.842519e-02
3.702756e-01
5.861811e-01
6.842519e-02
3.706449e-01
1.327096e+00
7.311823e-02
-9.966844e-01
0.000000e+00
8.136463e-02
3.706449e-01
1.327096e+00
7.311823e-02
3.702756e-01
5.861811e-01
6.842519e-02
3.703897e-01
5.860670e-01
7.103987e-02
-9.902708e-01
0.000000e+00
1.391538e-01
3.706449e-01
1.327096e+00
7.311823e-02
3.703897e-01
5.860670e-01
7.103987e-02
3.707669e-01
1.327069e+00
7.362612e-02
-9.894440e-01
0.000000e+00
1.449154e-01
3.707669e-01
1.327069e+00
7.362612e-02
3.703897e-01
5.860670e-01
7.103987e-02
3.707314e-01
5.857254e-01
7.363465e-02
-9.756751e-01
0.000000e+00
2.192216e-01
3.707669e-01
1.327069e+00
7.362612e-02
3.707314e-01
5.857254e-01
7.363465e-02
3.717439e-01
1.326859e+00
7.769570e-02
-9.688696e-01
0.000000e+00
2.475718e-01
3.717439e-01
1.326859e+00
7.769570e-02
3.707314e-01
5.857254e-01
7.363465e-02
3.712978e-01
5.851589e-01
7.618977e-02
-9.528470e-01
0.000000e+00
3.034510e-01
3.717439e-01
1.326859e+00
7.769570e-02
3.712978e-01
5.851589e-01
7.618977e-02
3.721439e-01
1.326772e+00
7.866134e-02
-9.492497e-01
0.000000e+00
3.145232e-01
3.721439e-01
1.326772e+00
7.866134e-02
3.712978e-01
5.851589e-01
7.618977e-02
3.720848e-01
5.843719e-01
7.868581e-02
-9.250092e-01
0.000000e+00
3.799448e-01
3.721439e-01
1.326772e+00
7.866134e-02
3.720848e-01
5.843719e-01
7.868581e-02
3.735454e-01
1.326470e+00
8.204491e-02
-9.135412e-01
0.000000e+00
4.067464e-01
3.735454e-01
1.326470e+00
8.204491e-02
3.720848e-01
5.843719e-01
7.868581e-02
3.730864e-01
5.833703e-01
8.110374e-02
-8.883621e-01
0.000000e+00
4.591436e-01
3.735454e-01
1.326470e+00
8.204491e-02
3.730864e-01
5.833703e-01
8.110374e-02
3.743649e-01
1.326293e+00
8.338226e-02
-8.802088e-01
0.000000e+00
4.745866e-01
3.743649e-01
1.326293e+00
8.338226e-02
3.730864e-01
5.833703e-01
8.110374e-02
3.742948e-01
5.821618e-01
8.342520e-02
-8.480682e-01
0.000000e+00
5.298870e-01
3.743649e-01
1.326293e+00
8.338226e-02
3.742948e-01
5.821618e-01
8.342520e-02
3.760051e-01
1.325939e+00
8.605875e-02
-8.322712e-01
0.000000e+00
5.543687e-01
3.760051e-01
1.325939e+00
8.605875e-02
3.742948e-01
5.821618e-01
8.342520e-02
3.757010e-01
5.807557e-01
8.563249e-02
-7.986386e-01
0.000000e+00
6.018108e-01
3.760051e-01
1.325939e+00
8.605875e-02
3.757010e-01
5.807557e-01
8.563249e-02
3.772942e-01
1.325661e+00
8.770882e-02
-7.844105e-01
0.000000e+00
6.202420e-01
3.772942e-01
1.325661e+00
8.770882e-02
3.757010e-01
5.807557e-01
8.563249e-02
3.772942e-01
5.791625e-01
8.770882e-02
-7.470305e-01
0.000000e+00
6.647897e-01
3.772942e-01
1.325661e+00
8.770882e-02
3.772942e-01
5.791625e-01
8.770882e-02
3.791431e-01
1.325262e+00
8.955768e-02
-7.071068e-01
0.000000e+00
7.071068e-01
3.791431e-01
1.325262e+00
8.955768e-02
3.772942e-01
5.791625e-01
8.770882e-02
3.809920e-01
1.324864e+00
9.140653e-02
0.000000e+00
9.894404e-01
1.449400e-01
2.198198e-01
5.857254e-01
7.363465e-02
3.707314e-01
5.857254e-01
7.363465e-02
3.703897e-01
5.860670e-01
7.103987e-02
0.000000e+00
9.995772e-01
2.907651e-02
3.702756e-01
5.861811e-01
6.842519e-02
2.202756e-01
5.861811e-01
6.842519e-02
3.703897e-01
5.860670e-01
7.103987e-02
0.000000e+00
9.983077e-01
5.815303e-02
3.703897e-01
5.860670e-01
7.103987e-02
2.202756e-01
5.861811e-01
6.842519e-02
2.201614e-01
5.860670e-01
7.103987e-02
0.000000e+00
9.932393e-01
1.160848e-01
3.703897e-01
5.860670e-01
7.103987e-02
2.201614e-01
5.860670e-01
7.103987e-02
2.198198e-01
5.857254e-01
7.363465e-02
0.000000e+00
9.793423e-01
2.022095e-01
3.707314e-01
5.857254e-01
7.363465e-02
2.198198e-01
5.857254e-01
7.363465e-02
3.712978e-01
5.851589e-01
7.618977e-02
0.000000e+00
9.730430e-01
2.306239e-01
3.712978e-01
5.851589e-01
7.618977e-02
2.198198e-01
5.857254e-01
7.363465e-02
2.192534e-01
5.851589e-01
7.618977e-02
0.000000e+00
9.579919e-01
2.867954e-01
3.712978e-01
5.851589e-01
7.618977e-02
2.192534e-01
5.851589e-01
7.618977e-02
3.720848e-01
5.843719e-01
7.868581e-02
0.000000e+00
9.492401e-01
3.145525e-01
3.720848e-01
5.843719e-01
7.868581e-02
2.192534e-01
5.851589e-01
7.618977e-02
2.184664e-01
5.843719e-01
7.868581e-02
0.000000e+00
9.293506e-01
3.691985e-01
3.720848e-01
5.843719e-01
7.868581e-02
2.184664e-01
5.843719e-01
7.868581e-02
3.730864e-01
5.833703e-01
8.110374e-02
0.000000e+00
9.182128e-01
3.960873e-01
3.730864e-01
5.833703e-01
8.110374e-02
2.184664e-01
5.843719e-01
7.868581e-02
2.174648e-01
5.833703e-01
8.110374e-02
0.000000e+00
8.936363e-01
4.487918e-01
3.730864e-01
5.833703e-01
8.110374e-02
2.174648e-01
5.833703e-01
8.110374e-02
3.742948e-01
5.821618e-01
8.342520e-02
0.000000e+00
8.801975e-01
4.746076e-01
3.742948e-01
5.821618e-01
8.342520e-02
2.174648e-01
5.833703e-01
8.110374e-02
2.162564e-01
5.821618e-01
8.342520e-02
0.000000e+00
8.511210e-01
5.249696e-01
3.742948e-01
5.821618e-01
8.342520e-02
2.162564e-01
5.821618e-01
8.342520e-02
3.757010e-01
5.807557e-01
8.563249e-02
0.000000e+00
8.354833e-01
5.495159e-01
3.757010e-01
5.807557e-01
8.563249e-02
2.162564e-01
5.821618e-01
8.342520e-02
2.148502e-01
5.807557e-01
8.563249e-02
0.000000e+00
8.021281e-01
5.971520e-01
3.757010e-01
5.807557e-01
8.563249e-02
2.148502e-01
5.807557e-01
8.563249e-02
3.772942e-01
5.791625e-01
8.770882e-02
0.000000e+00
7.844105e-01
6.202420e-01
2.148502e-01
5.807557e-01
8.563249e-02
2.132569e-01
5.791625e-01
8.770882e-02
3.772942e-01
5.791625e-01
8.770882e-02
0.000000e+00
7.274188e-01
6.861938e-01
3.772942e-01
5.791625e-01
8.770882e-02
2.132569e-01
5.791625e-01
8.770882e-02
2.095592e-01
5.754647e-01
9.140653e-02
0.000000e+00
6.861938e-01
7.274188e-01
3.772942e-01
5.791625e-01
8.770882e-02
2.095592e-01
5.754647e-01
9.140653e-02
3.809920e-01
5.754647e-01
9.140653e-02
0.000000e+00
5.972114e-01
8.020838e-01
3.809920e-01
5.754647e-01
9.140653e-02
2.095592e-01
5.754647e-01
9.140653e-02
2.052756e-01
5.711811e-01
9.440596e-02
0.000000e+00
5.494540e-01
8.355240e-01
3.809920e-01
5.754647e-01
9.140653e-02
2.052756e-01
5.711811e-01
9.440596e-02
3.852756e-01
5.711811e-01
9.440596e-02
0.000000e+00
4.488580e-01
8.936031e-01
3.852756e-01
5.711811e-01
9.440596e-02
2.052756e-01
5.711811e-01
9.440596e-02
2.005362e-01
5.664417e-01
9.661597e-02
0.000000e+00
3.960194e-01
9.182422e-01
3.852756e-01
5.711811e-01
9.440596e-02
2.005362e-01
5.664417e-01
9.661597e-02
3.900150e-01
5.664417e-01
9.661597e-02
0.000000e+00
2.868663e-01
9.579706e-01
3.900150e-01
5.664417e-01
9.661597e-02
2.005362e-01
5.664417e-01
9.661597e-02
1.954850e-01
5.613905e-01
9.796944e-02
0.000000e+00
2.305519e-01
9.730600e-01
3.900150e-01
5.664417e-01
9.661597e-02
1.954850e-01
5.613905e-01
9.796944e-02
3.950662e-01
5.613905e-01
9.796944e-02
0.000000e+00
1.161583e-01
9.932307e-01
3.950662e-01
5.613905e-01
9.796944e-02
1.954850e-01
5.613905e-01
9.796944e-02
1.902756e-01
5.561811e-01
9.842519e-02
0.000000e+00
5.807913e-02
9.983119e-01
3.950662e-01
5.613905e-01
9.796944e-02
1.902756e-01
5.561811e-01
9.842519e-02
4.002756e-01
5.561811e-01
9.842519e-02
