0.000000e+00
0.000000e+00
1.000000e+00
3.170842e-01
1.771654e+00
9.842519e-02
5.905512e-01
5.675290e-01
9.842519e-02
5.905512e-01
1.771654e+00
9.842519e-02
0.000000e+00
0.000000e+00
1.000000e+00
5.905512e-01
0.000000e+00
9.842519e-02
5.905512e-01
5.561811e-01
9.842519e-02
1.707405e-16
0.000000e+00
9.842519e-02
0.000000e+00
0.000000e+00
1.000000e+00
1.707405e-16
0.000000e+00
9.842519e-02
5.905512e-01
5.561811e-01
9.842519e-02
3.793165e-01
5.561811e-01
9.842519e-02
0.000000e+00
0.000000e+00
1.000000e+00
1.707405e-16
5.561811e-01
9.842519e-02
1.707405e-16
0.000000e+00
9.842519e-02
2.087790e-01
5.561811e-01
9.842519e-02
0.000000e+00
0.000000e+00
1.000000e+00
2.087790e-01
5.561811e-01
9.842519e-02
1.707405e-16
0.000000e+00
9.842519e-02
3.793165e-01
5.561811e-01
9.842519e-02
0.000000e+00
0.000000e+00
1.000000e+00
2.087790e-01
5.561811e-01
9.842519e-02
3.793165e-01
5.561811e-01
9.842519e-02
2.905481e-01
9.017580e-01
9.842519e-02
0.000000e+00
0.000000e+00
1.000000e+00
2.905481e-01
9.017580e-01
9.842519e-02
3.793165e-01
5.561811e-01
9.842519e-02
3.040948e-01
9.017580e-01
9.842519e-02
-1.000000e+00
0.000000e+00
0.000000e+00
1.707405e-16
0.000000e+00
0.000000e+00
1.707405e-16
0.000000e+00
9.842519e-02
1.707405e-16
5.561811e-01
9.842519e-02
-1.000000e+00
0.000000e+00
0.000000e+00
1.707405e-16
1.771654e+00
9.842519e-02
1.707405e-16
1.771654e+00
0.000000e+00
1.707405e-16
5.673328e-01
9.842519e-02
-1.000000e+00
0.000000e+00
0.000000e+00
1.707405e-16
5.673328e-01
9.842519e-02
1.707405e-16
1.771654e+00
0.000000e+00
1.707405e-16
0.000000e+00
0.000000e+00
-1.000000e+00
0.000000e+00
0.000000e+00
1.707405e-16
5.673328e-01
9.842519e-02
1.707405e-16
0.000000e+00
0.000000e+00
1.707405e-16
5.581909e-01
9.835780e-02
-1.000000e+00
0.000000e+00
0.000000e+00
1.707405e-16
5.581909e-01
9.835780e-02
1.707405e-16
0.000000e+00
0.000000e+00
1.707405e-16
5.561811e-01
9.842519e-02
0.000000e+00
-1.000000e+00
0.000000e+00
5.905512e-01
0.000000e+00
9.842519e-02
1.707405e-16
0.000000e+00
9.842519e-02
5.905512e-01
0.000000e+00
0.000000e+00
0.000000e+00
-1.000000e+00
0.000000e+00
5.905512e-01
0.000000e+00
0.000000e+00
1.707405e-16
0.000000e+00
9.842519e-02
1.707405e-16
0.000000e+00
0.000000e+00
1.000000e+00
0.000000e+00
0.000000e+00
5.905512e-01
0.000000e+00
9.842519e-02
5.905512e-01
0.000000e+00
0.000000e+00
5.905512e-01
5.561811e-01
9.842519e-02
1.000000e+00
0.000000e+00
0.000000e+00
5.905512e-01
5.561811e-01
9.842519e-02
5.905512e-01
0.000000e+00
0.000000e+00
5.905512e-01
5.582386e-01
9.835456e-02
1.000000e+00
0.000000e+00
0.000000e+00
5.905512e-01
5.582386e-01
9.835456e-02
5.905512e-01
0.000000e+00
0.000000e+00
5.905512e-01
5.675290e-01
9.842519e-02
1.000000e+00
0.000000e+00
0.000000e+00
5.905512e-01
5.675290e-01
9.842519e-02
5.905512e-01
0.000000e+00
0.000000e+00
5.905512e-01
1.771654e+00
0.000000e+00
1.000000e+00
0.000000e+00
0.000000e+00
5.905512e-01
5.675290e-01
9.842519e-02
5.905512e-01
1.771654e+00
0.000000e+00
5.905512e-01
1.771654e+00
9.842519e-02
0.000000e+00
1.000000e+00
0.000000e+00
3.170842e-01
1.771654e+00
9.842519e-02
5.905512e-01
1.771654e+00
9.842519e-02
5.905512e-01
1.771654e+00
0.000000e+00
0.000000e+00
1.000000e+00
0.000000e+00
1.707405e-16
1.771654e+00
0.000000e+00
1.707405e-16
1.771654e+00
9.842519e-02
2.714042e-01
1.771654e+00
9.842519e-02
0.000000e+00
1.000000e+00
0.000000e+00
2.714042e-01
1.771654e+00
9.842519e-02
2.767443e-01
1.771654e+00
9.796944e-02
1.707405e-16
1.771654e+00
0.000000e+00
0.000000e+00
1.000000e+00
0.000000e+00
1.707405e-16
1.771654e+00
0.000000e+00
2.767443e-01
1.771654e+00
9.796944e-02
2.819221e-01
1.771654e+00
9.661597e-02
0.000000e+00
1.000000e+00
0.000000e+00
1.707405e-16
1.771654e+00
0.000000e+00
2.819221e-01
1.771654e+00
9.661597e-02
2.867804e-01
1.771654e+00
9.440596e-02
0.000000e+00
1.000000e+00
0.000000e+00
3.017022e-01
1.771654e+00
9.440596e-02
3.065623e-01
1.771654e+00
9.661597e-02
5.905512e-01
1.771654e+00
0.000000e+00
0.000000e+00
1.000000e+00
0.000000e+00
5.905512e-01
1.771654e+00
0.000000e+00
3.065623e-01
1.771654e+00
9.661597e-02
3.117421e-01
1.771654e+00
9.796944e-02
0.000000e+00
1.000000e+00
0.000000e+00
5.905512e-01
1.771654e+00
0.000000e+00
3.117421e-01
1.771654e+00
9.796944e-02
3.170842e-01
1.771654e+00
9.842519e-02
0.000000e+00
1.000000e+00
0.000000e+00
2.867804e-01
1.771654e+00
9.440596e-02
2.911715e-01
1.771654e+00
9.140653e-02
1.707405e-16
1.771654e+00
0.000000e+00
0.000000e+00
1.000000e+00
0.000000e+00
1.707405e-16
1.771654e+00
0.000000e+00
2.911715e-01
1.771654e+00
9.140653e-02
2.942399e-01
1.771654e+00
8.851837e-02
0.000000e+00
1.000000e+00
0.000000e+00
1.707405e-16
1.771654e+00
0.000000e+00
2.942399e-01
1.771654e+00
8.851837e-02
5.905512e-01
1.771654e+00
0.000000e+00
0.000000e+00
1.000000e+00
0.000000e+00
5.905512e-01
1.771654e+00
0.000000e+00
2.942399e-01
1.771654e+00
8.851837e-02
2.973095e-01
1.771654e+00
9.140653e-02
0.000000e+00
1.000000e+00
0.000000e+00
5.905512e-01
1.771654e+00
0.000000e+00
2.973095e-01
1.771654e+00
9.140653e-02
3.017022e-01
1.771654e+00
9.440596e-02
0.000000e+00
0.000000e+00
1.000000e+00
-1.039648e-16
5.673328e-01
9.842519e-02
2.714042e-01
1.771654e+00
9.842519e-02
1.707405e-16
1.771654e+00
9.842519e-02
0.000000e+00
0.000000e+00
-1.000000e+00
1.850492e-01
5.861811e-01
0.000000e+00
2.668182e-01
9.317580e-01
0.000000e+00
3.282672e-01
9.317580e-01
0.000000e+00
0.000000e+00
0.000000e+00
-1.000000e+00
1.707405e-16
0.000000e+00
0.000000e+00
4.034889e-01
5.861811e-01
0.000000e+00
5.905512e-01
0.000000e+00
0.000000e+00
0.000000e+00
0.000000e+00
-1.000000e+00
5.905512e-01
0.000000e+00
0.000000e+00
4.034889e-01
5.861811e-01
0.000000e+00
5.555512e-01
5.861811e-01
0.000000e+00
0.000000e+00
0.000000e+00
-1.000000e+00
5.905512e-01
0.000000e+00
0.000000e+00
5.555512e-01
5.861811e-01
0.000000e+00
5.905512e-01
1.771654e+00
0.000000e+00
0.000000e+00
0.000000e+00
-1.000000e+00
5.905512e-01
1.771654e+00
0.000000e+00
5.555512e-01
5.861811e-01
0.000000e+00
2.942690e-01
1.736653e+00
0.000000e+00
0.000000e+00
0.000000e+00
-1.000000e+00
5.905512e-01
1.771654e+00
0.000000e+00
2.942690e-01
1.736653e+00
0.000000e+00
1.707405e-16
1.771654e+00
0.000000e+00
0.000000e+00
0.000000e+00
-1.000000e+00
1.707405e-16
1.771654e+00
0.000000e+00
2.942690e-01
1.736653e+00
0.000000e+00
3.500000e-02
5.861811e-01
0.000000e+00
0.000000e+00
0.000000e+00
-1.000000e+00
1.707405e-16
1.771654e+00
0.000000e+00
3.500000e-02
5.861811e-01
0.000000e+00
1.707405e-16
0.000000e+00
0.000000e+00
0.000000e+00
0.000000e+00
-1.000000e+00
1.707405e-16
0.000000e+00
0.000000e+00
3.500000e-02
5.861811e-01
0.000000e+00
1.850492e-01
5.861811e-01
0.000000e+00
0.000000e+00
0.000000e+00
-1.000000e+00
1.707405e-16
0.000000e+00
0.000000e+00
1.850492e-01
5.861811e-01
0.000000e+00
4.034889e-01
5.861811e-01
0.000000e+00
0.000000e+00
0.000000e+00
-1.000000e+00
4.034889e-01
5.861811e-01
0.000000e+00
1.850492e-01
5.861811e-01
0.000000e+00
3.282672e-01
9.317580e-01
0.000000e+00
-9.731296e-01
2.302581e-01
0.000000e+00
2.668182e-01
9.317580e-01
6.842519e-02
2.668182e-01
9.317580e-01
0.000000e+00
1.850492e-01
5.861811e-01
6.842519e-02
-9.731296e-01
2.302581e-01
0.000000e+00
1.850492e-01
5.861811e-01
6.842519e-02
2.668182e-01
9.317580e-01
0.000000e+00
1.850492e-01
5.861811e-01
0.000000e+00
0.000000e+00
1.000000e+00
0.000000e+00
1.850492e-01
5.861811e-01
6.842519e-02
1.850492e-01
5.861811e-01
0.000000e+00
3.500000e-02
5.861811e-01
6.842519e-02
0.000000e+00
1.000000e+00
0.000000e+00
3.500000e-02
5.861811e-01
6.842519e-02
1.850492e-01
5.861811e-01
0.000000e+00
3.500000e-02
5.861811e-01
0.000000e+00
9.755347e-01
-2.198453e-01
0.000000e+00
3.500000e-02
5.861811e-01
6.842519e-02
3.500000e-02
5.861811e-01
0.000000e+00
2.942690e-01
1.736653e+00
6.842519e-02
9.755347e-01
-2.198453e-01
0.000000e+00
2.942690e-01
1.736653e+00
6.842519e-02
3.500000e-02
5.861811e-01
0.000000e+00
2.942690e-01
1.736653e+00
0.000000e+00
-9.751675e-01
-2.214689e-01
0.000000e+00
2.942690e-01
1.736653e+00
6.842519e-02
2.942690e-01
1.736653e+00
0.000000e+00
5.555512e-01
5.861811e-01
6.842519e-02
-9.751675e-01
-2.214689e-01
0.000000e+00
5.555512e-01
5.861811e-01
6.842519e-02
2.942690e-01
1.736653e+00
0.000000e+00
5.555512e-01
5.861811e-01
0.000000e+00
0.000000e+00
1.000000e+00
0.000000e+00
5.555512e-01
5.861811e-01
6.842519e-02
5.555512e-01
5.861811e-01
0.000000e+00
4.034889e-01
5.861811e-01
6.842519e-02
0.000000e+00
1.000000e+00
0.000000e+00
4.034889e-01
5.861811e-01
6.842519e-02
5.555512e-01
5.861811e-01
0.000000e+00
4.034889e-01
5.861811e-01
0.000000e+00
9.771198e-01
2.126896e-01
0.000000e+00
4.034889e-01
5.861811e-01
6.842519e-02
4.034889e-01
5.861811e-01
0.000000e+00
3.282672e-01
9.317580e-01
6.842519e-02
9.771198e-01
2.126896e-01
0.000000e+00
3.282672e-01
9.317580e-01
6.842519e-02
4.034889e-01
5.861811e-01
0.000000e+00
3.282672e-01
9.317580e-01
0.000000e+00
0.000000e+00
1.000000e+00
0.000000e+00
3.282672e-01
9.317580e-01
6.842519e-02
3.282672e-01
9.317580e-01
0.000000e+00
2.668182e-01
9.317580e-01
6.842519e-02
0.000000e+00
1.000000e+00
0.000000e+00
2.668182e-01
9.317580e-01
6.842519e-02
3.282672e-01
9.317580e-01
0.000000e+00
2.668182e-01
9.317580e-01
0.000000e+00
0.000000e+00
8.042149e-02
9.967610e-01
4.000959e-03
5.613905e-01
9.796944e-02
1.707405e-16
5.581909e-01
9.835780e-02
1.707405e-16
5.561811e-01
9.842519e-02
0.000000e+00
9.995772e-01
2.907651e-02
1.850492e-01
5.861811e-01
6.842519e-02
3.500000e-02
5.861811e-01
6.842519e-02
1.851394e-01
5.860670e-01
7.103987e-02
0.000000e+00
9.983077e-01
5.815303e-02
1.851394e-01
5.860670e-01
7.103987e-02
3.500000e-02
5.861811e-01
6.842519e-02
3.485725e-02
5.860670e-01
7.103987e-02
0.000000e+00
9.932393e-01
1.160848e-01
1.851394e-01
5.860670e-01
7.103987e-02
3.485725e-02
5.860670e-01
7.103987e-02
1.854097e-01
5.857254e-01
7.363465e-02
0.000000e+00
9.894404e-01
1.449400e-01
1.854097e-01
5.857254e-01
7.363465e-02
3.485725e-02
5.860670e-01
7.103987e-02
3.443009e-02
5.857254e-01
7.363465e-02
0.000000e+00
9.793423e-01
2.022095e-01
1.854097e-01
5.857254e-01
7.363465e-02
3.443009e-02
5.857254e-01
7.363465e-02
1.858577e-01
5.851589e-01
7.618977e-02
0.000000e+00
9.730430e-01
2.306239e-01
1.858577e-01
5.851589e-01
7.618977e-02
3.443009e-02
5.857254e-01
7.363465e-02
3.372177e-02
5.851589e-01
7.618977e-02
0.000000e+00
9.579919e-01
2.867954e-01
1.858577e-01
5.851589e-01
7.618977e-02
3.372177e-02
5.851589e-01
7.618977e-02
1.864802e-01
5.843719e-01
7.868581e-02
0.000000e+00
9.492401e-01
3.145525e-01
1.864802e-01
5.843719e-01
7.868581e-02
3.372177e-02
5.851589e-01
7.618977e-02
3.273768e-02
5.843719e-01
7.868581e-02
0.000000e+00
9.293506e-01
3.691985e-01
1.864802e-01
5.843719e-01
7.868581e-02
3.273768e-02
5.843719e-01
7.868581e-02
1.872725e-01
5.833703e-01
8.110374e-02
0.000000e+00
9.182128e-01
3.960873e-01
1.872725e-01
5.833703e-01
8.110374e-02
3.273768e-02
5.843719e-01
7.868581e-02
3.148531e-02
5.833703e-01
8.110374e-02
0.000000e+00
8.936363e-01
4.487918e-01
1.872725e-01
5.833703e-01
8.110374e-02
3.148531e-02
5.833703e-01
8.110374e-02
1.882284e-01
5.821618e-01
8.342520e-02
0.000000e+00
8.801975e-01
4.746076e-01
1.882284e-01
5.821618e-01
8.342520e-02
3.148531e-02
5.833703e-01
8.110374e-02
2.997419e-02
5.821618e-01
8.342520e-02
0.000000e+00
8.511210e-01
5.249696e-01
1.882284e-01
5.821618e-01
8.342520e-02
2.997419e-02
5.821618e-01
8.342520e-02
1.893407e-01
5.807557e-01
8.563249e-02
0.000000e+00
8.354833e-01
5.495159e-01
1.893407e-01
5.807557e-01
8.563249e-02
2.997419e-02
5.821618e-01
8.342520e-02
2.821583e-02
5.807557e-01
8.563249e-02
0.000000e+00
8.021281e-01
5.971520e-01
1.893407e-01
5.807557e-01
8.563249e-02
2.821583e-02
5.807557e-01
8.563249e-02
1.906009e-01
5.791625e-01
8.770882e-02
0.000000e+00
7.844105e-01
6.202420e-01
2.821583e-02
5.807557e-01
8.563249e-02
2.622360e-02
5.791625e-01
8.770882e-02
1.906009e-01
5.791625e-01
8.770882e-02
0.000000e+00
7.274188e-01
6.861938e-01
1.906009e-01
5.791625e-01
8.770882e-02
2.622360e-02
5.791625e-01
8.770882e-02
2.159985e-02
5.754647e-01
9.140653e-02
0.000000e+00
6.861938e-01
7.274188e-01
1.906009e-01
5.791625e-01
8.770882e-02
2.159985e-02
5.754647e-01
9.140653e-02
1.935258e-01
5.754647e-01
9.140653e-02
0.000000e+00
5.972114e-01
8.020838e-01
1.935258e-01
5.754647e-01
9.140653e-02
2.159985e-02
5.754647e-01
9.140653e-02
1.624344e-02
5.711811e-01
9.440596e-02
0.000000e+00
5.494540e-01
8.355240e-01
1.935258e-01
5.754647e-01
9.140653e-02
1.624344e-02
5.711811e-01
9.440596e-02
1.969141e-01
5.711811e-01
9.440596e-02
0.000000e+00
4.488580e-01
8.936031e-01
1.969141e-01
5.711811e-01
9.440596e-02
1.624344e-02
5.711811e-01
9.440596e-02
1.031712e-02
5.664417e-01
9.661597e-02
0.000000e+00
3.960194e-01
9.182422e-01
1.969141e-01
5.711811e-01
9.440596e-02
1.031712e-02
5.664417e-01
9.661597e-02
2.006629e-01
5.664417e-01
9.661597e-02
0.000000e+00
2.868663e-01
9.579706e-01
2.006629e-01
5.664417e-01
9.661597e-02
1.031712e-02
5.664417e-01
9.661597e-02
4.000959e-03
5.613905e-01
9.796944e-02
0.000000e+00
2.305519e-01
9.730600e-01
2.006629e-01
5.664417e-01
9.661597e-02
4.000959e-03
5.613905e-01
9.796944e-02
2.046584e-01
5.613905e-01
9.796944e-02
0.000000e+00
1.161583e-01
9.932307e-01
2.046584e-01
5.613905e-01
9.796944e-02
4.000959e-03
5.613905e-01
9.796944e-02
1.707405e-16
5.561811e-01
9.842519e-02
0.000000e+00
5.807913e-02
9.983119e-01
2.046584e-01
5.613905e-01
9.796944e-02
1.707405e-16
5.561811e-01
9.842519e-02
2.087790e-01
5.561811e-01
9.842519e-02
-9.727182e-01
2.301608e-01
2.907651e-02
2.668182e-01
9.317580e-01
6.842519e-02
1.850492e-01
5.861811e-01
6.842519e-02
2.669085e-01
9.316438e-01
7.103987e-02
-9.714828e-01
2.298685e-01
5.815303e-02
2.669085e-01
9.316438e-01
7.103987e-02
1.850492e-01
5.861811e-01
6.842519e-02
1.851394e-01
5.860670e-01
7.103987e-02
-9.665506e-01
2.287014e-01
1.160848e-01
2.669085e-01
9.316438e-01
7.103987e-02
1.851394e-01
5.860670e-01
7.103987e-02
2.671787e-01
9.313022e-01
7.363465e-02
-9.628538e-01
2.278267e-01
1.449400e-01
2.671787e-01
9.313022e-01
7.363465e-02
1.851394e-01
5.860670e-01
7.103987e-02
1.854097e-01
5.857254e-01
7.363465e-02
-9.530270e-01
2.255015e-01
2.022095e-01
2.671787e-01
9.313022e-01
7.363465e-02
1.854097e-01
5.857254e-01
7.363465e-02
2.676268e-01
9.307358e-01
7.618977e-02
-9.468969e-01
2.240511e-01
2.306239e-01
2.676268e-01
9.307358e-01
7.618977e-02
1.854097e-01
5.857254e-01
7.363465e-02
1.858577e-01
5.851589e-01
7.618977e-02
-9.322502e-01
2.205854e-01
2.867954e-01
2.676268e-01
9.307358e-01
7.618977e-02
1.858577e-01
5.851589e-01
7.618977e-02
2.682493e-01
9.299487e-01
7.868581e-02
-9.237336e-01
2.185702e-01
3.145525e-01
2.682493e-01
9.299487e-01
7.868581e-02
1.858577e-01
5.851589e-01
7.618977e-02
1.864802e-01
5.843719e-01
7.868581e-02
-9.043785e-01
2.139905e-01
3.691986e-01
2.682493e-01
9.299487e-01
7.868581e-02
1.864802e-01
5.843719e-01
7.868581e-02
2.690415e-01
9.289473e-01
8.110374e-02
-8.935401e-01
2.114260e-01
3.960873e-01
2.690415e-01
9.289473e-01
8.110374e-02
1.864802e-01
5.843719e-01
7.868581e-02
1.872725e-01
5.833703e-01
8.110374e-02
-8.696240e-01
2.057670e-01
4.487919e-01
2.690415e-01
9.289473e-01
8.110374e-02
1.872725e-01
5.833703e-01
8.110374e-02
2.699974e-01
9.277387e-01
8.342520e-02
-8.565462e-01
2.026726e-01
4.746076e-01
2.699974e-01
9.277387e-01
8.342520e-02
1.872725e-01
5.833703e-01
8.110374e-02
1.882284e-01
5.821618e-01
8.342520e-02
-8.282510e-01
1.959775e-01
5.249696e-01
2.699974e-01
9.277387e-01
8.342520e-02
1.882284e-01
5.821618e-01
8.342520e-02
2.711097e-01
9.263326e-01
8.563249e-02
-8.130335e-01
1.923768e-01
5.495159e-01
2.711097e-01
9.263326e-01
8.563249e-02
1.882284e-01
5.821618e-01
8.342520e-02
1.893407e-01
5.807557e-01
8.563249e-02
-7.805746e-01
1.846965e-01
5.971520e-01
2.711097e-01
9.263326e-01
8.563249e-02
1.893407e-01
5.807557e-01
8.563249e-02
2.723700e-01
9.247394e-01
8.770882e-02
-7.633331e-01
1.806169e-01
6.202419e-01
1.893407e-01
5.807557e-01
8.563249e-02
1.906009e-01
5.791625e-01
8.770882e-02
2.723700e-01
9.247394e-01
8.770882e-02
-7.078727e-01
1.674941e-01
6.861938e-01
2.723700e-01
9.247394e-01
8.770882e-02
1.906009e-01
5.791625e-01
8.770882e-02
1.935258e-01
5.754647e-01
9.140653e-02
-6.677555e-01
1.580017e-01
7.274188e-01
2.723700e-01
9.247394e-01
8.770882e-02
1.935258e-01
5.754647e-01
9.140653e-02
2.752948e-01
9.210417e-01
9.140653e-02
-5.811641e-01
1.375128e-01
8.020839e-01
2.752948e-01
9.210417e-01
9.140653e-02
1.935258e-01
5.754647e-01
9.140653e-02
1.969141e-01
5.711811e-01
9.440596e-02
-5.346900e-01
1.265163e-01
8.355240e-01
2.752948e-01
9.210417e-01
9.140653e-02
1.969141e-01
5.711811e-01
9.440596e-02
2.786832e-01
9.167580e-01
9.440596e-02
-4.367970e-01
1.033532e-01
8.936031e-01
2.786832e-01
9.167580e-01
9.440596e-02
1.969141e-01
5.711811e-01
9.440596e-02
2.006629e-01
5.664417e-01
9.661597e-02
-3.853782e-01
9.118669e-02
9.182422e-01
2.786832e-01
9.167580e-01
9.440596e-02
2.006629e-01
5.664417e-01
9.661597e-02
2.824320e-01
9.120186e-01
9.661597e-02
-2.791581e-01
6.605329e-02
9.579706e-01
2.824320e-01
9.120186e-01
9.661597e-02
2.006629e-01
5.664417e-01
9.661597e-02
2.046584e-01
5.613905e-01
9.796944e-02
-2.243568e-01
5.308643e-02
9.730600e-01
2.824320e-01
9.120186e-01
9.661597e-02
2.046584e-01
5.613905e-01
9.796944e-02
2.864275e-01
9.069675e-01
9.796944e-02
-1.130370e-01
2.674638e-02
9.932307e-01
2.864275e-01
9.069675e-01
9.796944e-02
2.046584e-01
5.613905e-01
9.796944e-02
2.087790e-01
5.561811e-01
9.842519e-02
-5.651852e-02
1.337319e-02
9.983119e-01
2.864275e-01
9.069675e-01
9.796944e-02
2.087790e-01
5.561811e-01
9.842519e-02
2.905481e-01
9.017580e-01
9.842519e-02
0.000000e+00
9.995772e-01
2.907651e-02
3.282672e-01
9.317580e-01
6.842519e-02
2.668182e-01
9.317580e-01
6.842519e-02
2.669085e-01
9.316438e-01
7.103987e-02
0.000000e+00
9.983077e-01
5.815303e-02
3.282672e-01
9.317580e-01
6.842519e-02
2.669085e-01
9.316438e-01
7.103987e-02
3.281752e-01
9.316438e-01
7.103987e-02
0.000000e+00
9.932393e-01
1.160848e-01
3.281752e-01
9.316438e-01
7.103987e-02
2.669085e-01
9.316438e-01
7.103987e-02
2.671787e-01
9.313022e-01
7.363465e-02
0.000000e+00
9.894404e-01
1.449400e-01
3.281752e-01
9.316438e-01
7.103987e-02
2.671787e-01
9.313022e-01
7.363465e-02
3.279000e-01
9.313022e-01
7.363465e-02
0.000000e+00
9.793423e-01
2.022095e-01
3.279000e-01
9.313022e-01
7.363465e-02
2.671787e-01
9.313022e-01
7.363465e-02
2.676268e-01
9.307358e-01
7.618977e-02
0.000000e+00
9.730430e-01
2.306239e-01
3.279000e-01
9.313022e-01
7.363465e-02
2.676268e-01
9.307358e-01
7.618977e-02
3.274436e-01
9.307358e-01
7.618977e-02
0.000000e+00
9.579919e-01
2.867954e-01
3.274436e-01
9.307358e-01
7.618977e-02
2.676268e-01
9.307358e-01
7.618977e-02
2.682493e-01
9.299487e-01
7.868581e-02
0.000000e+00
9.492401e-01
3.145525e-01
3.274436e-01
9.307358e-01
7.618977e-02
2.682493e-01
9.299487e-01
7.868581e-02
3.268094e-01
9.299487e-01
7.868581e-02
0.000000e+00
9.293506e-01
3.691985e-01
3.268094e-01
9.299487e-01
7.868581e-02
2.682493e-01
9.299487e-01
7.868581e-02
2.690415e-01
9.289473e-01
8.110374e-02
0.000000e+00
9.182128e-01
3.960873e-01
3.268094e-01
9.299487e-01
7.868581e-02
2.690415e-01
9.289473e-01
8.110374e-02
3.260024e-01
9.289473e-01
8.110374e-02
0.000000e+00
8.936363e-01
4.487918e-01
3.260024e-01
9.289473e-01
8.110374e-02
2.690415e-01
9.289473e-01
8.110374e-02
2.699974e-01
9.277387e-01
8.342520e-02
0.000000e+00
8.801975e-01
4.746076e-01
3.260024e-01
9.289473e-01
8.110374e-02
2.699974e-01
9.277387e-01
8.342520e-02
3.250287e-01
9.277387e-01
8.342520e-02
0.000000e+00
8.511210e-01
5.249696e-01
3.250287e-01
9.277387e-01
8.342520e-02
2.699974e-01
9.277387e-01
8.342520e-02
2.711097e-01
9.263326e-01
8.563249e-02
0.000000e+00
8.354833e-01
5.495159e-01
3.250287e-01
9.277387e-01
8.342520e-02
2.711097e-01
9.263326e-01
8.563249e-02
3.238957e-01
9.263326e-01
8.563249e-02
0.000000e+00
8.021281e-01
5.971520e-01
3.238957e-01
9.263326e-01
8.563249e-02
2.711097e-01
9.263326e-01
8.563249e-02
2.723700e-01
9.247394e-01
8.770882e-02
0.000000e+00
7.844105e-01
6.202420e-01
3.238957e-01
9.263326e-01
8.563249e-02
2.723700e-01
9.247394e-01
8.770882e-02
3.226119e-01
9.247394e-01
8.770882e-02
0.000000e+00
7.274188e-01
6.861938e-01
3.226119e-01
9.247394e-01
8.770882e-02
2.723700e-01
9.247394e-01
8.770882e-02
2.752948e-01
9.210417e-01
9.140653e-02
0.000000e+00
6.861938e-01
7.274188e-01
3.226119e-01
9.247394e-01
8.770882e-02
2.752948e-01
9.210417e-01
9.140653e-02
3.196325e-01
9.210417e-01
9.140653e-02
0.000000e+00
5.972114e-01
8.020838e-01
3.196325e-01
9.210417e-01
9.140653e-02
2.752948e-01
9.210417e-01
9.140653e-02
2.786832e-01
9.167580e-01
9.440596e-02
0.000000e+00
5.494540e-01
8.355240e-01
3.196325e-01
9.210417e-01
9.140653e-02
2.786832e-01
9.167580e-01
9.440596e-02
3.161810e-01
9.167580e-01
9.440596e-02
0.000000e+00
4.488580e-01
8.936031e-01
3.161810e-01
9.167580e-01
9.440596e-02
2.786832e-01
9.167580e-01
9.440596e-02
2.824320e-01
9.120186e-01
9.661597e-02
0.000000e+00
3.960194e-01
9.182422e-01
3.161810e-01
9.167580e-01
9.440596e-02
2.824320e-01
9.120186e-01
9.661597e-02
3.123623e-01
9.120186e-01
9.661597e-02
0.000000e+00
2.868663e-01
9.579706e-01
3.123623e-01
9.120186e-01
9.661597e-02
2.824320e-01
9.120186e-01
9.661597e-02
2.864275e-01
9.069675e-01
9.796944e-02
0.000000e+00
2.305519e-01
9.730600e-01
3.123623e-01
9.120186e-01
9.661597e-02
2.864275e-01
9.069675e-01
9.796944e-02
3.082923e-01
9.069675e-01
9.796944e-02
0.000000e+00
1.161583e-01
9.932307e-01
3.082923e-01
9.069675e-01
9.796944e-02
2.864275e-01
9.069675e-01
9.796944e-02
2.905481e-01
9.017580e-01
9.842519e-02
0.000000e+00
5.807913e-02
9.983119e-01
3.082923e-01
9.069675e-01
9.796944e-02
2.905481e-01
9.017580e-01
9.842519e-02
3.040948e-01
9.017580e-01
9.842519e-02
9.632449e-01
2.096694e-01
1.679228e-01
4.031217e-01
5.857254e-01
7.363465e-02
4.031748e-01
5.857914e-01
7.311563e-02
3.279000e-01
9.313022e-01
7.363465e-02
9.680001e-01
2.107045e-01
1.363062e-01
3.279000e-01
9.313022e-01
7.363465e-02
4.031748e-01
5.857914e-01
7.311563e-02
4.034144e-01
5.860887e-01
7.077897e-02
9.708398e-01
2.113226e-01
1.131940e-01
3.279000e-01
9.313022e-01
7.363465e-02
4.034144e-01
5.860887e-01
7.077897e-02
3.281752e-01
9.316438e-01
7.103987e-02
9.756274e-01
2.123647e-01
5.524747e-02
3.281752e-01
9.316438e-01
7.103987e-02
4.034144e-01
5.860887e-01
7.077897e-02
4.034889e-01
5.861811e-01
6.842519e-02
9.767067e-01
2.125997e-01
2.907651e-02
3.281752e-01
9.316438e-01
7.103987e-02
4.034889e-01
5.861811e-01
6.842519e-02
3.282672e-01
9.317580e-01
6.842519e-02
9.533461e-01
2.075148e-01
2.192458e-01
4.031217e-01
5.857254e-01
7.363465e-02
3.279000e-01
9.313022e-01
7.363465e-02
4.023058e-01
5.847128e-01
7.769570e-02
9.467017e-01
2.060685e-01
2.475718e-01
4.023058e-01
5.847128e-01
7.769570e-02
3.279000e-01
9.313022e-01
7.363465e-02
3.274436e-01
9.307358e-01
7.618977e-02
9.310365e-01
2.026587e-01
3.034805e-01
4.023058e-01
5.847128e-01
7.769570e-02
3.274436e-01
9.307358e-01
7.618977e-02
4.020311e-01
5.843719e-01
7.868581e-02
9.275213e-01
2.018935e-01
3.145526e-01
4.020311e-01
5.843719e-01
7.868581e-02
3.274436e-01
9.307358e-01
7.618977e-02
3.268094e-01
9.299487e-01
7.868581e-02
9.038332e-01
1.967373e-01
3.799735e-01
4.020311e-01
5.843719e-01
7.868581e-02
3.268094e-01
9.299487e-01
7.868581e-02
4.008543e-01
5.829113e-01
8.204491e-02
8.926392e-01
1.943007e-01
4.067464e-01
4.008543e-01
5.829113e-01
8.204491e-02
3.268094e-01
9.299487e-01
7.868581e-02
3.260024e-01
9.289473e-01
8.110374e-02
8.680357e-01
1.889452e-01
4.591446e-01
4.008543e-01
5.829113e-01
8.204491e-02
3.260024e-01
9.289473e-01
8.110374e-02
4.001939e-01
5.820917e-01
8.338234e-02
8.600689e-01
1.872111e-01
4.745876e-01
3.260024e-01
9.289473e-01
8.110374e-02
3.250287e-01
9.277387e-01
8.342520e-02
4.001939e-01
5.820917e-01
8.338234e-02
8.316588e-01
1.810271e-01
5.249502e-01
4.001939e-01
5.820917e-01
8.338234e-02
3.250287e-01
9.277387e-01
8.342520e-02
3.238957e-01
9.263326e-01
8.563249e-02
8.132410e-01
1.770181e-01
5.543498e-01
4.001939e-01
5.820917e-01
8.338234e-02
3.238957e-01
9.263326e-01
8.563249e-02
3.988724e-01
5.804516e-01
8.605875e-02
7.803657e-01
1.698621e-01
6.018108e-01
3.988724e-01
5.804516e-01
8.605875e-02
3.238957e-01
9.263326e-01
8.563249e-02
3.226119e-01
9.247394e-01
8.770882e-02
7.629318e-01
1.660673e-01
6.247853e-01
3.988724e-01
5.804516e-01
8.605875e-02
3.226119e-01
9.247394e-01
8.770882e-02
3.977776e-01
5.790929e-01
8.764955e-02
7.299437e-01
1.588868e-01
6.647836e-01
3.977776e-01
5.790929e-01
8.764955e-02
3.226119e-01
9.247394e-01
8.770882e-02
3.964089e-01
5.773943e-01
8.963840e-02
6.909281e-01
1.503942e-01
7.071068e-01
3.964089e-01
5.773943e-01
8.963840e-02
3.226119e-01
9.247394e-01
8.770882e-02
3.196325e-01
9.210417e-01
9.140653e-02
6.495734e-01
1.413926e-01
7.470359e-01
3.964089e-01
5.773943e-01
8.963840e-02
3.196325e-01
9.210417e-01
9.140653e-02
3.948064e-01
5.754055e-01
9.133703e-02
6.104903e-01
1.328854e-01
7.807964e-01
3.948064e-01
5.754055e-01
9.133703e-02
3.196325e-01
9.210417e-01
9.140653e-02
3.935247e-01
5.738147e-01
9.269571e-02
5.651117e-01
1.230078e-01
8.157927e-01
3.935247e-01
5.738147e-01
9.269571e-02
3.196325e-01
9.210417e-01
9.140653e-02
3.161810e-01
9.167580e-01
9.440596e-02
5.177650e-01
1.127019e-01
8.480669e-01
3.935247e-01
5.738147e-01
9.269571e-02
3.161810e-01
9.167580e-01
9.440596e-02
3.913683e-01
5.711383e-01
9.433576e-02
4.737003e-01
1.031103e-01
8.746292e-01
3.913683e-01
5.711383e-01
9.433576e-02
3.161810e-01
9.167580e-01
9.440596e-02
3.902905e-01
5.698009e-01
9.515539e-02
4.232502e-01
9.212884e-02
9.013166e-01
3.902905e-01
5.698009e-01
9.515539e-02
3.161810e-01
9.167580e-01
9.440596e-02
3.123623e-01
9.120186e-01
9.661597e-02
3.712549e-01
8.081102e-02
9.250078e-01
3.902905e-01
5.698009e-01
9.515539e-02
3.123623e-01
9.120186e-01
9.661597e-02
3.875645e-01
5.664176e-01
9.655678e-02
3.234639e-01
7.040835e-02
9.436174e-01
3.875645e-01
5.664176e-01
9.655678e-02
3.123623e-01
9.120186e-01
9.661597e-02
3.867862e-01
5.654516e-01
9.695689e-02
2.693708e-01
5.863391e-02
9.612499e-01
3.867862e-01
5.654516e-01
9.695689e-02
3.123623e-01
9.120186e-01
9.661597e-02
3.082923e-01
9.069675e-01
9.796944e-02
2.142087e-01
4.662680e-02
9.756744e-01
3.867862e-01
5.654516e-01
9.695689e-02
3.082923e-01
9.069675e-01
9.796944e-02
3.835073e-01
5.613823e-01
9.793385e-02
1.640531e-01
3.570943e-02
9.858050e-01
3.835073e-01
5.613823e-01
9.793385e-02
3.082923e-01
9.069675e-01
9.796944e-02
3.830979e-01
5.608742e-01
9.805585e-02
1.078420e-01
2.347396e-02
9.938909e-01
3.830979e-01
5.608742e-01
9.805585e-02
3.082923e-01
9.069675e-01
9.796944e-02
3.040948e-01
9.017580e-01
9.842519e-02
5.109171e-02
1.112113e-02
9.986320e-01
3.830979e-01
5.608742e-01
9.805585e-02
3.040948e-01
9.017580e-01
9.842519e-02
3.793165e-01
5.561811e-01
9.842519e-02
0.000000e+00
9.643948e-01
2.644666e-01
4.031217e-01
5.857254e-01
7.363465e-02
4.023058e-01
5.847128e-01
7.769570e-02
5.573903e-01
5.847128e-01
7.769570e-02
0.000000e+00
8.480677e-01
5.298879e-01
4.001939e-01
5.820917e-01
8.338234e-02
3.988724e-01
5.804516e-01
8.605875e-02
5.605856e-01
5.821618e-01
8.342520e-02
0.000000e+00
7.470360e-01
6.647836e-01
3.977776e-01
5.790929e-01
8.764955e-02
3.964089e-01
5.773943e-01
8.963840e-02
5.643426e-01
5.791625e-01
8.770882e-02
0.000000e+00
6.247855e-01
7.807964e-01
3.948064e-01
5.754055e-01
9.133703e-02
3.935247e-01
5.738147e-01
9.269571e-02
5.689742e-01
5.754647e-01
9.140653e-02
0.000000e+00
4.847924e-01
8.746292e-01
3.913683e-01
5.711383e-01
9.433576e-02
3.902905e-01
5.698009e-01
9.515539e-02
5.743398e-01
5.711811e-01
9.440596e-02
0.000000e+00
7.509793e-02
9.971762e-01
5.905512e-01
5.561811e-01
9.842519e-02
5.905512e-01
5.582386e-01
9.835456e-02
5.872979e-01
5.608360e-01
9.785127e-02
0.000000e+00
5.222448e-02
9.986354e-01
5.905512e-01
5.561811e-01
9.842519e-02
5.872979e-01
5.608360e-01
9.785127e-02
3.793165e-01
5.561811e-01
9.842519e-02
0.000000e+00
2.134769e-01
9.769481e-01
3.867862e-01
5.654516e-01
9.695689e-02
3.835073e-01
5.613823e-01
9.793385e-02
5.872979e-01
5.608360e-01
9.785127e-02
0.000000e+00
1.620935e-01
9.867754e-01
5.872979e-01
5.608360e-01
9.785127e-02
3.835073e-01
5.613823e-01
9.793385e-02
3.830979e-01
5.608742e-01
9.805585e-02
0.000000e+00
1.045125e-01
9.945236e-01
5.872979e-01
5.608360e-01
9.785127e-02
3.830979e-01
5.608742e-01
9.805585e-02
3.793165e-01
5.561811e-01
9.842519e-02
0.000000e+00
2.134654e-01
9.769506e-01
5.872979e-01
5.608360e-01
9.785127e-02
5.866550e-01
5.613492e-01
9.775183e-02
3.867862e-01
5.654516e-01
9.695689e-02
0.000000e+00
2.644345e-01
9.644036e-01
3.867862e-01
5.654516e-01
9.695689e-02
5.866550e-01
5.613492e-01
9.775183e-02
5.815164e-01
5.654516e-01
9.695689e-02
0.000000e+00
3.200355e-01
9.474056e-01
3.867862e-01
5.654516e-01
9.695689e-02
5.815164e-01
5.654516e-01
9.695689e-02
3.875645e-01
5.664176e-01
9.655678e-02
0.000000e+00
3.309838e-01
9.436365e-01
3.875645e-01
5.664176e-01
9.655678e-02
5.815164e-01
5.654516e-01
9.695689e-02
5.803214e-01
5.664057e-01
9.653211e-02
0.000000e+00
3.798949e-01
9.250297e-01
3.875645e-01
5.664176e-01
9.655678e-02
5.803214e-01
5.664057e-01
9.653211e-02
3.902905e-01
5.698009e-01
9.515539e-02
0.000000e+00
4.173598e-01
9.087414e-01
3.902905e-01
5.698009e-01
9.515539e-02
5.803214e-01
5.664057e-01
9.653211e-02
5.761329e-01
5.697496e-01
9.504331e-02
0.000000e+00
4.695215e-01
8.829210e-01
3.902905e-01
5.698009e-01
9.515539e-02
5.761329e-01
5.697496e-01
9.504331e-02
5.743398e-01
5.711811e-01
9.440596e-02
0.000000e+00
5.298890e-01
8.480669e-01
3.913683e-01
5.711383e-01
9.433576e-02
5.743398e-01
5.711811e-01
9.440596e-02
3.935247e-01
5.738147e-01
9.269571e-02
0.000000e+00
5.592193e-01
8.290197e-01
3.935247e-01
5.738147e-01
9.269571e-02
5.743398e-01
5.711811e-01
9.440596e-02
5.711201e-01
5.737516e-01
9.260613e-02
0.000000e+00
6.064618e-01
7.951126e-01
3.935247e-01
5.738147e-01
9.269571e-02
5.711201e-01
5.737516e-01
9.260613e-02
5.689742e-01
5.754647e-01
9.140653e-02
0.000000e+00
6.647837e-01
7.470359e-01
3.948064e-01
5.754055e-01
9.133703e-02
5.689742e-01
5.754647e-01
9.140653e-02
3.964089e-01
5.773943e-01
8.963840e-02
0.000000e+00
6.862476e-01
7.273681e-01
3.964089e-01
5.773943e-01
8.963840e-02
5.689742e-01
5.754647e-01
9.140653e-02
5.666584e-01
5.773136e-01
8.955768e-02
0.000000e+00
7.273681e-01
6.862476e-01
3.964089e-01
5.773943e-01
8.963840e-02
5.666584e-01
5.773136e-01
8.955768e-02
5.643426e-01
5.791625e-01
8.770882e-02
0.000000e+00
7.807965e-01
6.247854e-01
3.977776e-01
5.790929e-01
8.764955e-02
5.643426e-01
5.791625e-01
8.770882e-02
3.988724e-01
5.804516e-01
8.605875e-02
0.000000e+00
7.951233e-01
6.064478e-01
3.988724e-01
5.804516e-01
8.605875e-02
5.643426e-01
5.791625e-01
8.770882e-02
5.627278e-01
5.804516e-01
8.605875e-02
0.000000e+00
8.290296e-01
5.592046e-01
3.988724e-01
5.804516e-01
8.605875e-02
5.627278e-01
5.804516e-01
8.605875e-02
5.605856e-01
5.821618e-01
8.342520e-02
0.000000e+00
8.746299e-01
4.847912e-01
4.001939e-01
5.820917e-01
8.338234e-02
5.605856e-01
5.821618e-01
8.342520e-02
4.008543e-01
5.829113e-01
8.204491e-02
0.000000e+00
8.829485e-01
4.694700e-01
4.008543e-01
5.829113e-01
8.204491e-02
5.605856e-01
5.821618e-01
8.342520e-02
5.596468e-01
5.829113e-01
8.204491e-02
0.000000e+00
9.087417e-01
4.173590e-01
4.008543e-01
5.829113e-01
8.204491e-02
5.596468e-01
5.829113e-01
8.204491e-02
5.578174e-01
5.843719e-01
7.868581e-02
0.000000e+00
9.473968e-01
3.200614e-01
5.573903e-01
5.847128e-01
7.769570e-02
4.023058e-01
5.847128e-01
7.769570e-02
5.578174e-01
5.843719e-01
7.868581e-02
0.000000e+00
9.436083e-01
3.310639e-01
5.578174e-01
5.843719e-01
7.868581e-02
4.023058e-01
5.847128e-01
7.769570e-02
4.020311e-01
5.843719e-01
7.868581e-02
0.000000e+00
9.249974e-01
3.799735e-01
5.578174e-01
5.843719e-01
7.868581e-02
4.020311e-01
5.843719e-01
7.868581e-02
4.008543e-01
5.829113e-01
8.204491e-02
0.000000e+00
9.702957e-01
2.419219e-01
5.573903e-01
5.847128e-01
7.769570e-02
5.566674e-01
5.852900e-01
7.568286e-02
4.031217e-01
5.857254e-01
7.363465e-02
0.000000e+00
9.805024e-01
1.965074e-01
4.031217e-01
5.857254e-01
7.363465e-02
5.566674e-01
5.852900e-01
7.568286e-02
5.561445e-01
5.857074e-01
7.363101e-02
0.000000e+00
9.858010e-01
1.679177e-01
4.031217e-01
5.857254e-01
7.363465e-02
5.561445e-01
5.857074e-01
7.363101e-02
4.031748e-01
5.857914e-01
7.311563e-02
0.000000e+00
9.996575e-01
2.617097e-02
5.556670e-01
5.860887e-01
7.077897e-02
5.555512e-01
5.861811e-01
6.842519e-02
4.034889e-01
5.861811e-01
6.842519e-02
0.000000e+00
9.867613e-01
1.621796e-01
5.561445e-01
5.857074e-01
7.363101e-02
5.560138e-01
5.858118e-01
7.311823e-02
4.031748e-01
5.857914e-01
7.311563e-02
0.000000e+00
9.914432e-01
1.305390e-01
4.031748e-01
5.857914e-01
7.311563e-02
5.560138e-01
5.858118e-01
7.311823e-02
5.556670e-01
5.860887e-01
7.077897e-02
0.000000e+00
9.945218e-01
1.045294e-01
4.031748e-01
5.857914e-01
7.311563e-02
5.556670e-01
5.860887e-01
7.077897e-02
4.034144e-01
5.860887e-01
7.077897e-02
0.000000e+00
9.986292e-01
5.234194e-02
4.034144e-01
5.860887e-01
7.077897e-02
5.556670e-01
5.860887e-01
7.077897e-02
4.034889e-01
5.861811e-01
6.842519e-02
9.630761e-01
-2.170376e-01
1.593079e-01
2.942680e-01
1.737817e+00
7.234098e-02
2.942673e-01
1.738719e+00
7.363465e-02
3.443009e-02
5.857254e-01
7.363465e-02
7.015395e-01
-1.580981e-01
6.948721e-01
2.942423e-01
1.768799e+00
8.765230e-02
2.942399e-01
1.771654e+00
8.851837e-02
2.911715e-01
1.771654e+00
9.140653e-02
7.845395e-02
-1.768028e-02
9.967610e-01
1.300580e-17
5.673328e-01
9.842519e-02
1.742087e-16
5.581909e-01
9.835780e-02
4.000959e-03
5.613905e-01
9.796944e-02
7.824308e-01
-1.763276e-01
5.972526e-01
2.942539e-01
1.754868e+00
8.342520e-02
2.942423e-01
1.768799e+00
8.765230e-02
2.622360e-02
5.791625e-01
8.770882e-02
7.095879e-01
-1.599118e-01
6.862311e-01
2.622360e-02
5.791625e-01
8.770882e-02
2.942423e-01
1.768799e+00
8.765230e-02
2.911715e-01
1.771654e+00
9.140653e-02
6.694058e-01
-1.508565e-01
7.274188e-01
2.622360e-02
5.791625e-01
8.770882e-02
2.911715e-01
1.771654e+00
9.140653e-02
2.159985e-02
5.754647e-01
9.140653e-02
5.826004e-01
-1.312941e-01
8.020838e-01
2.159985e-02
5.754647e-01
9.140653e-02
2.911715e-01
1.771654e+00
9.140653e-02
2.867804e-01
1.771654e+00
9.440596e-02
5.360115e-01
-1.207949e-01
8.355240e-01
2.159985e-02
5.754647e-01
9.140653e-02
2.867804e-01
1.771654e+00
9.440596e-02
1.624344e-02
5.711811e-01
9.440596e-02
4.378766e-01
-9.867931e-02
8.936031e-01
1.624344e-02
5.711811e-01
9.440596e-02
2.867804e-01
1.771654e+00
9.440596e-02
2.819221e-01
1.771654e+00
9.661597e-02
3.863307e-01
-8.706298e-02
9.182422e-01
1.624344e-02
5.711811e-01
9.440596e-02
2.819221e-01
1.771654e+00
9.661597e-02
1.031712e-02
5.664417e-01
9.661597e-02
2.798480e-01
-6.306619e-02
9.579706e-01
1.031712e-02
5.664417e-01
9.661597e-02
2.819221e-01
1.771654e+00
9.661597e-02
2.767443e-01
1.771654e+00
9.796944e-02
2.249113e-01
-5.068574e-02
9.730600e-01
1.031712e-02
5.664417e-01
9.661597e-02
2.767443e-01
1.771654e+00
9.796944e-02
4.000959e-03
5.613905e-01
9.796944e-02
1.133164e-01
-2.553685e-02
9.932307e-01
4.000959e-03
5.613905e-01
9.796944e-02
2.767443e-01
1.771654e+00
9.796944e-02
2.714042e-01
1.771654e+00
9.842519e-02
5.665821e-02
-1.276842e-02
9.983119e-01
4.000959e-03
5.613905e-01
9.796944e-02
2.714042e-01
1.771654e+00
9.842519e-02
1.300580e-17
5.673328e-01
9.842519e-02
7.991112e-01
-1.800867e-01
5.735765e-01
2.622360e-02
5.791625e-01
8.770882e-02
2.821583e-02
5.807557e-01
8.563249e-02
2.942539e-01
1.754868e+00
8.342520e-02
8.302981e-01
-1.871149e-01
5.249696e-01
2.942539e-01
1.754868e+00
8.342520e-02
2.821583e-02
5.807557e-01
8.563249e-02
2.997419e-02
5.821618e-01
8.342520e-02
8.586633e-01
-1.935073e-01
4.746076e-01
2.942539e-01
1.754868e+00
8.342520e-02
2.997419e-02
5.821618e-01
8.342520e-02
2.942584e-01
1.749392e+00
8.110374e-02
8.841348e-01
-1.992475e-01
4.226183e-01
2.942584e-01
1.749392e+00
8.110374e-02
2.997419e-02
5.821618e-01
8.342520e-02
2.942622e-01
1.744853e+00
7.868581e-02
8.841348e-01
-1.992475e-01
4.226183e-01
2.997419e-02
5.821618e-01
8.342520e-02
3.148531e-02
5.833703e-01
8.110374e-02
2.942622e-01
1.744853e+00
7.868581e-02
9.066138e-01
-2.043133e-01
3.691985e-01
2.942622e-01
1.744853e+00
7.868581e-02
3.148531e-02
5.833703e-01
8.110374e-02
3.273768e-02
5.843719e-01
7.868581e-02
9.260167e-01
-2.086859e-01
3.145525e-01
2.942622e-01
1.744853e+00
7.868581e-02
3.273768e-02
5.843719e-01
7.868581e-02
2.942652e-01
1.741286e+00
7.618977e-02
9.385251e-01
-2.115048e-01
2.728301e-01
2.942652e-01
1.741286e+00
7.618977e-02
3.273768e-02
5.843719e-01
7.868581e-02
2.942663e-01
1.739876e+00
7.491838e-02
9.458753e-01
-2.131613e-01
2.447085e-01
2.942663e-01
1.739876e+00
7.491838e-02
3.273768e-02
5.843719e-01
7.868581e-02
2.942673e-01
1.738719e+00
7.363465e-02
9.422942e-01
-2.123542e-01
2.588190e-01
2.942673e-01
1.738719e+00
7.363465e-02
3.273768e-02
5.843719e-01
7.868581e-02
3.372177e-02
5.851589e-01
7.618977e-02
9.553825e-01
-2.153038e-01
2.022095e-01
2.942673e-01
1.738719e+00
7.363465e-02
3.372177e-02
5.851589e-01
7.618977e-02
3.443009e-02
5.857254e-01
7.363465e-02
9.751223e-01
-2.197523e-01
2.907651e-02
3.485725e-02
5.860670e-01
7.103987e-02
3.500000e-02
5.861811e-01
6.842519e-02
2.942690e-01
1.736653e+00
6.842519e-02
9.718226e-01
-2.190087e-01
8.715574e-02
3.485725e-02
5.860670e-01
7.103987e-02
2.942690e-01
1.736653e+00
6.842519e-02
3.443009e-02
5.857254e-01
7.363465e-02
9.734493e-01
-2.193753e-01
6.535120e-02
3.443009e-02
5.857254e-01
7.363465e-02
2.942690e-01
1.736653e+00
6.842519e-02
2.942690e-01
1.736686e+00
6.907964e-02
9.724177e-01
-2.191428e-01
7.987569e-02
3.443009e-02
5.857254e-01
7.363465e-02
2.942690e-01
1.736686e+00
6.907964e-02
2.942689e-01
1.736783e+00
6.973378e-02
9.711804e-01
-2.188640e-01
9.437823e-02
2.942689e-01
1.736783e+00
6.973378e-02
2.942688e-01
1.736945e+00
7.038729e-02
3.443009e-02
5.857254e-01
7.363465e-02
9.697375e-01
-2.185389e-01
1.088565e-01
3.443009e-02
5.857254e-01
7.363465e-02
2.942688e-01
1.736945e+00
7.038729e-02
2.942686e-01
1.737171e+00
7.103987e-02
9.671889e-01
-2.179645e-01
1.305262e-01
3.443009e-02
5.857254e-01
7.363465e-02
2.942686e-01
1.737171e+00
7.103987e-02
2.942680e-01
1.737817e+00
7.234098e-02
-7.284466e-01
-1.654365e-01
6.648281e-01
2.942423e-01
1.768799e+00
8.765230e-02
5.643426e-01
5.791625e-01
8.770882e-02
5.666584e-01
5.773136e-01
8.955768e-02
-7.012753e-01
-1.592656e-01
6.948721e-01
2.973095e-01
1.771654e+00
9.140653e-02
2.942399e-01
1.771654e+00
8.851837e-02
2.942423e-01
1.768799e+00
8.765230e-02
-6.895122e-01
-1.565941e-01
7.071430e-01
2.942423e-01
1.768799e+00
8.765230e-02
5.666584e-01
5.773136e-01
8.955768e-02
2.973095e-01
1.771654e+00
9.140653e-02
-6.482813e-01
-1.472303e-01
7.470305e-01
2.973095e-01
1.771654e+00
9.140653e-02
5.666584e-01
5.773136e-01
8.955768e-02
5.689742e-01
5.754647e-01
9.140653e-02
-5.823811e-01
-1.322637e-01
8.020838e-01
2.973095e-01
1.771654e+00
9.140653e-02
5.689742e-01
5.754647e-01
9.140653e-02
3.017022e-01
1.771654e+00
9.440596e-02
-5.639967e-01
-1.280885e-01
8.157825e-01
5.689742e-01
5.754647e-01
9.140653e-02
5.711201e-01
5.737516e-01
9.260613e-02
3.017022e-01
1.771654e+00
9.440596e-02
-5.167629e-01
-1.173613e-01
8.480462e-01
3.017022e-01
1.771654e+00
9.440596e-02
5.711201e-01
5.737516e-01
9.260613e-02
5.743398e-01
5.711811e-01
9.440596e-02
-4.377117e-01
-9.940808e-02
8.936031e-01
3.017022e-01
1.771654e+00
9.440596e-02
5.743398e-01
5.711811e-01
9.440596e-02
3.065623e-01
1.771654e+00
9.661597e-02
-4.224559e-01
-9.594336e-02
9.012913e-01
5.743398e-01
5.711811e-01
9.440596e-02
5.761329e-01
5.697496e-01
9.504331e-02
3.065623e-01
1.771654e+00
9.661597e-02
-3.705384e-01
-8.415244e-02
9.249971e-01
3.065623e-01
1.771654e+00
9.661597e-02
5.761329e-01
5.697496e-01
9.504331e-02
5.803214e-01
5.664057e-01
9.653211e-02
-2.796888e-01
-6.351971e-02
9.579872e-01
3.065623e-01
1.771654e+00
9.661597e-02
5.803214e-01
5.664057e-01
9.653211e-02
3.117421e-01
1.771654e+00
9.796944e-02
-5.663688e-02
-1.286272e-02
9.983119e-01
5.905512e-01
5.675290e-01
9.842519e-02
3.170842e-01
1.771654e+00
9.842519e-02
3.117421e-01
1.771654e+00
9.796944e-02
-2.687785e-01
-6.104191e-02
9.612658e-01
5.803214e-01
5.664057e-01
9.653211e-02
5.815164e-01
5.654516e-01
9.695689e-02
3.117421e-01
1.771654e+00
9.796944e-02
-2.137695e-01
-4.854889e-02
9.756770e-01
3.117421e-01
1.771654e+00
9.796944e-02
5.815164e-01
5.654516e-01
9.695689e-02
5.866550e-01
5.613492e-01
9.775183e-02
-1.132413e-01
-2.571808e-02
9.932346e-01
3.117421e-01
1.771654e+00
9.796944e-02
5.866550e-01
5.613492e-01
9.775183e-02
5.905512e-01
5.675290e-01
9.842519e-02
-1.075321e-01
-2.442146e-02
9.939017e-01
5.905512e-01
5.675290e-01
9.842519e-02
5.866550e-01
5.613492e-01
9.775183e-02
5.872979e-01
5.608360e-01
9.785127e-02
-7.323306e-02
-1.663185e-02
9.971762e-01
5.905512e-01
5.675290e-01
9.842519e-02
5.872979e-01
5.608360e-01
9.785127e-02
5.905512e-01
5.582386e-01
9.835456e-02
-8.789346e-01
-1.996136e-01
4.331610e-01
5.578174e-01
5.843719e-01
7.868581e-02
5.596468e-01
5.829113e-01
8.204491e-02
2.942539e-01
1.754868e+00
8.342520e-02
-8.528998e-01
-1.937009e-01
4.848112e-01
2.942539e-01
1.754868e+00
8.342520e-02
5.596468e-01
5.829113e-01
8.204491e-02
5.605856e-01
5.821618e-01
8.342520e-02
-8.147483e-01
-1.850364e-01
5.494967e-01
2.942539e-01
1.754868e+00
8.342520e-02
5.605856e-01
5.821618e-01
8.342520e-02
2.942423e-01
1.768799e+00
8.765230e-02
-7.955056e-01
-1.806662e-01
5.783862e-01
2.942423e-01
1.768799e+00
8.765230e-02
5.605856e-01
5.821618e-01
8.342520e-02
5.627278e-01
5.804516e-01
8.605875e-02
-7.613711e-01
-1.729139e-01
6.248319e-01
2.942423e-01
1.768799e+00
8.765230e-02
5.627278e-01
5.804516e-01
8.605875e-02
5.643426e-01
5.791625e-01
8.770882e-02
-9.419407e-01
-2.139228e-01
2.588140e-01
2.942652e-01
1.741286e+00
7.618977e-02
5.561445e-01
5.857074e-01
7.363101e-02
2.942622e-01
1.744853e+00
7.868581e-02
-9.433967e-01
-2.142535e-01
2.531759e-01
2.942622e-01
1.744853e+00
7.868581e-02
5.561445e-01
5.857074e-01
7.363101e-02
5.566674e-01
5.852900e-01
7.568286e-02
-8.838018e-01
-2.007190e-01
4.226183e-01
2.942539e-01
1.754868e+00
8.342520e-02
2.942584e-01
1.749392e+00
8.110374e-02
5.578174e-01
5.843719e-01
7.868581e-02
-9.062724e-01
-2.058222e-01
3.691986e-01
5.578174e-01
5.843719e-01
7.868581e-02
2.942584e-01
1.749392e+00
8.110374e-02
2.942622e-01
1.744853e+00
7.868581e-02
-9.201761e-01
-2.089799e-01
3.310639e-01
5.578174e-01
5.843719e-01
7.868581e-02
2.942622e-01
1.744853e+00
7.868581e-02
5.573903e-01
5.847128e-01
7.769570e-02
-9.308813e-01
-2.114111e-01
2.979353e-01
5.573903e-01
5.847128e-01
7.769570e-02
2.942622e-01
1.744853e+00
7.868581e-02
5.566674e-01
5.852900e-01
7.568286e-02
-9.520531e-01
-2.162194e-01
2.164345e-01
2.942652e-01
1.741286e+00
7.618977e-02
2.942663e-01
1.739876e+00
7.491838e-02
5.561445e-01
5.857074e-01
7.363101e-02
-9.577892e-01
-2.175222e-01
1.879466e-01
5.561445e-01
5.857074e-01
7.363101e-02
2.942663e-01
1.739876e+00
7.491838e-02
2.942673e-01
1.738719e+00
7.363465e-02
-9.613222e-01
-2.183245e-01
1.679108e-01
5.561445e-01
5.857074e-01
7.363101e-02
2.942673e-01
1.738719e+00
7.363465e-02
5.560138e-01
5.858118e-01
7.311823e-02
-9.660669e-01
-2.194021e-01
1.362994e-01
5.560138e-01
5.858118e-01
7.311823e-02
2.942673e-01
1.738719e+00
7.363465e-02
5.556670e-01
5.860887e-01
7.077897e-02
-9.717004e-01
-2.206815e-01
8.425020e-02
5.556670e-01
5.860887e-01
7.077897e-02
2.942673e-01
1.738719e+00
7.363465e-02
5.555512e-01
5.861811e-01
6.842519e-02
-9.701142e-01
-2.203213e-01
1.016709e-01
5.555512e-01
5.861811e-01
6.842519e-02
2.942673e-01
1.738719e+00
7.363465e-02
2.942680e-01
1.737817e+00
7.234098e-02
-9.725893e-01
-2.208834e-01
7.266821e-02
5.555512e-01
5.861811e-01
6.842519e-02
2.942680e-01
1.737817e+00
7.234098e-02
2.942686e-01
1.737171e+00
7.103987e-02
-9.751417e-01
-2.214631e-01
7.272013e-03
2.942690e-01
1.736686e+00
6.907964e-02
2.942690e-01
1.736653e+00
6.842519e-02
5.555512e-01
5.861811e-01
6.842519e-02
-9.739040e-01
-2.211819e-01
5.088793e-02
2.942686e-01
1.737171e+00
7.103987e-02
2.942688e-01
1.736945e+00
7.038729e-02
5.555512e-01
5.861811e-01
6.842519e-02
-9.745228e-01
-2.213225e-01
3.635429e-02
5.555512e-01
5.861811e-01
6.842519e-02
2.942688e-01
1.736945e+00
7.038729e-02
2.942689e-01
1.736783e+00
6.973378e-02
-9.749354e-01
-2.214162e-01
2.181488e-02
5.555512e-01
5.861811e-01
6.842519e-02
2.942689e-01
1.736783e+00
6.973378e-02
2.942690e-01
1.736686e+00
6.907964e-02
