-1.000000e+00
0.000000e+00
0.000000e+00
0.000000e+00
0.000000e+00
9.842519e-02
0.000000e+00
1.771654e+00
9.842519e-02
0.000000e+00
0.000000e+00
0.000000e+00
-1.000000e+00
0.000000e+00
0.000000e+00
0.000000e+00
0.000000e+00
0.000000e+00
0.000000e+00
1.771654e+00
9.842519e-02
0.000000e+00
1.771654e+00
0.000000e+00
0.000000e+00
-1.000000e+00
0.000000e+00
5.905512e-01
0.000000e+00
9.842519e-02
0.000000e+00
0.000000e+00
9.842519e-02
5.905512e-01
0.000000e+00
0.000000e+00
0.000000e+00
-1.000000e+00
0.000000e+00
5.905512e-01
0.000000e+00
0.000000e+00
0.000000e+00
0.000000e+00
9.842519e-02
0.000000e+00
0.000000e+00
0.000000e+00
1.000000e+00
0.000000e+00
0.000000e+00
5.905512e-01
1.771654e+00
9.842519e-02
5.905512e-01
0.000000e+00
9.842519e-02
5.905512e-01
1.771654e+00
0.000000e+00
1.000000e+00
0.000000e+00
0.000000e+00
5.905512e-01
1.771654e+00
0.000000e+00
5.905512e-01
0.000000e+00
9.842519e-02
5.905512e-01
0.000000e+00
0.000000e+00
0.000000e+00
1.000000e+00
0.000000e+00
0.000000e+00
1.771654e+00
9.842519e-02
5.905512e-01
1.771654e+00
9.842519e-02
0.000000e+00
1.771654e+00
0.000000e+00
0.000000e+00
1.000000e+00
0.000000e+00
0.000000e+00
1.771654e+00
0.000000e+00
5.905512e-01
1.771654e+00
9.842519e-02
5.905512e-01
1.771654e+00
0.000000e+00
0.000000e+00
0.000000e+00
1.000000e+00
3.960908e-01
1.056417e+00
9.842519e-02
2.140704e-01
1.056417e+00
9.842519e-02
2.140704e-01
5.561811e-01
9.842519e-02
0.000000e+00
0.000000e+00
1.000000e+00
5.655512e-01
1.556594e+00
9.842519e-02
2.140704e-01
1.556594e+00
9.842519e-02
2.140704e-01
1.266417e+00
9.842519e-02
0.000000e+00
0.000000e+00
1.000000e+00
5.655512e-01
1.556594e+00
9.842519e-02
5.905512e-01
0.000000e+00
9.842519e-02
5.905512e-01
1.771654e+00
9.842519e-02
0.000000e+00
0.000000e+00
1.000000e+00
2.140704e-01
1.266417e+00
9.842519e-02
3.960908e-01
1.266417e+00
9.842519e-02
5.655512e-01
1.556594e+00
9.842519e-02
0.000000e+00
0.000000e+00
1.000000e+00
5.655512e-01
1.556594e+00
9.842519e-02
3.960908e-01
1.266417e+00
9.842519e-02
3.960908e-01
1.056417e+00
9.842519e-02
0.000000e+00
0.000000e+00
1.000000e+00
5.655512e-01
1.556594e+00
9.842519e-02
3.960908e-01
1.056417e+00
9.842519e-02
5.905512e-01
0.000000e+00
9.842519e-02
0.000000e+00
0.000000e+00
1.000000e+00
5.905512e-01
0.000000e+00
9.842519e-02
3.960908e-01
1.056417e+00
9.842519e-02
2.140704e-01
5.561811e-01
9.842519e-02
0.000000e+00
0.000000e+00
1.000000e+00
5.905512e-01
0.000000e+00
9.842519e-02
2.140704e-01
5.561811e-01
9.842519e-02
0.000000e+00
0.000000e+00
9.842519e-02
0.000000e+00
0.000000e+00
1.000000e+00
0.000000e+00
0.000000e+00
9.842519e-02
2.140704e-01
5.561811e-01
9.842519e-02
2.500000e-02
5.561811e-01
9.842519e-02
0.000000e+00
0.000000e+00
1.000000e+00
0.000000e+00
0.000000e+00
9.842519e-02
2.500000e-02
5.561811e-01
9.842519e-02
0.000000e+00
1.771654e+00
9.842519e-02
0.000000e+00
0.000000e+00
1.000000e+00
0.000000e+00
1.771654e+00
9.842519e-02
2.500000e-02
5.561811e-01
9.842519e-02
2.500000e-02
1.746654e+00
9.842519e-02
0.000000e+00
0.000000e+00
1.000000e+00
0.000000e+00
1.771654e+00
9.842519e-02
2.500000e-02
1.746654e+00
9.842519e-02
5.905512e-01
1.771654e+00
9.842519e-02
0.000000e+00
0.000000e+00
1.000000e+00
5.905512e-01
1.771654e+00
9.842519e-02
2.500000e-02
1.746654e+00
9.842519e-02
5.655512e-01
1.746654e+00
9.842519e-02
0.000000e+00
0.000000e+00
1.000000e+00
5.905512e-01
1.771654e+00
9.842519e-02
5.655512e-01
1.746654e+00
9.842519e-02
5.655512e-01
1.556594e+00
9.842519e-02
0.000000e+00
0.000000e+00
-1.000000e+00
5.905512e-01
0.000000e+00
0.000000e+00
1.840704e-01
5.861811e-01
0.000000e+00
1.840704e-01
1.086417e+00
0.000000e+00
0.000000e+00
0.000000e+00
-1.000000e+00
1.840704e-01
5.861811e-01
0.000000e+00
5.905512e-01
0.000000e+00
0.000000e+00
3.500000e-02
5.861811e-01
0.000000e+00
0.000000e+00
0.000000e+00
-1.000000e+00
3.500000e-02
5.861811e-01
0.000000e+00
5.905512e-01
0.000000e+00
0.000000e+00
0.000000e+00
0.000000e+00
0.000000e+00
0.000000e+00
0.000000e+00
-1.000000e+00
3.500000e-02
5.861811e-01
0.000000e+00
0.000000e+00
0.000000e+00
0.000000e+00
0.000000e+00
1.771654e+00
0.000000e+00
0.000000e+00
0.000000e+00
-1.000000e+00
1.840704e-01
1.236417e+00
0.000000e+00
1.840704e-01
1.586594e+00
0.000000e+00
3.660908e-01
1.236417e+00
0.000000e+00
0.000000e+00
0.000000e+00
-1.000000e+00
3.660908e-01
1.236417e+00
0.000000e+00
1.840704e-01
1.586594e+00
0.000000e+00
5.555512e-01
1.586594e+00
0.000000e+00
0.000000e+00
0.000000e+00
-1.000000e+00
3.660908e-01
1.236417e+00
0.000000e+00
5.555512e-01
1.586594e+00
0.000000e+00
3.660908e-01
1.086417e+00
0.000000e+00
0.000000e+00
0.000000e+00
-1.000000e+00
1.840704e-01
1.086417e+00
0.000000e+00
3.660908e-01
1.086417e+00
0.000000e+00
5.905512e-01
0.000000e+00
0.000000e+00
0.000000e+00
0.000000e+00
-1.000000e+00
5.905512e-01
0.000000e+00
0.000000e+00
3.660908e-01
1.086417e+00
0.000000e+00
5.555512e-01
1.586594e+00
0.000000e+00
0.000000e+00
0.000000e+00
-1.000000e+00
5.905512e-01
0.000000e+00
0.000000e+00
5.555512e-01
1.586594e+00
0.000000e+00
5.905512e-01
1.771654e+00
0.000000e+00
0.000000e+00
0.000000e+00
-1.000000e+00
5.905512e-01
1.771654e+00
0.000000e+00
5.555512e-01
1.586594e+00
0.000000e+00
5.555512e-01
1.736653e+00
0.000000e+00
0.000000e+00
0.000000e+00
-1.000000e+00
5.905512e-01
1.771654e+00
0.000000e+00
5.555512e-01
1.736653e+00
0.000000e+00
0.000000e+00
1.771654e+00
0.000000e+00
0.000000e+00
0.000000e+00
-1.000000e+00
0.000000e+00
1.771654e+00
0.000000e+00
5.555512e-01
1.736653e+00
0.000000e+00
3.500000e-02
1.736653e+00
0.000000e+00
0.000000e+00
0.000000e+00
-1.000000e+00
0.000000e+00
1.771654e+00
0.000000e+00
3.500000e-02
1.736653e+00
0.000000e+00
3.500000e-02
5.861811e-01
0.000000e+00
1.000000e+00
0.000000e+00
0.000000e+00
3.500000e-02
1.736653e+00
0.000000e+00
3.500000e-02
1.736653e+00
8.842520e-02
3.500000e-02
5.785418e-01
8.842520e-02
1.000000e+00
0.000000e+00
0.000000e+00
3.500000e-02
5.785418e-01
8.842520e-02
3.500000e-02
5.791625e-01
8.770882e-02
3.500000e-02
1.736653e+00
0.000000e+00
1.000000e+00
0.000000e+00
0.000000e+00
3.500000e-02
1.736653e+00
0.000000e+00
3.500000e-02
5.791625e-01
8.770882e-02
3.500000e-02
5.821618e-01
8.342520e-02
1.000000e+00
0.000000e+00
0.000000e+00
3.500000e-02
1.736653e+00
0.000000e+00
3.500000e-02
5.821618e-01
8.342520e-02
3.500000e-02
5.843719e-01
7.868581e-02
1.000000e+00
0.000000e+00
0.000000e+00
3.500000e-02
5.843719e-01
7.868581e-02
3.500000e-02
5.857254e-01
7.363465e-02
3.500000e-02
1.736653e+00
0.000000e+00
1.000000e+00
0.000000e+00
0.000000e+00
3.500000e-02
1.736653e+00
0.000000e+00
3.500000e-02
5.857254e-01
7.363465e-02
3.500000e-02
5.861811e-01
6.842519e-02
1.000000e+00
0.000000e+00
0.000000e+00
3.500000e-02
1.736653e+00
0.000000e+00
3.500000e-02
5.861811e-01
6.842519e-02
3.500000e-02
5.861811e-01
0.000000e+00
0.000000e+00
-1.000000e+00
0.000000e+00
3.500000e-02
1.736653e+00
8.842520e-02
3.500000e-02
1.736653e+00
0.000000e+00
5.555512e-01
1.736653e+00
8.842520e-02
0.000000e+00
-1.000000e+00
0.000000e+00
5.555512e-01
1.736653e+00
8.842520e-02
3.500000e-02
1.736653e+00
0.000000e+00
5.555512e-01
1.736653e+00
0.000000e+00
-1.000000e+00
0.000000e+00
0.000000e+00
5.555512e-01
1.736653e+00
8.842520e-02
5.555512e-01
1.736653e+00
0.000000e+00
5.555512e-01
1.586594e+00
0.000000e+00
-1.000000e+00
0.000000e+00
0.000000e+00
5.555512e-01
1.586594e+00
0.000000e+00
5.555512e-01
1.586594e+00
6.842519e-02
5.555512e-01
1.736653e+00
8.842520e-02
-1.000000e+00
0.000000e+00
0.000000e+00
5.555512e-01
1.736653e+00
8.842520e-02
5.555512e-01
1.586594e+00
6.842519e-02
5.555512e-01
1.586138e+00
7.363465e-02
-1.000000e+00
0.000000e+00
0.000000e+00
5.555512e-01
1.736653e+00
8.842520e-02
5.555512e-01
1.586138e+00
7.363465e-02
5.555512e-01
1.584785e+00
7.868581e-02
-1.000000e+00
0.000000e+00
0.000000e+00
5.555512e-01
1.584785e+00
7.868581e-02
5.555512e-01
1.582575e+00
8.342520e-02
5.555512e-01
1.736653e+00
8.842520e-02
-1.000000e+00
0.000000e+00
0.000000e+00
5.555512e-01
1.736653e+00
8.842520e-02
5.555512e-01
1.582575e+00
8.342520e-02
5.555512e-01
1.579575e+00
8.770882e-02
-1.000000e+00
0.000000e+00
0.000000e+00
5.555512e-01
1.736653e+00
8.842520e-02
5.555512e-01
1.579575e+00
8.770882e-02
5.555512e-01
1.578955e+00
8.842520e-02
0.000000e+00
1.000000e+00
0.000000e+00
5.555512e-01
1.586594e+00
6.842519e-02
5.555512e-01
1.586594e+00
0.000000e+00
1.840704e-01
1.586594e+00
6.842519e-02
0.000000e+00
1.000000e+00
0.000000e+00
1.840704e-01
1.586594e+00
6.842519e-02
5.555512e-01
1.586594e+00
0.000000e+00
1.840704e-01
1.586594e+00
0.000000e+00
-1.000000e+00
0.000000e+00
0.000000e+00
1.840704e-01
1.586594e+00
6.842519e-02
1.840704e-01
1.586594e+00
0.000000e+00
1.840704e-01
1.236417e+00
6.842519e-02
-1.000000e+00
0.000000e+00
0.000000e+00
1.840704e-01
1.236417e+00
6.842519e-02
1.840704e-01
1.586594e+00
0.000000e+00
1.840704e-01
1.236417e+00
0.000000e+00
0.000000e+00
-1.000000e+00
0.000000e+00
1.840704e-01
1.236417e+00
6.842519e-02
1.840704e-01
1.236417e+00
0.000000e+00
3.660908e-01
1.236417e+00
6.842519e-02
0.000000e+00
-1.000000e+00
0.000000e+00
3.660908e-01
1.236417e+00
6.842519e-02
1.840704e-01
1.236417e+00
0.000000e+00
3.660908e-01
1.236417e+00
0.000000e+00
-1.000000e+00
0.000000e+00
0.000000e+00
3.660908e-01
1.236417e+00
6.842519e-02
3.660908e-01
1.236417e+00
0.000000e+00
3.660908e-01
1.086417e+00
6.842519e-02
-1.000000e+00
0.000000e+00
0.000000e+00
3.660908e-01
1.086417e+00
6.842519e-02
3.660908e-01
1.236417e+00
0.000000e+00
3.660908e-01
1.086417e+00
0.000000e+00
0.000000e+00
1.000000e+00
0.000000e+00
3.660908e-01
1.086417e+00
6.842519e-02
3.660908e-01
1.086417e+00
0.000000e+00
1.840704e-01
1.086417e+00
6.842519e-02
0.000000e+00
1.000000e+00
0.000000e+00
1.840704e-01
1.086417e+00
6.842519e-02
3.660908e-01
1.086417e+00
0.000000e+00
1.840704e-01
1.086417e+00
0.000000e+00
-1.000000e+00
0.000000e+00
0.000000e+00
1.840704e-01
1.086417e+00
6.842519e-02
1.840704e-01
1.086417e+00
0.000000e+00
1.840704e-01
5.861811e-01
6.842519e-02
-1.000000e+00
0.000000e+00
0.000000e+00
1.840704e-01
5.861811e-01
6.842519e-02
1.840704e-01
1.086417e+00
0.000000e+00
1.840704e-01
5.861811e-01
0.000000e+00
0.000000e+00
1.000000e+00
0.000000e+00
1.840704e-01
5.861811e-01
6.842519e-02
1.840704e-01
5.861811e-01
0.000000e+00
3.500000e-02
5.861811e-01
6.842519e-02
0.000000e+00
1.000000e+00
0.000000e+00
3.500000e-02
5.861811e-01
6.842519e-02
1.840704e-01
5.861811e-01
0.000000e+00
3.500000e-02
5.861811e-01
0.000000e+00
0.000000e+00
6.027827e-01
7.979054e-01
5.569459e-01
1.573131e+00
9.339494e-02
5.562766e-01
1.574936e+00
9.216456e-02
1.947868e-01
1.575878e+00
9.140653e-02
0.000000e+00
6.260927e-01
7.797487e-01
1.947868e-01
1.575878e+00
9.140653e-02
5.562766e-01
1.574936e+00
9.216456e-02
5.561641e-01
1.575309e+00
9.187224e-02
0.000000e+00
6.368602e-01
7.709793e-01
1.947868e-01
1.575878e+00
9.140653e-02
5.561641e-01
1.575309e+00
9.187224e-02
5.560374e-01
1.575861e+00
9.138729e-02
0.000000e+00
6.584986e-01
7.525820e-01
1.947868e-01
1.575878e+00
9.140653e-02
5.560374e-01
1.575861e+00
9.138729e-02
5.557164e-01
1.577260e+00
9.015842e-02
0.000000e+00
3.690546e-01
9.294077e-01
2.038098e-01
1.566855e+00
9.661597e-02
5.592650e-01
1.567927e+00
9.620228e-02
5.591246e-01
1.568208e+00
9.608407e-02
0.000000e+00
3.760480e-01
9.266002e-01
5.591246e-01
1.568208e+00
9.608407e-02
5.589525e-01
1.568552e+00
9.593903e-02
2.038098e-01
1.566855e+00
9.661597e-02
0.000000e+00
4.051653e-01
9.142435e-01
2.038098e-01
1.566855e+00
9.661597e-02
5.589525e-01
1.568552e+00
9.593903e-02
5.579391e-01
1.570751e+00
9.481029e-02
0.000000e+00
4.395372e-01
8.982244e-01
2.038098e-01
1.566855e+00
9.661597e-02
5.579391e-01
1.570751e+00
9.481029e-02
1.990704e-01
1.571594e+00
9.440596e-02
0.000000e+00
4.909930e-01
8.711635e-01
1.990704e-01
1.571594e+00
9.440596e-02
5.579391e-01
1.570751e+00
9.481029e-02
5.575558e-01
1.571582e+00
9.438334e-02
0.000000e+00
5.494652e-01
8.355166e-01
1.990704e-01
1.571594e+00
9.440596e-02
5.575558e-01
1.571582e+00
9.438334e-02
1.947868e-01
1.575878e+00
9.140653e-02
0.000000e+00
5.536272e-01
8.327646e-01
1.947868e-01
1.575878e+00
9.140653e-02
5.575558e-01
1.571582e+00
9.438334e-02
5.573723e-01
1.571980e+00
9.417894e-02
0.000000e+00
5.705596e-01
8.212562e-01
1.947868e-01
1.575878e+00
9.140653e-02
5.573723e-01
1.571980e+00
9.417894e-02
5.569459e-01
1.573131e+00
9.339494e-02
0.000000e+00
2.874559e-01
9.577939e-01
5.617170e-01
1.563322e+00
9.766095e-02
5.606028e-01
1.565415e+00
9.699812e-02
2.038098e-01
1.566855e+00
9.661597e-02
0.000000e+00
3.264561e-01
9.452124e-01
2.038098e-01
1.566855e+00
9.661597e-02
5.606028e-01
1.565415e+00
9.699812e-02
5.598474e-01
1.566833e+00
9.654877e-02
0.000000e+00
3.540206e-01
9.352376e-01
2.038098e-01
1.566855e+00
9.661597e-02
5.598474e-01
1.566833e+00
9.654877e-02
5.592650e-01
1.567927e+00
9.620228e-02
0.000000e+00
5.807913e-02
9.983119e-01
2.140704e-01
1.556594e+00
9.842519e-02
5.655512e-01
1.556594e+00
9.842519e-02
2.088609e-01
1.561803e+00
9.796944e-02
0.000000e+00
6.017070e-02
9.981881e-01
2.088609e-01
1.561803e+00
9.796944e-02
5.655512e-01
1.556594e+00
9.842519e-02
5.654425e-01
1.556782e+00
9.842461e-02
0.000000e+00
7.923340e-02
9.968561e-01
2.088609e-01
1.561803e+00
9.796944e-02
5.654425e-01
1.556782e+00
9.842461e-02
5.645615e-01
1.558310e+00
9.837610e-02
0.000000e+00
1.104854e-01
9.938778e-01
5.645615e-01
1.558310e+00
9.837610e-02
5.638334e-01
1.559593e+00
9.819304e-02
2.088609e-01
1.561803e+00
9.796944e-02
0.000000e+00
1.492973e-01
9.887924e-01
2.088609e-01
1.561803e+00
9.796944e-02
5.638334e-01
1.559593e+00
9.819304e-02
5.625864e-01
1.561790e+00
9.787952e-02
0.000000e+00
2.305817e-01
9.730530e-01
2.088609e-01
1.561803e+00
9.796944e-02
5.625864e-01
1.561790e+00
9.787952e-02
2.038098e-01
1.566855e+00
9.661597e-02
0.000000e+00
2.391081e-01
9.709929e-01
2.038098e-01
1.566855e+00
9.661597e-02
5.625864e-01
1.561790e+00
9.787952e-02
5.621459e-01
1.562567e+00
9.776877e-02
0.000000e+00
2.557855e-01
9.667336e-01
2.038098e-01
1.566855e+00
9.661597e-02
5.621459e-01
1.562567e+00
9.776877e-02
5.617170e-01
1.563322e+00
9.766095e-02
0.000000e+00
6.757977e-01
7.370872e-01
5.557164e-01
1.577260e+00
9.015842e-02
5.556774e-01
1.577430e+00
9.000911e-02
1.947868e-01
1.575878e+00
9.140653e-02
0.000000e+00
6.954082e-01
7.186149e-01
1.947868e-01
1.575878e+00
9.140653e-02
5.556774e-01
1.577430e+00
9.000911e-02
5.555512e-01
1.578955e+00
8.842520e-02
0.000000e+00
7.201372e-01
6.938317e-01
1.947868e-01
1.575878e+00
9.140653e-02
5.555512e-01
1.578955e+00
8.842520e-02
1.910890e-01
1.579575e+00
8.770882e-02
0.000000e+00
7.592325e-01
6.508195e-01
1.910890e-01
1.579575e+00
8.770882e-02
5.555512e-01
1.578955e+00
8.842520e-02
5.555512e-01
1.579575e+00
8.770882e-02
0.000000e+00
7.844105e-01
6.202419e-01
1.910890e-01
1.579575e+00
8.770882e-02
5.555512e-01
1.579575e+00
8.770882e-02
1.894958e-01
1.581169e+00
8.563249e-02
0.000000e+00
8.191521e-01
5.735765e-01
1.894958e-01
1.581169e+00
8.563249e-02
5.555512e-01
1.579575e+00
8.770882e-02
5.555512e-01
1.582575e+00
8.342520e-02
0.000000e+00
8.511210e-01
5.249696e-01
1.894958e-01
1.581169e+00
8.563249e-02
5.555512e-01
1.582575e+00
8.342520e-02
1.880896e-01
1.582575e+00
8.342520e-02
0.000000e+00
8.801975e-01
4.746076e-01
1.880896e-01
1.582575e+00
8.342520e-02
5.555512e-01
1.582575e+00
8.342520e-02
1.868812e-01
1.583783e+00
8.110374e-02
0.000000e+00
9.063078e-01
4.226183e-01
1.868812e-01
1.583783e+00
8.110374e-02
5.555512e-01
1.582575e+00
8.342520e-02
5.555512e-01
1.584785e+00
7.868581e-02
0.000000e+00
9.293506e-01
3.691985e-01
1.868812e-01
1.583783e+00
8.110374e-02
5.555512e-01
1.584785e+00
7.868581e-02
1.858796e-01
1.584785e+00
7.868581e-02
0.000000e+00
9.492401e-01
3.145525e-01
1.858796e-01
1.584785e+00
7.868581e-02
5.555512e-01
1.584785e+00
7.868581e-02
1.850926e-01
1.585572e+00
7.618977e-02
0.000000e+00
9.659258e-01
2.588190e-01
1.850926e-01
1.585572e+00
7.618977e-02
5.555512e-01
1.584785e+00
7.868581e-02
5.555512e-01
1.586138e+00
7.363465e-02
0.000000e+00
9.793423e-01
2.022095e-01
1.850926e-01
1.585572e+00
7.618977e-02
5.555512e-01
1.586138e+00
7.363465e-02
1.845261e-01
1.586138e+00
7.363465e-02
0.000000e+00
9.894404e-01
1.449400e-01
1.845261e-01
1.586138e+00
7.363465e-02
5.555512e-01
1.586138e+00
7.363465e-02
1.841845e-01
1.586480e+00
7.103987e-02
0.000000e+00
9.961947e-01
8.715575e-02
1.841845e-01
1.586480e+00
7.103987e-02
5.555512e-01
1.586138e+00
7.363465e-02
5.555512e-01
1.586594e+00
6.842519e-02
0.000000e+00
9.995772e-01
2.907651e-02
1.841845e-01
1.586480e+00
7.103987e-02
5.555512e-01
1.586594e+00
6.842519e-02
1.840704e-01
1.586594e+00
6.842519e-02
-7.844105e-01
0.000000e+00
6.202420e-01
1.894958e-01
1.241843e+00
8.563249e-02
1.910890e-01
1.243436e+00
8.770882e-02
1.910890e-01
1.579575e+00
8.770882e-02
-7.274188e-01
0.000000e+00
6.861938e-01
1.910890e-01
1.579575e+00
8.770882e-02
1.910890e-01
1.243436e+00
8.770882e-02
1.947868e-01
1.247134e+00
9.140653e-02
-6.861938e-01
0.000000e+00
7.274188e-01
1.910890e-01
1.579575e+00
8.770882e-02
1.947868e-01
1.247134e+00
9.140653e-02
1.947868e-01
1.575878e+00
9.140653e-02
-5.972114e-01
0.000000e+00
8.020838e-01
1.947868e-01
1.575878e+00
9.140653e-02
1.947868e-01
1.247134e+00
9.140653e-02
1.990704e-01
1.251417e+00
9.440596e-02
-5.494540e-01
0.000000e+00
8.355240e-01
1.947868e-01
1.575878e+00
9.140653e-02
1.990704e-01
1.251417e+00
9.440596e-02
1.990704e-01
1.571594e+00
9.440596e-02
-4.488580e-01
0.000000e+00
8.936031e-01
1.990704e-01
1.571594e+00
9.440596e-02
1.990704e-01
1.251417e+00
9.440596e-02
2.038098e-01
1.256157e+00
9.661597e-02
-3.960194e-01
0.000000e+00
9.182422e-01
1.990704e-01
1.571594e+00
9.440596e-02
2.038098e-01
1.256157e+00
9.661597e-02
2.038098e-01
1.566855e+00
9.661597e-02
-2.868663e-01
0.000000e+00
9.579706e-01
2.038098e-01
1.566855e+00
9.661597e-02
2.038098e-01
1.256157e+00
9.661597e-02
2.088609e-01
1.261208e+00
9.796944e-02
-2.305519e-01
0.000000e+00
9.730600e-01
2.038098e-01
1.566855e+00
9.661597e-02
2.088609e-01
1.261208e+00
9.796944e-02
2.088609e-01
1.561803e+00
9.796944e-02
-1.161583e-01
0.000000e+00
9.932307e-01
2.088609e-01
1.561803e+00
9.796944e-02
2.088609e-01
1.261208e+00
9.796944e-02
2.140704e-01
1.266417e+00
9.842519e-02
-5.807913e-02
0.000000e+00
9.983119e-01
2.088609e-01
1.561803e+00
9.796944e-02
2.140704e-01
1.266417e+00
9.842519e-02
2.140704e-01
1.556594e+00
9.842519e-02
-9.730430e-01
0.000000e+00
2.306239e-01
1.845261e-01
1.586138e+00
7.363465e-02
1.850926e-01
1.237440e+00
7.618977e-02
1.850926e-01
1.585572e+00
7.618977e-02
-9.579919e-01
0.000000e+00
2.867954e-01
1.850926e-01
1.585572e+00
7.618977e-02
1.850926e-01
1.237440e+00
7.618977e-02
1.858796e-01
1.238227e+00
7.868581e-02
-9.492401e-01
0.000000e+00
3.145525e-01
1.850926e-01
1.585572e+00
7.618977e-02
1.858796e-01
1.238227e+00
7.868581e-02
1.858796e-01
1.584785e+00
7.868581e-02
-9.293506e-01
0.000000e+00
3.691985e-01
1.858796e-01
1.584785e+00
7.868581e-02
1.858796e-01
1.238227e+00
7.868581e-02
1.868812e-01
1.239228e+00
8.110374e-02
-9.182128e-01
0.000000e+00
3.960873e-01
1.858796e-01
1.584785e+00
7.868581e-02
1.868812e-01
1.239228e+00
8.110374e-02
1.868812e-01
1.583783e+00
8.110374e-02
-8.936363e-01
0.000000e+00
4.487918e-01
1.868812e-01
1.583783e+00
8.110374e-02
1.868812e-01
1.239228e+00
8.110374e-02
1.880896e-01
1.240437e+00
8.342520e-02
-8.801975e-01
0.000000e+00
4.746076e-01
1.868812e-01
1.583783e+00
8.110374e-02
1.880896e-01
1.240437e+00
8.342520e-02
1.880896e-01
1.582575e+00
8.342520e-02
-8.511210e-01
0.000000e+00
5.249696e-01
1.880896e-01
1.582575e+00
8.342520e-02
1.880896e-01
1.240437e+00
8.342520e-02
1.894958e-01
1.241843e+00
8.563249e-02
-8.354833e-01
0.000000e+00
5.495159e-01
1.880896e-01
1.582575e+00
8.342520e-02
1.894958e-01
1.241843e+00
8.563249e-02
1.894958e-01
1.581169e+00
8.563249e-02
-8.021281e-01
0.000000e+00
5.971520e-01
1.894958e-01
1.581169e+00
8.563249e-02
1.894958e-01
1.241843e+00
8.563249e-02
1.910890e-01
1.579575e+00
8.770882e-02
-9.995772e-01
0.000000e+00
2.907651e-02
1.840704e-01
1.586594e+00
6.842519e-02
1.840704e-01
1.236417e+00
6.842519e-02
1.841845e-01
1.586480e+00
7.103987e-02
-9.983077e-01
0.000000e+00
5.815303e-02
1.841845e-01
1.586480e+00
7.103987e-02
1.840704e-01
1.236417e+00
6.842519e-02
1.841845e-01
1.236531e+00
7.103987e-02
-9.932393e-01
0.000000e+00
1.160848e-01
1.841845e-01
1.586480e+00
7.103987e-02
1.841845e-01
1.236531e+00
7.103987e-02
1.845261e-01
1.586138e+00
7.363465e-02
-9.894404e-01
0.000000e+00
1.449400e-01
1.845261e-01
1.586138e+00
7.363465e-02
1.841845e-01
1.236531e+00
7.103987e-02
1.845261e-01
1.236873e+00
7.363465e-02
-9.793423e-01
0.000000e+00
2.022095e-01
1.845261e-01
1.586138e+00
7.363465e-02
1.845261e-01
1.236873e+00
7.363465e-02
1.850926e-01
1.237440e+00
7.618977e-02
0.000000e+00
-6.861938e-01
7.274188e-01
1.910890e-01
1.243436e+00
8.770882e-02
3.768072e-01
1.247134e+00
9.140653e-02
1.947868e-01
1.247134e+00
9.140653e-02
0.000000e+00
-5.972114e-01
8.020838e-01
1.947868e-01
1.247134e+00
9.140653e-02
3.768072e-01
1.247134e+00
9.140653e-02
3.810908e-01
1.251417e+00
9.440596e-02
0.000000e+00
-5.494540e-01
8.355240e-01
1.947868e-01
1.247134e+00
9.140653e-02
3.810908e-01
1.251417e+00
9.440596e-02
1.990704e-01
1.251417e+00
9.440596e-02
0.000000e+00
-4.488580e-01
8.936031e-01
1.990704e-01
1.251417e+00
9.440596e-02
3.810908e-01
1.251417e+00
9.440596e-02
3.858302e-01
1.256157e+00
9.661597e-02
0.000000e+00
-3.960194e-01
9.182422e-01
1.990704e-01
1.251417e+00
9.440596e-02
3.858302e-01
1.256157e+00
9.661597e-02
2.038098e-01
1.256157e+00
9.661597e-02
0.000000e+00
-2.868663e-01
9.579706e-01
2.038098e-01
1.256157e+00
9.661597e-02
3.858302e-01
1.256157e+00
9.661597e-02
3.908814e-01
1.261208e+00
9.796944e-02
0.000000e+00
-2.305519e-01
9.730600e-01
2.038098e-01
1.256157e+00
9.661597e-02
3.908814e-01
1.261208e+00
9.796944e-02
2.088609e-01
1.261208e+00
9.796944e-02
0.000000e+00
-1.161583e-01
9.932307e-01
2.088609e-01
1.261208e+00
9.796944e-02
3.908814e-01
1.261208e+00
9.796944e-02
3.960908e-01
1.266417e+00
9.842519e-02
0.000000e+00
-5.807913e-02
9.983119e-01
2.088609e-01
1.261208e+00
9.796944e-02
3.960908e-01
1.266417e+00
9.842519e-02
2.140704e-01
1.266417e+00
9.842519e-02
0.000000e+00
-8.191521e-01
5.735765e-01
3.701101e-01
1.240437e+00
8.342520e-02
3.715163e-01
1.241843e+00
8.563249e-02
1.910890e-01
1.243436e+00
8.770882e-02
0.000000e+00
-7.844105e-01
6.202420e-01
1.910890e-01
1.243436e+00
8.770882e-02
3.715163e-01
1.241843e+00
8.563249e-02
3.731095e-01
1.243436e+00
8.770882e-02
0.000000e+00
-7.274188e-01
6.861938e-01
1.910890e-01
1.243436e+00
8.770882e-02
3.731095e-01
1.243436e+00
8.770882e-02
3.768072e-01
1.247134e+00
9.140653e-02
0.000000e+00
-9.995772e-01
2.907651e-02
1.840704e-01
1.236417e+00
6.842519e-02
3.660908e-01
1.236417e+00
6.842519e-02
1.841845e-01
1.236531e+00
7.103987e-02
0.000000e+00
-9.983077e-01
5.815303e-02
1.841845e-01
1.236531e+00
7.103987e-02
3.660908e-01
1.236417e+00
6.842519e-02
3.662050e-01
1.236531e+00
7.103987e-02
0.000000e+00
-9.932393e-01
1.160848e-01
1.841845e-01
1.236531e+00
7.103987e-02
3.662050e-01
1.236531e+00
7.103987e-02
1.845261e-01
1.236873e+00
7.363465e-02
0.000000e+00
-9.894404e-01
1.449400e-01
1.845261e-01
1.236873e+00
7.363465e-02
3.662050e-01
1.236531e+00
7.103987e-02
3.665466e-01
1.236873e+00
7.363465e-02
0.000000e+00
-9.793423e-01
2.022095e-01
1.845261e-01
1.236873e+00
7.363465e-02
3.665466e-01
1.236873e+00
7.363465e-02
1.850926e-01
1.237440e+00
7.618977e-02
0.000000e+00
-9.730430e-01
2.306239e-01
1.850926e-01
1.237440e+00
7.618977e-02
3.665466e-01
1.236873e+00
7.363465e-02
3.671131e-01
1.237440e+00
7.618977e-02
0.000000e+00
-9.579919e-01
2.867954e-01
1.850926e-01
1.237440e+00
7.618977e-02
3.671131e-01
1.237440e+00
7.618977e-02
1.858796e-01
1.238227e+00
7.868581e-02
0.000000e+00
-9.492401e-01
3.145525e-01
1.858796e-01
1.238227e+00
7.868581e-02
3.671131e-01
1.237440e+00
7.618977e-02
3.679001e-01
1.238227e+00
7.868581e-02
0.000000e+00
-9.293506e-01
3.691985e-01
1.858796e-01
1.238227e+00
7.868581e-02
3.679001e-01
1.238227e+00
7.868581e-02
1.868812e-01
1.239228e+00
8.110374e-02
0.000000e+00
-9.182128e-01
3.960873e-01
1.868812e-01
1.239228e+00
8.110374e-02
3.679001e-01
1.238227e+00
7.868581e-02
3.689016e-01
1.239228e+00
8.110374e-02
0.000000e+00
-8.936363e-01
4.487918e-01
1.868812e-01
1.239228e+00
8.110374e-02
3.689016e-01
1.239228e+00
8.110374e-02
1.880896e-01
1.240437e+00
8.342520e-02
0.000000e+00
-8.801975e-01
4.746076e-01
1.880896e-01
1.240437e+00
8.342520e-02
3.689016e-01
1.239228e+00
8.110374e-02
3.701101e-01
1.240437e+00
8.342520e-02
0.000000e+00
-8.511210e-01
5.249696e-01
1.880896e-01
1.240437e+00
8.342520e-02
3.701101e-01
1.240437e+00
8.342520e-02
1.894958e-01
1.241843e+00
8.563249e-02
0.000000e+00
-8.191521e-01
5.735765e-01
1.894958e-01
1.241843e+00
8.563249e-02
3.701101e-01
1.240437e+00
8.342520e-02
1.910890e-01
1.243436e+00
8.770882e-02
-5.807913e-02
0.000000e+00
9.983119e-01
3.960908e-01
1.056417e+00
9.842519e-02
3.960908e-01
1.266417e+00
9.842519e-02
3.908814e-01
1.261208e+00
9.796944e-02
-1.161583e-01
0.000000e+00
9.932307e-01
3.960908e-01
1.056417e+00
9.842519e-02
3.908814e-01
1.261208e+00
9.796944e-02
3.908814e-01
1.061627e+00
9.796944e-02
-2.305519e-01
0.000000e+00
9.730600e-01
3.908814e-01
1.061627e+00
9.796944e-02
3.908814e-01
1.261208e+00
9.796944e-02
3.858302e-01
1.256157e+00
9.661597e-02
-2.868663e-01
0.000000e+00
9.579706e-01
3.908814e-01
1.061627e+00
9.796944e-02
3.858302e-01
1.256157e+00
9.661597e-02
3.858302e-01
1.066678e+00
9.661597e-02
-3.960194e-01
0.000000e+00
9.182422e-01
3.858302e-01
1.066678e+00
9.661597e-02
3.858302e-01
1.256157e+00
9.661597e-02
3.810908e-01
1.251417e+00
9.440596e-02
-4.488580e-01
0.000000e+00
8.936031e-01
3.858302e-01
1.066678e+00
9.661597e-02
3.810908e-01
1.251417e+00
9.440596e-02
3.810908e-01
1.071417e+00
9.440596e-02
-5.494540e-01
0.000000e+00
8.355240e-01
3.810908e-01
1.071417e+00
9.440596e-02
3.810908e-01
1.251417e+00
9.440596e-02
3.768072e-01
1.247134e+00
9.140653e-02
-5.972114e-01
0.000000e+00
8.020838e-01
3.810908e-01
1.071417e+00
9.440596e-02
3.768072e-01
1.247134e+00
9.140653e-02
3.768072e-01
1.075701e+00
9.140653e-02
-6.861938e-01
0.000000e+00
7.274188e-01
3.768072e-01
1.075701e+00
9.140653e-02
3.768072e-01
1.247134e+00
9.140653e-02
3.731095e-01
1.243436e+00
8.770882e-02
-7.274188e-01
0.000000e+00
6.861938e-01
3.768072e-01
1.075701e+00
9.140653e-02
3.731095e-01
1.243436e+00
8.770882e-02
3.731095e-01
1.079399e+00
8.770882e-02
-7.844105e-01
0.000000e+00
6.202419e-01
3.731095e-01
1.079399e+00
8.770882e-02
3.731095e-01
1.243436e+00
8.770882e-02
3.715163e-01
1.241843e+00
8.563249e-02
-8.021281e-01
0.000000e+00
5.971520e-01
3.731095e-01
1.079399e+00
8.770882e-02
3.715163e-01
1.241843e+00
8.563249e-02
3.715163e-01
1.080992e+00
8.563249e-02
-8.354833e-01
0.000000e+00
5.495159e-01
3.715163e-01
1.080992e+00
8.563249e-02
3.715163e-01
1.241843e+00
8.563249e-02
3.701101e-01
1.082398e+00
8.342520e-02
-8.511210e-01
0.000000e+00
5.249696e-01
3.701101e-01
1.082398e+00
8.342520e-02
3.715163e-01
1.241843e+00
8.563249e-02
3.701101e-01
1.240437e+00
8.342520e-02
-8.801975e-01
0.000000e+00
4.746076e-01
3.701101e-01
1.082398e+00
8.342520e-02
3.701101e-01
1.240437e+00
8.342520e-02
3.689016e-01
1.083607e+00
8.110374e-02
-8.936363e-01
0.000000e+00
4.487919e-01
3.689016e-01
1.083607e+00
8.110374e-02
3.701101e-01
1.240437e+00
8.342520e-02
3.689016e-01
1.239228e+00
8.110374e-02
-9.182128e-01
0.000000e+00
3.960873e-01
3.689016e-01
1.083607e+00
8.110374e-02
3.689016e-01
1.239228e+00
8.110374e-02
3.679001e-01
1.084608e+00
7.868581e-02
-9.293506e-01
0.000000e+00
3.691985e-01
3.679001e-01
1.084608e+00
7.868581e-02
3.689016e-01
1.239228e+00
8.110374e-02
3.679001e-01
1.238227e+00
7.868581e-02
-9.492401e-01
0.000000e+00
3.145525e-01
3.679001e-01
1.084608e+00
7.868581e-02
3.679001e-01
1.238227e+00
7.868581e-02
3.671131e-01
1.085395e+00
7.618977e-02
-9.579919e-01
0.000000e+00
2.867954e-01
3.671131e-01
1.085395e+00
7.618977e-02
3.679001e-01
1.238227e+00
7.868581e-02
3.671131e-01
1.237440e+00
7.618977e-02
-9.730430e-01
0.000000e+00
2.306239e-01
3.671131e-01
1.085395e+00
7.618977e-02
3.671131e-01
1.237440e+00
7.618977e-02
3.665466e-01
1.085962e+00
7.363465e-02
-9.995772e-01
0.000000e+00
2.907651e-02
3.662050e-01
1.236531e+00
7.103987e-02
3.660908e-01
1.236417e+00
6.842519e-02
3.660908e-01
1.086417e+00
6.842519e-02
-9.793423e-01
0.000000e+00
2.022095e-01
3.671131e-01
1.237440e+00
7.618977e-02
3.665466e-01
1.236873e+00
7.363465e-02
3.665466e-01
1.085962e+00
7.363465e-02
-9.894404e-01
0.000000e+00
1.449400e-01
3.665466e-01
1.085962e+00
7.363465e-02
3.665466e-01
1.236873e+00
7.363465e-02
3.662050e-01
1.236531e+00
7.103987e-02
-9.932393e-01
0.000000e+00
1.160848e-01
3.665466e-01
1.085962e+00
7.363465e-02
3.662050e-01
1.236531e+00
7.103987e-02
3.662050e-01
1.086303e+00
7.103987e-02
-9.983077e-01
0.000000e+00
5.815303e-02
3.662050e-01
1.086303e+00
7.103987e-02
3.662050e-01
1.236531e+00
7.103987e-02
3.660908e-01
1.086417e+00
6.842519e-02
0.000000e+00
5.807913e-02
9.983119e-01
2.140704e-01
1.056417e+00
9.842519e-02
3.960908e-01
1.056417e+00
9.842519e-02
3.908814e-01
1.061627e+00
9.796944e-02
0.000000e+00
1.161583e-01
9.932307e-01
2.140704e-01
1.056417e+00
9.842519e-02
3.908814e-01
1.061627e+00
9.796944e-02
2.088609e-01
1.061627e+00
9.796944e-02
0.000000e+00
2.305519e-01
9.730600e-01
2.088609e-01
1.061627e+00
9.796944e-02
3.908814e-01
1.061627e+00
9.796944e-02
3.858302e-01
1.066678e+00
9.661597e-02
0.000000e+00
2.868663e-01
9.579706e-01
2.088609e-01
1.061627e+00
9.796944e-02
3.858302e-01
1.066678e+00
9.661597e-02
2.038098e-01
1.066678e+00
9.661597e-02
0.000000e+00
3.960194e-01
9.182422e-01
2.038098e-01
1.066678e+00
9.661597e-02
3.858302e-01
1.066678e+00
9.661597e-02
3.810908e-01
1.071417e+00
9.440596e-02
0.000000e+00
4.488580e-01
8.936031e-01
2.038098e-01
1.066678e+00
9.661597e-02
3.810908e-01
1.071417e+00
9.440596e-02
1.990704e-01
1.071417e+00
9.440596e-02
0.000000e+00
5.494540e-01
8.355240e-01
1.990704e-01
1.071417e+00
9.440596e-02
3.810908e-01
1.071417e+00
9.440596e-02
3.768072e-01
1.075701e+00
9.140653e-02
0.000000e+00
5.972114e-01
8.020838e-01
1.990704e-01
1.071417e+00
9.440596e-02
3.768072e-01
1.075701e+00
9.140653e-02
1.947868e-01
1.075701e+00
9.140653e-02
0.000000e+00
6.861938e-01
7.274188e-01
1.947868e-01
1.075701e+00
9.140653e-02
3.768072e-01
1.075701e+00
9.140653e-02
3.731095e-01
1.079399e+00
8.770882e-02
0.000000e+00
7.274188e-01
6.861938e-01
1.947868e-01
1.075701e+00
9.140653e-02
3.731095e-01
1.079399e+00
8.770882e-02
1.910890e-01
1.079399e+00
8.770882e-02
0.000000e+00
7.844105e-01
6.202419e-01
1.910890e-01
1.079399e+00
8.770882e-02
3.731095e-01
1.079399e+00
8.770882e-02
3.715163e-01
1.080992e+00
8.563249e-02
0.000000e+00
8.021281e-01
5.971520e-01
1.910890e-01
1.079399e+00
8.770882e-02
3.715163e-01
1.080992e+00
8.563249e-02
1.894958e-01
1.080992e+00
8.563249e-02
0.000000e+00
8.354833e-01
5.495159e-01
1.894958e-01
1.080992e+00
8.563249e-02
3.715163e-01
1.080992e+00
8.563249e-02
3.701101e-01
1.082398e+00
8.342520e-02
0.000000e+00
8.511210e-01
5.249696e-01
1.894958e-01
1.080992e+00
8.563249e-02
3.701101e-01
1.082398e+00
8.342520e-02
1.880896e-01
1.082398e+00
8.342520e-02
0.000000e+00
8.801975e-01
4.746076e-01
1.880896e-01
1.082398e+00
8.342520e-02
3.701101e-01
1.082398e+00
8.342520e-02
3.689016e-01
1.083607e+00
8.110374e-02
0.000000e+00
8.936363e-01
4.487919e-01
1.880896e-01
1.082398e+00
8.342520e-02
3.689016e-01
1.083607e+00
8.110374e-02
1.868812e-01
1.083607e+00
8.110374e-02
0.000000e+00
9.182128e-01
3.960873e-01
1.868812e-01
1.083607e+00
8.110374e-02
3.689016e-01
1.083607e+00
8.110374e-02
3.679001e-01
1.084608e+00
7.868581e-02
0.000000e+00
9.293506e-01
3.691985e-01
1.868812e-01
1.083607e+00
8.110374e-02
3.679001e-01
1.084608e+00
7.868581e-02
1.858796e-01
1.084608e+00
7.868581e-02
0.000000e+00
9.492401e-01
3.145525e-01
1.858796e-01
1.084608e+00
7.868581e-02
3.679001e-01
1.084608e+00
7.868581e-02
3.671131e-01
1.085395e+00
7.618977e-02
0.000000e+00
9.579919e-01
2.867954e-01
1.858796e-01
1.084608e+00
7.868581e-02
3.671131e-01
1.085395e+00
7.618977e-02
1.850926e-01
1.085395e+00
7.618977e-02
0.000000e+00
9.730430e-01
2.306239e-01
1.850926e-01
1.085395e+00
7.618977e-02
3.671131e-01
1.085395e+00
7.618977e-02
3.665466e-01
1.085962e+00
7.363465e-02
0.000000e+00
9.793423e-01
2.022095e-01
1.850926e-01
1.085395e+00
7.618977e-02
3.665466e-01
1.085962e+00
7.363465e-02
1.845261e-01
1.085962e+00
7.363465e-02
0.000000e+00
9.894404e-01
1.449400e-01
1.845261e-01
1.085962e+00
7.363465e-02
3.665466e-01
1.085962e+00
7.363465e-02
3.662050e-01
1.086303e+00
7.103987e-02
0.000000e+00
9.932393e-01
1.160848e-01
1.845261e-01
1.085962e+00
7.363465e-02
3.662050e-01
1.086303e+00
7.103987e-02
1.841845e-01
1.086303e+00
7.103987e-02
0.000000e+00
9.983077e-01
5.815303e-02
1.841845e-01
1.086303e+00
7.103987e-02
3.662050e-01
1.086303e+00
7.103987e-02
3.660908e-01
1.086417e+00
6.842519e-02
0.000000e+00
9.995772e-01
2.907651e-02
1.841845e-01
1.086303e+00
7.103987e-02
3.660908e-01
1.086417e+00
6.842519e-02
1.840704e-01
1.086417e+00
6.842519e-02
-6.861938e-01
0.000000e+00
7.274188e-01
1.910890e-01
1.079399e+00
8.770882e-02
1.947868e-01
5.754647e-01
9.140653e-02
1.947868e-01
1.075701e+00
9.140653e-02
-5.972114e-01
0.000000e+00
8.020838e-01
1.947868e-01
1.075701e+00
9.140653e-02
1.947868e-01
5.754647e-01
9.140653e-02
1.990704e-01
5.711811e-01
9.440596e-02
-5.494540e-01
0.000000e+00
8.355240e-01
1.947868e-01
1.075701e+00
9.140653e-02
1.990704e-01
5.711811e-01
9.440596e-02
1.990704e-01
1.071417e+00
9.440596e-02
-4.488580e-01
0.000000e+00
8.936031e-01
1.990704e-01
1.071417e+00
9.440596e-02
1.990704e-01
5.711811e-01
9.440596e-02
2.038098e-01
5.664417e-01
9.661597e-02
-3.960194e-01
0.000000e+00
9.182422e-01
1.990704e-01
1.071417e+00
9.440596e-02
2.038098e-01
5.664417e-01
9.661597e-02
2.038098e-01
1.066678e+00
9.661597e-02
-2.868663e-01
0.000000e+00
9.579706e-01
2.038098e-01
1.066678e+00
9.661597e-02
2.038098e-01
5.664417e-01
9.661597e-02
2.088609e-01
5.613905e-01
9.796944e-02
-2.305519e-01
0.000000e+00
9.730600e-01
2.038098e-01
1.066678e+00
9.661597e-02
2.088609e-01
5.613905e-01
9.796944e-02
2.088609e-01
1.061627e+00
9.796944e-02
-1.161583e-01
0.000000e+00
9.932307e-01
2.088609e-01
1.061627e+00
9.796944e-02
2.088609e-01
5.613905e-01
9.796944e-02
2.140704e-01
5.561811e-01
9.842519e-02
-5.807913e-02
0.000000e+00
9.983119e-01
2.088609e-01
1.061627e+00
9.796944e-02
2.140704e-01
5.561811e-01
9.842519e-02
2.140704e-01
1.056417e+00
9.842519e-02
-8.191521e-01
0.000000e+00
5.735765e-01
1.880896e-01
5.821618e-01
8.342520e-02
1.894958e-01
5.807557e-01
8.563249e-02
1.910890e-01
1.079399e+00
8.770882e-02
-7.844105e-01
0.000000e+00
6.202420e-01
1.910890e-01
1.079399e+00
8.770882e-02
1.894958e-01
5.807557e-01
8.563249e-02
1.910890e-01
5.791625e-01
8.770882e-02
-7.274188e-01
0.000000e+00
6.861938e-01
1.910890e-01
1.079399e+00
8.770882e-02
1.910890e-01
5.791625e-01
8.770882e-02
1.947868e-01
5.754647e-01
9.140653e-02
-9.995772e-01
0.000000e+00
2.907651e-02
1.840704e-01
1.086417e+00
6.842519e-02
1.840704e-01
5.861811e-01
6.842519e-02
1.841845e-01
1.086303e+00
7.103987e-02
-9.983077e-01
0.000000e+00
5.815303e-02
1.841845e-01
1.086303e+00
7.103987e-02
1.840704e-01
5.861811e-01
6.842519e-02
1.841845e-01
5.860670e-01
7.103987e-02
-9.932393e-01
0.000000e+00
1.160848e-01
1.841845e-01
1.086303e+00
7.103987e-02
1.841845e-01
5.860670e-01
7.103987e-02
1.845261e-01
1.085962e+00
7.363465e-02
-9.894404e-01
0.000000e+00
1.449400e-01
1.845261e-01
1.085962e+00
7.363465e-02
1.841845e-01
5.860670e-01
7.103987e-02
1.845261e-01
5.857254e-01
7.363465e-02
-9.793423e-01
0.000000e+00
2.022095e-01
1.845261e-01
1.085962e+00
7.363465e-02
1.845261e-01
5.857254e-01
7.363465e-02
1.850926e-01
1.085395e+00
7.618977e-02
-9.730430e-01
0.000000e+00
2.306239e-01
1.850926e-01
1.085395e+00
7.618977e-02
1.845261e-01
5.857254e-01
7.363465e-02
1.850926e-01
5.851589e-01
7.618977e-02
-9.579919e-01
0.000000e+00
2.867954e-01
1.850926e-01
1.085395e+00
7.618977e-02
1.850926e-01
5.851589e-01
7.618977e-02
1.858796e-01
1.084608e+00
7.868581e-02
-9.492401e-01
0.000000e+00
3.145525e-01
1.858796e-01
1.084608e+00
7.868581e-02
1.850926e-01
5.851589e-01
7.618977e-02
1.858796e-01
5.843719e-01
7.868581e-02
-9.293506e-01
0.000000e+00
3.691985e-01
1.858796e-01
1.084608e+00
7.868581e-02
1.858796e-01
5.843719e-01
7.868581e-02
1.868812e-01
1.083607e+00
8.110374e-02
-9.182128e-01
0.000000e+00
3.960873e-01
1.868812e-01
1.083607e+00
8.110374e-02
1.858796e-01
5.843719e-01
7.868581e-02
1.868812e-01
5.833703e-01
8.110374e-02
-8.936363e-01
0.000000e+00
4.487918e-01
1.868812e-01
1.083607e+00
8.110374e-02
1.868812e-01
5.833703e-01
8.110374e-02
1.880896e-01
1.082398e+00
8.342520e-02
-8.801975e-01
0.000000e+00
4.746076e-01
1.880896e-01
1.082398e+00
8.342520e-02
1.868812e-01
5.833703e-01
8.110374e-02
1.880896e-01
5.821618e-01
8.342520e-02
-8.511210e-01
0.000000e+00
5.249696e-01
1.880896e-01
1.082398e+00
8.342520e-02
1.880896e-01
5.821618e-01
8.342520e-02
1.894958e-01
1.080992e+00
8.563249e-02
-8.191521e-01
0.000000e+00
5.735765e-01
1.894958e-01
1.080992e+00
8.563249e-02
1.880896e-01
5.821618e-01
8.342520e-02
1.910890e-01
1.079399e+00
8.770882e-02
0.000000e+00
9.995772e-01
2.907651e-02
1.840704e-01
5.861811e-01
6.842519e-02
3.500000e-02
5.861811e-01
6.842519e-02
1.841845e-01
5.860670e-01
7.103987e-02
0.000000e+00
9.961947e-01
8.715575e-02
1.841845e-01
5.860670e-01
7.103987e-02
3.500000e-02
5.861811e-01
6.842519e-02
3.500000e-02
5.857254e-01
7.363465e-02
0.000000e+00
9.894404e-01
1.449400e-01
1.841845e-01
5.860670e-01
7.103987e-02
3.500000e-02
5.857254e-01
7.363465e-02
1.845261e-01
5.857254e-01
7.363465e-02
0.000000e+00
9.793423e-01
2.022095e-01
1.845261e-01
5.857254e-01
7.363465e-02
3.500000e-02
5.857254e-01
7.363465e-02
1.850926e-01
5.851589e-01
7.618977e-02
0.000000e+00
9.659258e-01
2.588190e-01
1.850926e-01
5.851589e-01
7.618977e-02
3.500000e-02
5.857254e-01
7.363465e-02
3.500000e-02
5.843719e-01
7.868581e-02
0.000000e+00
9.492401e-01
3.145525e-01
1.850926e-01
5.851589e-01
7.618977e-02
3.500000e-02
5.843719e-01
7.868581e-02
1.858796e-01
5.843719e-01
7.868581e-02
0.000000e+00
9.293506e-01
3.691985e-01
1.858796e-01
5.843719e-01
7.868581e-02
3.500000e-02
5.843719e-01
7.868581e-02
1.868812e-01
5.833703e-01
8.110374e-02
0.000000e+00
9.063078e-01
4.226182e-01
1.868812e-01
5.833703e-01
8.110374e-02
3.500000e-02
5.843719e-01
7.868581e-02
3.500000e-02
5.821618e-01
8.342520e-02
0.000000e+00
8.801975e-01
4.746076e-01
1.868812e-01
5.833703e-01
8.110374e-02
3.500000e-02
5.821618e-01
8.342520e-02
1.880896e-01
5.821618e-01
8.342520e-02
0.000000e+00
8.511210e-01
5.249696e-01
1.880896e-01
5.821618e-01
8.342520e-02
3.500000e-02
5.821618e-01
8.342520e-02
1.894958e-01
5.807557e-01
8.563249e-02
0.000000e+00
8.191521e-01
5.735765e-01
1.894958e-01
5.807557e-01
8.563249e-02
3.500000e-02
5.821618e-01
8.342520e-02
3.500000e-02
5.791625e-01
8.770882e-02
0.000000e+00
7.844105e-01
6.202420e-01
1.894958e-01
5.807557e-01
8.563249e-02
3.500000e-02
5.791625e-01
8.770882e-02
1.910890e-01
5.791625e-01
8.770882e-02
0.000000e+00
7.274188e-01
6.861938e-01
1.910890e-01
5.791625e-01
8.770882e-02
3.500000e-02
5.791625e-01
8.770882e-02
1.947868e-01
5.754647e-01
9.140653e-02
0.000000e+00
7.201372e-01
6.938317e-01
1.947868e-01
5.754647e-01
9.140653e-02
3.500000e-02
5.791625e-01
8.770882e-02
3.500000e-02
5.785418e-01
8.842520e-02
0.000000e+00
6.935324e-01
7.204255e-01
1.947868e-01
5.754647e-01
9.140653e-02
3.500000e-02
5.785418e-01
8.842520e-02
3.482163e-02
5.768360e-01
9.015864e-02
0.000000e+00
6.703126e-01
7.420788e-01
3.482163e-02
5.768360e-01
9.015864e-02
3.479045e-02
5.765378e-01
9.046166e-02
1.947868e-01
5.754647e-01
9.140653e-02
0.000000e+00
6.548740e-01
7.557381e-01
1.947868e-01
5.754647e-01
9.140653e-02
3.479045e-02
5.765378e-01
9.046166e-02
3.452408e-02
5.754533e-01
9.139324e-02
0.000000e+00
5.972096e-01
8.020852e-01
1.947868e-01
5.754647e-01
9.140653e-02
3.452408e-02
5.754533e-01
9.139324e-02
1.990704e-01
5.711811e-01
9.440596e-02
0.000000e+00
5.910017e-01
8.066703e-01
3.452408e-02
5.754533e-01
9.139324e-02
3.438711e-02
5.748957e-01
9.187224e-02
1.990704e-01
5.711811e-01
9.440596e-02
0.000000e+00
5.597466e-01
8.286638e-01
1.990704e-01
5.711811e-01
9.440596e-02
3.438711e-02
5.748957e-01
9.187224e-02
3.361415e-02
5.727254e-01
9.340122e-02
0.000000e+00
5.262278e-01
8.503436e-01
3.361415e-02
5.727254e-01
9.340122e-02
3.334143e-02
5.719596e-01
9.394068e-02
1.990704e-01
5.711811e-01
9.440596e-02
0.000000e+00
5.087210e-01
8.609315e-01
1.990704e-01
5.711811e-01
9.440596e-02
3.334143e-02
5.719596e-01
9.394068e-02
3.297541e-02
5.711572e-01
9.436037e-02
0.000000e+00
4.488784e-01
8.935928e-01
1.990704e-01
5.711811e-01
9.440596e-02
3.297541e-02
5.711572e-01
9.436037e-02
2.038098e-01
5.664417e-01
9.661597e-02
0.000000e+00
4.394952e-01
8.982449e-01
2.038098e-01
5.664417e-01
9.661597e-02
3.297541e-02
5.711572e-01
9.436037e-02
3.259504e-02
5.703233e-01
9.479653e-02
0.000000e+00
4.051020e-01
9.142715e-01
2.038098e-01
5.664417e-01
9.661597e-02
3.259504e-02
5.703233e-01
9.479653e-02
3.159866e-02
5.681389e-01
9.593903e-02
0.000000e+00
3.760145e-01
9.266138e-01
3.159866e-02
5.681389e-01
9.593903e-02
3.140979e-02
5.677806e-01
9.605908e-02
2.038098e-01
5.664417e-01
9.661597e-02
0.000000e+00
3.571457e-01
9.340487e-01
2.038098e-01
5.664417e-01
9.661597e-02
3.140979e-02
5.677806e-01
9.605908e-02
3.068674e-02
5.664089e-01
9.651865e-02
0.000000e+00
2.868927e-01
9.579628e-01
2.038098e-01
5.664417e-01
9.661597e-02
3.068674e-02
5.664089e-01
9.651865e-02
2.088609e-01
5.613905e-01
9.796944e-02
0.000000e+00
2.709297e-01
9.625992e-01
2.088609e-01
5.613905e-01
9.796944e-02
3.068674e-02
5.664089e-01
9.651865e-02
2.994196e-02
5.649960e-01
9.699205e-02
0.000000e+00
2.346032e-01
9.720913e-01
2.088609e-01
5.613905e-01
9.796944e-02
2.994196e-02
5.649960e-01
9.699205e-02
2.900210e-02
5.632130e-01
9.758943e-02
0.000000e+00
2.025516e-01
9.792716e-01
2.900210e-02
5.632130e-01
9.758943e-02
2.839871e-02
5.621482e-01
9.774701e-02
2.088609e-01
5.613905e-01
9.796944e-02
0.000000e+00
1.822811e-01
9.832465e-01
2.088609e-01
5.613905e-01
9.796944e-02
2.839871e-02
5.621482e-01
9.774701e-02
2.796025e-02
5.613744e-01
9.786151e-02
0.000000e+00
1.161891e-01
9.932271e-01
2.088609e-01
5.613905e-01
9.796944e-02
2.796025e-02
5.613744e-01
9.786151e-02
2.140704e-01
5.561811e-01
9.842519e-02
0.000000e+00
9.154357e-02
9.958011e-01
2.140704e-01
5.561811e-01
9.842519e-02
2.796025e-02
5.613744e-01
9.786151e-02
2.671568e-02
5.591779e-01
9.818652e-02
0.000000e+00
5.250315e-02
9.986207e-01
2.671568e-02
5.591779e-01
9.818652e-02
2.598971e-02
5.578967e-01
9.837610e-02
2.140704e-01
5.561811e-01
9.842519e-02
0.000000e+00
2.116111e-02
9.997761e-01
2.140704e-01
5.561811e-01
9.842519e-02
2.598971e-02
5.578967e-01
9.837610e-02
2.510868e-02
5.563694e-01
9.842461e-02
0.000000e+00
2.091534e-03
9.999979e-01
2.140704e-01
5.561811e-01
9.842519e-02
2.510868e-02
5.563694e-01
9.842461e-02
2.500000e-02
5.561811e-01
9.842519e-02
8.801610e-01
0.000000e+00
4.746752e-01
3.406308e-02
1.737591e+00
9.265138e-02
3.366026e-02
1.737993e+00
9.342519e-02
3.361415e-02
5.727254e-01
9.340122e-02
5.807913e-02
0.000000e+00
9.983119e-01
2.500000e-02
1.746654e+00
9.842519e-02
2.500000e-02
5.561811e-01
9.842519e-02
2.673648e-02
1.744917e+00
9.827328e-02
6.170181e-02
0.000000e+00
9.980946e-01
2.673648e-02
1.744917e+00
9.827328e-02
2.500000e-02
5.561811e-01
9.842519e-02
2.510868e-02
5.563694e-01
9.842461e-02
9.470746e-02
0.000000e+00
9.955051e-01
2.510868e-02
5.563694e-01
9.842461e-02
2.598971e-02
5.578967e-01
9.837610e-02
2.673648e-02
1.744917e+00
9.827328e-02
1.486695e-01
0.000000e+00
9.888869e-01
2.673648e-02
1.744917e+00
9.827328e-02
2.598971e-02
5.578967e-01
9.837610e-02
2.671568e-02
5.591779e-01
9.818652e-02
2.303741e-01
0.000000e+00
9.731022e-01
2.673648e-02
1.744917e+00
9.827328e-02
2.671568e-02
5.591779e-01
9.818652e-02
2.842020e-02
1.743233e+00
9.782213e-02
2.722344e-01
0.000000e+00
9.622310e-01
2.671568e-02
5.591779e-01
9.818652e-02
2.796025e-02
5.613744e-01
9.786151e-02
2.842020e-02
1.743233e+00
9.782213e-02
3.280369e-01
0.000000e+00
9.446649e-01
2.842020e-02
1.743233e+00
9.782213e-02
2.796025e-02
5.613744e-01
9.786151e-02
2.839871e-02
5.621482e-01
9.774701e-02
3.961891e-01
0.000000e+00
9.181690e-01
2.842020e-02
1.743233e+00
9.782213e-02
2.839871e-02
5.621482e-01
9.774701e-02
3.000000e-02
1.741654e+00
9.708545e-02
4.153256e-01
0.000000e+00
9.096729e-01
2.839871e-02
5.621482e-01
9.774701e-02
2.900210e-02
5.632130e-01
9.758943e-02
3.000000e-02
1.741654e+00
9.708545e-02
4.672800e-01
0.000000e+00
8.841094e-01
3.000000e-02
1.741654e+00
9.708545e-02
2.900210e-02
5.632130e-01
9.758943e-02
2.994196e-02
5.649960e-01
9.699205e-02
5.493536e-01
0.000000e+00
8.355900e-01
3.000000e-02
1.741654e+00
9.708545e-02
2.994196e-02
5.649960e-01
9.699205e-02
3.142788e-02
1.740226e+00
9.608565e-02
5.739235e-01
0.000000e+00
8.189089e-01
2.994196e-02
5.649960e-01
9.699205e-02
3.068674e-02
5.664089e-01
9.651865e-02
3.142788e-02
1.740226e+00
9.608565e-02
6.207513e-01
0.000000e+00
7.840076e-01
3.142788e-02
1.740226e+00
9.608565e-02
3.068674e-02
5.664089e-01
9.651865e-02
3.140979e-02
5.677806e-01
9.605908e-02
6.862721e-01
0.000000e+00
7.273449e-01
3.142788e-02
1.740226e+00
9.608565e-02
3.140979e-02
5.677806e-01
9.605908e-02
3.266044e-02
1.738993e+00
9.485307e-02
8.557076e-01
0.000000e+00
5.174596e-01
3.361415e-02
5.727254e-01
9.340122e-02
3.366026e-02
1.737993e+00
9.342519e-02
3.334143e-02
5.719596e-01
9.394068e-02
6.917201e-01
0.000000e+00
7.221657e-01
3.140979e-02
5.677806e-01
9.605908e-02
3.159866e-02
5.681389e-01
9.593903e-02
3.266044e-02
1.738993e+00
9.485307e-02
7.325606e-01
0.000000e+00
6.807018e-01
3.266044e-02
1.738993e+00
9.485307e-02
3.159866e-02
5.681389e-01
9.593903e-02
3.259504e-02
5.703233e-01
9.479653e-02
7.844372e-01
0.000000e+00
6.202083e-01
3.266044e-02
1.738993e+00
9.485307e-02
3.259504e-02
5.703233e-01
9.479653e-02
3.319152e-02
1.738462e+00
9.416097e-02
8.191766e-01
0.000000e+00
5.735413e-01
3.319152e-02
1.738462e+00
9.416097e-02
3.259504e-02
5.703233e-01
9.479653e-02
3.366026e-02
1.737993e+00
9.342519e-02
8.135988e-01
0.000000e+00
5.814267e-01
3.366026e-02
1.737993e+00
9.342519e-02
3.259504e-02
5.703233e-01
9.479653e-02
3.297541e-02
5.711572e-01
9.436037e-02
8.350736e-01
0.000000e+00
5.501384e-01
3.366026e-02
1.737993e+00
9.342519e-02
3.297541e-02
5.711572e-01
9.436037e-02
3.334143e-02
5.719596e-01
9.394068e-02
9.062753e-01
0.000000e+00
4.226878e-01
3.406308e-02
1.737591e+00
9.265138e-02
3.361415e-02
5.727254e-01
9.340122e-02
3.439693e-02
1.737257e+00
9.184540e-02
9.178334e-01
0.000000e+00
3.969658e-01
3.439693e-02
1.737257e+00
9.184540e-02
3.361415e-02
5.727254e-01
9.340122e-02
3.438711e-02
5.748957e-01
9.187224e-02
9.623520e-01
0.000000e+00
2.718061e-01
3.452408e-02
5.754533e-01
9.139324e-02
3.484808e-02
1.736805e+00
9.016168e-02
3.438711e-02
5.748957e-01
9.187224e-02
9.659248e-01
0.000000e+00
2.588229e-01
3.438711e-02
5.748957e-01
9.187224e-02
3.484808e-02
1.736805e+00
9.016168e-02
3.465926e-02
1.736994e+00
9.101339e-02
9.492388e-01
0.000000e+00
3.145563e-01
3.438711e-02
5.748957e-01
9.187224e-02
3.465926e-02
1.736994e+00
9.101339e-02
3.439693e-02
1.737257e+00
9.184540e-02
9.983089e-01
0.000000e+00
5.813244e-02
3.482163e-02
5.768360e-01
9.015864e-02
3.500000e-02
5.785418e-01
8.842520e-02
3.500000e-02
1.736653e+00
8.842520e-02
9.742959e-01
0.000000e+00
2.252724e-01
3.452408e-02
5.754533e-01
9.139324e-02
3.479045e-02
5.765378e-01
9.046166e-02
3.484808e-02
1.736805e+00
9.016168e-02
9.829788e-01
0.000000e+00
1.837195e-01
3.484808e-02
1.736805e+00
9.016168e-02
3.479045e-02
5.765378e-01
9.046166e-02
3.482163e-02
5.768360e-01
9.015864e-02
9.894327e-01
0.000000e+00
1.449930e-01
3.484808e-02
1.736805e+00
9.016168e-02
3.482163e-02
5.768360e-01
9.015864e-02
3.496195e-02
1.736692e+00
8.929676e-02
9.961901e-01
0.000000e+00
8.720905e-02
3.496195e-02
1.736692e+00
8.929676e-02
3.482163e-02
5.768360e-01
9.015864e-02
3.500000e-02
1.736653e+00
8.842520e-02
0.000000e+00
-8.801975e-01
4.746076e-01
5.564881e-01
1.737591e+00
9.265138e-02
5.568910e-01
1.737993e+00
9.342519e-02
3.366026e-02
1.737993e+00
9.342519e-02
0.000000e+00
-7.844105e-01
6.202420e-01
5.573597e-01
1.738462e+00
9.416097e-02
5.578908e-01
1.738993e+00
9.485307e-02
3.266044e-02
1.738993e+00
9.485307e-02
0.000000e+00
-7.274188e-01
6.861938e-01
3.266044e-02
1.738993e+00
9.485307e-02
5.578908e-01
1.738993e+00
9.485307e-02
5.591233e-01
1.740226e+00
9.608565e-02
0.000000e+00
-6.861938e-01
7.274188e-01
3.266044e-02
1.738993e+00
9.485307e-02
5.591233e-01
1.740226e+00
9.608565e-02
3.142788e-02
1.740226e+00
9.608565e-02
0.000000e+00
-5.972114e-01
8.020838e-01
3.142788e-02
1.740226e+00
9.608565e-02
5.591233e-01
1.740226e+00
9.608565e-02
5.605512e-01
1.741654e+00
9.708545e-02
0.000000e+00
-5.494540e-01
8.355240e-01
3.142788e-02
1.740226e+00
9.608565e-02
5.605512e-01
1.741654e+00
9.708545e-02
3.000000e-02
1.741654e+00
9.708545e-02
0.000000e+00
-4.488580e-01
8.936031e-01
3.000000e-02
1.741654e+00
9.708545e-02
5.605512e-01
1.741654e+00
9.708545e-02
5.621310e-01
1.743233e+00
9.782213e-02
0.000000e+00
-3.960194e-01
9.182422e-01
3.000000e-02
1.741654e+00
9.708545e-02
5.621310e-01
1.743233e+00
9.782213e-02
2.842020e-02
1.743233e+00
9.782213e-02
0.000000e+00
-2.868663e-01
9.579706e-01
2.842020e-02
1.743233e+00
9.782213e-02
5.621310e-01
1.743233e+00
9.782213e-02
5.638147e-01
1.744917e+00
9.827328e-02
0.000000e+00
-2.305519e-01
9.730600e-01
2.842020e-02
1.743233e+00
9.782213e-02
5.638147e-01
1.744917e+00
9.827328e-02
2.673648e-02
1.744917e+00
9.827328e-02
0.000000e+00
-1.161583e-01
9.932307e-01
2.673648e-02
1.744917e+00
9.827328e-02
5.638147e-01
1.744917e+00
9.827328e-02
5.655512e-01
1.746654e+00
9.842519e-02
0.000000e+00
-5.807913e-02
9.983119e-01
2.673648e-02
1.744917e+00
9.827328e-02
5.655512e-01
1.746654e+00
9.842519e-02
2.500000e-02
1.746654e+00
9.842519e-02
0.000000e+00
-8.191521e-01
5.735765e-01
5.573597e-01
1.738462e+00
9.416097e-02
3.266044e-02
1.738993e+00
9.485307e-02
5.568910e-01
1.737993e+00
9.342519e-02
0.000000e+00
-8.191521e-01
5.735765e-01
5.568910e-01
1.737993e+00
9.342519e-02
3.266044e-02
1.738993e+00
9.485307e-02
3.319152e-02
1.738462e+00
9.416097e-02
0.000000e+00
-8.511210e-01
5.249696e-01
5.568910e-01
1.737993e+00
9.342519e-02
3.319152e-02
1.738462e+00
9.416097e-02
3.366026e-02
1.737993e+00
9.342519e-02
0.000000e+00
-9.063078e-01
4.226183e-01
5.564881e-01
1.737591e+00
9.265138e-02
3.366026e-02
1.737993e+00
9.342519e-02
5.561543e-01
1.737257e+00
9.184540e-02
0.000000e+00
-9.063078e-01
4.226183e-01
5.561543e-01
1.737257e+00
9.184540e-02
3.366026e-02
1.737993e+00
9.342519e-02
3.406308e-02
1.737591e+00
9.265138e-02
0.000000e+00
-9.293506e-01
3.691985e-01
5.561543e-01
1.737257e+00
9.184540e-02
3.406308e-02
1.737591e+00
9.265138e-02
3.439693e-02
1.737257e+00
9.184540e-02
0.000000e+00
-9.793423e-01
2.022095e-01
3.465926e-02
1.736994e+00
9.101339e-02
3.484808e-02
1.736805e+00
9.016168e-02
5.557031e-01
1.736805e+00
9.016168e-02
0.000000e+00
-9.659258e-01
2.588190e-01
3.465926e-02
1.736994e+00
9.101339e-02
5.557031e-01
1.736805e+00
9.016168e-02
3.439693e-02
1.737257e+00
9.184540e-02
0.000000e+00
-9.659258e-01
2.588190e-01
3.439693e-02
1.737257e+00
9.184540e-02
5.557031e-01
1.736805e+00
9.016168e-02
5.558919e-01
1.736994e+00
9.101339e-02
0.000000e+00
-9.492401e-01
3.145525e-01
3.439693e-02
1.737257e+00
9.184540e-02
5.558919e-01
1.736994e+00
9.101339e-02
5.561543e-01
1.737257e+00
9.184540e-02
0.000000e+00
-9.995772e-01
2.907651e-02
3.496195e-02
1.736692e+00
8.929676e-02
3.500000e-02
1.736653e+00
8.842520e-02
5.555512e-01
1.736653e+00
8.842520e-02
0.000000e+00
-9.961947e-01
8.715575e-02
3.496195e-02
1.736692e+00
8.929676e-02
5.555512e-01
1.736653e+00
8.842520e-02
3.484808e-02
1.736805e+00
9.016168e-02
0.000000e+00
-9.961947e-01
8.715575e-02
3.484808e-02
1.736805e+00
9.016168e-02
5.555512e-01
1.736653e+00
8.842520e-02
5.555893e-01
1.736692e+00
8.929676e-02
0.000000e+00
-9.894404e-01
1.449400e-01
3.484808e-02
1.736805e+00
9.016168e-02
5.555893e-01
1.736692e+00
8.929676e-02
5.557031e-01
1.736805e+00
9.016168e-02
-7.783009e-01
0.000000e+00
6.278915e-01
5.575558e-01
1.571582e+00
9.438334e-02
5.579391e-01
1.570751e+00
9.481029e-02
5.578908e-01
1.738993e+00
9.485307e-02
-5.253056e-01
0.000000e+00
8.509137e-01
5.598474e-01
1.566833e+00
9.654877e-02
5.606028e-01
1.565415e+00
9.699812e-02
5.605512e-01
1.741654e+00
9.708545e-02
-3.622639e-03
0.000000e+00
9.999934e-01
5.654425e-01
1.556782e+00
9.842461e-02
5.655512e-01
1.556594e+00
9.842519e-02
5.655512e-01
1.746654e+00
9.842519e-02
-1.160098e-01
0.000000e+00
9.932480e-01
5.638147e-01
1.744917e+00
9.827328e-02
5.638334e-01
1.559593e+00
9.819304e-02
5.655512e-01
1.746654e+00
9.842519e-02
-9.095717e-02
0.000000e+00
9.958548e-01
5.655512e-01
1.746654e+00
9.842519e-02
5.638334e-01
1.559593e+00
9.819304e-02
5.645615e-01
1.558310e+00
9.837610e-02
-3.664911e-02
0.000000e+00
9.993282e-01
5.655512e-01
1.746654e+00
9.842519e-02
5.645615e-01
1.558310e+00
9.837610e-02
5.654425e-01
1.556782e+00
9.842461e-02
-4.488277e-01
0.000000e+00
8.936183e-01
5.605512e-01
1.741654e+00
9.708545e-02
5.606028e-01
1.565415e+00
9.699812e-02
5.621310e-01
1.743233e+00
9.782213e-02
-4.095705e-01
0.000000e+00
9.122785e-01
5.606028e-01
1.565415e+00
9.699812e-02
5.617170e-01
1.563322e+00
9.766095e-02
5.621310e-01
1.743233e+00
9.782213e-02
-3.560306e-01
0.000000e+00
9.344742e-01
5.621310e-01
1.743233e+00
9.782213e-02
5.617170e-01
1.563322e+00
9.766095e-02
5.621459e-01
1.562567e+00
9.776877e-02
-2.870037e-01
0.000000e+00
9.579294e-01
5.621310e-01
1.743233e+00
9.782213e-02
5.621459e-01
1.562567e+00
9.776877e-02
5.638147e-01
1.744917e+00
9.827328e-02
-2.725148e-01
0.000000e+00
9.621516e-01
5.638147e-01
1.744917e+00
9.827328e-02
5.621459e-01
1.562567e+00
9.776877e-02
5.625864e-01
1.561790e+00
9.787952e-02
-2.157638e-01
0.000000e+00
9.764456e-01
5.638147e-01
1.744917e+00
9.827328e-02
5.625864e-01
1.561790e+00
9.787952e-02
5.638334e-01
1.559593e+00
9.819304e-02
-7.274574e-01
0.000000e+00
6.861529e-01
5.578908e-01
1.738993e+00
9.485307e-02
5.579391e-01
1.570751e+00
9.481029e-02
5.591233e-01
1.740226e+00
9.608565e-02
-6.916828e-01
0.000000e+00
7.222015e-01
5.579391e-01
1.570751e+00
9.481029e-02
5.589525e-01
1.568552e+00
9.593903e-02
5.591233e-01
1.740226e+00
9.608565e-02
-6.485167e-01
0.000000e+00
7.612004e-01
5.591233e-01
1.740226e+00
9.608565e-02
5.589525e-01
1.568552e+00
9.593903e-02
5.591246e-01
1.568208e+00
9.608407e-02
-5.972113e-01
0.000000e+00
8.020840e-01
5.591233e-01
1.740226e+00
9.608565e-02
5.591246e-01
1.568208e+00
9.608407e-02
5.605512e-01
1.741654e+00
9.708545e-02
-5.922854e-01
0.000000e+00
8.057283e-01
5.605512e-01
1.741654e+00
9.708545e-02
5.591246e-01
1.568208e+00
9.608407e-02
5.592650e-01
1.567927e+00
9.620228e-02
-5.689145e-01
0.000000e+00
8.223968e-01
5.605512e-01
1.741654e+00
9.708545e-02
5.592650e-01
1.567927e+00
9.620228e-02
5.598474e-01
1.566833e+00
9.654877e-02
-7.957597e-01
0.000000e+00
6.056125e-01
5.575558e-01
1.571582e+00
9.438334e-02
5.578908e-01
1.738993e+00
9.485307e-02
5.573723e-01
1.571980e+00
9.417894e-02
-8.016904e-01
0.000000e+00
5.977395e-01
5.573723e-01
1.571980e+00
9.417894e-02
5.578908e-01
1.738993e+00
9.485307e-02
5.573597e-01
1.738462e+00
9.416097e-02
-8.350572e-01
0.000000e+00
5.501631e-01
5.573723e-01
1.571980e+00
9.417894e-02
5.573597e-01
1.738462e+00
9.416097e-02
5.569459e-01
1.573131e+00
9.339494e-02
-8.510988e-01
0.000000e+00
5.250057e-01
5.569459e-01
1.573131e+00
9.339494e-02
5.573597e-01
1.738462e+00
9.416097e-02
5.568910e-01
1.737993e+00
9.342519e-02
-8.801774e-01
0.000000e+00
4.746449e-01
5.569459e-01
1.573131e+00
9.339494e-02
5.568910e-01
1.737993e+00
9.342519e-02
5.564881e-01
1.737591e+00
9.265138e-02
-9.247189e-01
0.000000e+00
3.806506e-01
5.564881e-01
1.737591e+00
9.265138e-02
5.561641e-01
1.575309e+00
9.187224e-02
5.562766e-01
1.574936e+00
9.216456e-02
-9.014192e-01
0.000000e+00
4.329473e-01
5.564881e-01
1.737591e+00
9.265138e-02
5.562766e-01
1.574936e+00
9.216456e-02
5.569459e-01
1.573131e+00
9.339494e-02
-9.293480e-01
0.000000e+00
3.692049e-01
5.564881e-01
1.737591e+00
9.265138e-02
5.561543e-01
1.737257e+00
9.184540e-02
5.561641e-01
1.575309e+00
9.187224e-02
-9.492379e-01
0.000000e+00
3.145591e-01
5.561641e-01
1.575309e+00
9.187224e-02
5.561543e-01
1.737257e+00
9.184540e-02
5.558919e-01
1.736994e+00
9.101339e-02
-9.540750e-01
0.000000e+00
2.995678e-01
5.561641e-01
1.575309e+00
9.187224e-02
5.558919e-01
1.736994e+00
9.101339e-02
5.560374e-01
1.575861e+00
9.138729e-02
-9.698855e-01
0.000000e+00
2.435613e-01
5.560374e-01
1.575861e+00
9.138729e-02
5.558919e-01
1.736994e+00
9.101339e-02
5.557164e-01
1.577260e+00
9.015842e-02
-9.995772e-01
0.000000e+00
2.907651e-02
5.555893e-01
1.736692e+00
8.929676e-02
5.555512e-01
1.736653e+00
8.842520e-02
5.555512e-01
1.578955e+00
8.842520e-02
-9.793484e-01
0.000000e+00
2.021799e-01
5.558919e-01
1.736994e+00
9.101339e-02
5.557031e-01
1.736805e+00
9.016168e-02
5.557164e-01
1.577260e+00
9.015842e-02
-9.894448e-01
0.000000e+00
1.449101e-01
5.557164e-01
1.577260e+00
9.015842e-02
5.557031e-01
1.736805e+00
9.016168e-02
5.555893e-01
1.736692e+00
8.929676e-02
-9.901794e-01
0.000000e+00
1.398028e-01
5.557164e-01
1.577260e+00
9.015842e-02
5.555893e-01
1.736692e+00
8.929676e-02
5.556774e-01
1.577430e+00
9.000911e-02
-9.966304e-01
0.000000e+00
8.202241e-02
5.556774e-01
1.577430e+00
9.000911e-02
5.555893e-01
1.736692e+00
8.929676e-02
5.555512e-01
1.578955e+00
8.842520e-02
