0.000000e+00
0.000000e+00
1.000000e+00
5.905512e-01
1.149881e+00
9.842519e-02
2.133367e-01
8.732828e-01
9.842519e-02
2.133367e-01
8.540145e-01
9.842519e-02
0.000000e+00
0.000000e+00
1.000000e+00
3.882811e-01
5.561811e-01
9.842519e-02
2.133367e-01
6.393692e-01
9.842519e-02
2.133367e-01
5.561811e-01
9.842519e-02
0.000000e+00
0.000000e+00
1.000000e+00
2.133367e-01
8.540145e-01
9.842519e-02
5.855512e-01
6.543986e-01
9.842519e-02
5.905512e-01
1.149881e+00
9.842519e-02
0.000000e+00
0.000000e+00
1.000000e+00
5.905512e-01
1.149881e+00
9.842519e-02
5.855512e-01
6.543986e-01
9.842519e-02
5.855512e-01
5.561811e-01
9.842519e-02
0.000000e+00
0.000000e+00
1.000000e+00
5.905512e-01
1.149881e+00
9.842519e-02
5.855512e-01
5.561811e-01
9.842519e-02
5.905512e-01
0.000000e+00
9.842519e-02
0.000000e+00
0.000000e+00
1.000000e+00
5.855512e-01
5.561811e-01
9.842519e-02
3.882811e-01
5.561811e-01
9.842519e-02
5.905512e-01
0.000000e+00
9.842519e-02
0.000000e+00
0.000000e+00
1.000000e+00
5.905512e-01
0.000000e+00
9.842519e-02
3.882811e-01
5.561811e-01
9.842519e-02
2.133367e-01
5.561811e-01
9.842519e-02
0.000000e+00
0.000000e+00
1.000000e+00
5.905512e-01
0.000000e+00
9.842519e-02
2.133367e-01
5.561811e-01
9.842519e-02
0.000000e+00
0.000000e+00
9.842519e-02
0.000000e+00
0.000000e+00
1.000000e+00
0.000000e+00
0.000000e+00
9.842519e-02
2.133367e-01
5.561811e-01
9.842519e-02
5.000000e-03
5.561811e-01
9.842519e-02
0.000000e+00
0.000000e+00
1.000000e+00
0.000000e+00
0.000000e+00
9.842519e-02
5.000000e-03
5.561811e-01
9.842519e-02
0.000000e+00
1.771654e+00
9.842519e-02
0.000000e+00
0.000000e+00
1.000000e+00
2.133367e-01
1.766654e+00
9.842519e-02
2.133367e-01
1.091470e+00
9.842519e-02
3.553048e-01
1.191417e+00
9.842519e-02
0.000000e+00
0.000000e+00
1.000000e+00
5.000000e-03
5.561811e-01
9.842519e-02
5.000000e-03
1.766654e+00
9.842519e-02
0.000000e+00
1.771654e+00
9.842519e-02
0.000000e+00
0.000000e+00
1.000000e+00
0.000000e+00
1.771654e+00
9.842519e-02
5.000000e-03
1.766654e+00
9.842519e-02
2.133367e-01
1.766654e+00
9.842519e-02
0.000000e+00
0.000000e+00
1.000000e+00
0.000000e+00
1.771654e+00
9.842519e-02
2.133367e-01
1.766654e+00
9.842519e-02
5.905512e-01
1.771654e+00
9.842519e-02
0.000000e+00
0.000000e+00
1.000000e+00
5.905512e-01
1.771654e+00
9.842519e-02
2.133367e-01
1.766654e+00
9.842519e-02
3.553048e-01
1.191417e+00
9.842519e-02
0.000000e+00
0.000000e+00
1.000000e+00
5.905512e-01
1.771654e+00
9.842519e-02
3.553048e-01
1.191417e+00
9.842519e-02
5.905512e-01
1.191417e+00
9.842519e-02
0.000000e+00
0.000000e+00
-1.000000e+00
3.500000e-02
5.861811e-01
0.000000e+00
0.000000e+00
0.000000e+00
0.000000e+00
0.000000e+00
1.771654e+00
0.000000e+00
0.000000e+00
0.000000e+00
-1.000000e+00
3.648058e-01
1.161417e+00
0.000000e+00
1.833367e-01
1.033661e+00
0.000000e+00
1.833367e-01
1.736653e+00
0.000000e+00
0.000000e+00
0.000000e+00
-1.000000e+00
0.000000e+00
0.000000e+00
0.000000e+00
3.500000e-02
5.861811e-01
0.000000e+00
5.905512e-01
0.000000e+00
0.000000e+00
0.000000e+00
0.000000e+00
-1.000000e+00
3.648058e-01
1.161417e+00
0.000000e+00
1.833367e-01
1.736653e+00
0.000000e+00
5.555512e-01
1.161417e+00
0.000000e+00
0.000000e+00
0.000000e+00
-1.000000e+00
3.500000e-02
5.861811e-01
0.000000e+00
1.833367e-01
5.861811e-01
0.000000e+00
5.905512e-01
0.000000e+00
0.000000e+00
0.000000e+00
0.000000e+00
-1.000000e+00
5.905512e-01
0.000000e+00
0.000000e+00
1.833367e-01
5.861811e-01
0.000000e+00
1.833367e-01
6.868535e-01
0.000000e+00
0.000000e+00
0.000000e+00
-1.000000e+00
5.905512e-01
0.000000e+00
0.000000e+00
1.833367e-01
6.868535e-01
0.000000e+00
3.950506e-01
5.861811e-01
0.000000e+00
0.000000e+00
0.000000e+00
-1.000000e+00
3.950506e-01
5.861811e-01
0.000000e+00
5.555512e-01
5.861811e-01
0.000000e+00
5.905512e-01
0.000000e+00
0.000000e+00
0.000000e+00
0.000000e+00
-1.000000e+00
5.905512e-01
0.000000e+00
0.000000e+00
5.555512e-01
5.861811e-01
0.000000e+00
5.555512e-01
6.364455e-01
0.000000e+00
0.000000e+00
0.000000e+00
-1.000000e+00
5.905512e-01
0.000000e+00
0.000000e+00
5.555512e-01
6.364455e-01
0.000000e+00
5.905512e-01
1.771654e+00
0.000000e+00
0.000000e+00
0.000000e+00
-1.000000e+00
1.833367e-01
8.360615e-01
0.000000e+00
1.833367e-01
8.884858e-01
0.000000e+00
5.555512e-01
6.364455e-01
0.000000e+00
0.000000e+00
0.000000e+00
-1.000000e+00
5.555512e-01
6.364455e-01
0.000000e+00
1.833367e-01
8.884858e-01
0.000000e+00
5.555512e-01
1.161417e+00
0.000000e+00
0.000000e+00
0.000000e+00
-1.000000e+00
5.555512e-01
6.364455e-01
0.000000e+00
5.555512e-01
1.161417e+00
0.000000e+00
5.905512e-01
1.771654e+00
0.000000e+00
0.000000e+00
0.000000e+00
-1.000000e+00
5.905512e-01
1.771654e+00
0.000000e+00
5.555512e-01
1.161417e+00
0.000000e+00
1.833367e-01
1.736653e+00
0.000000e+00
0.000000e+00
0.000000e+00
-1.000000e+00
5.905512e-01
1.771654e+00
0.000000e+00
1.833367e-01
1.736653e+00
0.000000e+00
0.000000e+00
1.771654e+00
0.000000e+00
0.000000e+00
0.000000e+00
-1.000000e+00
0.000000e+00
1.771654e+00
0.000000e+00
1.833367e-01
1.736653e+00
0.000000e+00
3.500000e-02
1.736653e+00
0.000000e+00
0.000000e+00
0.000000e+00
-1.000000e+00
0.000000e+00
1.771654e+00
0.000000e+00
3.500000e-02
1.736653e+00
0.000000e+00
3.500000e-02
5.861811e-01
0.000000e+00
-1.000000e+00
0.000000e+00
0.000000e+00
0.000000e+00
0.000000e+00
9.842519e-02
0.000000e+00
1.771654e+00
9.842519e-02
0.000000e+00
0.000000e+00
0.000000e+00
-1.000000e+00
0.000000e+00
0.000000e+00
0.000000e+00
0.000000e+00
0.000000e+00
0.000000e+00
1.771654e+00
9.842519e-02
0.000000e+00
1.771654e+00
0.000000e+00
0.000000e+00
-1.000000e+00
0.000000e+00
5.905512e-01
0.000000e+00
9.842519e-02
0.000000e+00
0.000000e+00
9.842519e-02
5.905512e-01
0.000000e+00
0.000000e+00
0.000000e+00
-1.000000e+00
0.000000e+00
5.905512e-01
0.000000e+00
0.000000e+00
0.000000e+00
0.000000e+00
9.842519e-02
0.000000e+00
0.000000e+00
0.000000e+00
1.000000e+00
0.000000e+00
0.000000e+00
5.905512e-01
1.771654e+00
0.000000e+00
5.905512e-01
1.771654e+00
9.842519e-02
5.905512e-01
1.172874e+00
9.200826e-02
1.000000e+00
0.000000e+00
0.000000e+00
5.905512e-01
1.172874e+00
9.200826e-02
5.905512e-01
1.771654e+00
9.842519e-02
5.905512e-01
1.191417e+00
9.842519e-02
1.000000e+00
0.000000e+00
0.000000e+00
5.905512e-01
1.172874e+00
9.200826e-02
5.905512e-01
1.191417e+00
9.842519e-02
5.905512e-01
1.176417e+00
9.440596e-02
1.000000e+00
0.000000e+00
0.000000e+00
5.905512e-01
1.176417e+00
9.440596e-02
5.905512e-01
1.191417e+00
9.842519e-02
5.905512e-01
1.186208e+00
9.796944e-02
1.000000e+00
0.000000e+00
0.000000e+00
5.905512e-01
1.176417e+00
9.440596e-02
5.905512e-01
1.186208e+00
9.796944e-02
5.905512e-01
1.181157e+00
9.661597e-02
1.000000e+00
0.000000e+00
0.000000e+00
5.905512e-01
1.149881e+00
9.842519e-02
5.905512e-01
1.172874e+00
9.200826e-02
5.905512e-01
1.171747e+00
9.269571e-02
1.000000e+00
0.000000e+00
0.000000e+00
5.905512e-01
1.771654e+00
0.000000e+00
5.905512e-01
1.172874e+00
9.200826e-02
5.905512e-01
0.000000e+00
0.000000e+00
1.000000e+00
0.000000e+00
0.000000e+00
5.905512e-01
0.000000e+00
0.000000e+00
5.905512e-01
1.172874e+00
9.200826e-02
5.905512e-01
1.149881e+00
9.842519e-02
1.000000e+00
0.000000e+00
0.000000e+00
5.905512e-01
0.000000e+00
0.000000e+00
5.905512e-01
1.149881e+00
9.842519e-02
5.905512e-01
0.000000e+00
9.842519e-02
1.000000e+00
0.000000e+00
0.000000e+00
5.905512e-01
1.166770e+00
9.515539e-02
5.905512e-01
1.161376e+00
9.695689e-02
5.905512e-01
1.171747e+00
9.269571e-02
1.000000e+00
0.000000e+00
0.000000e+00
5.905512e-01
1.171747e+00
9.269571e-02
5.905512e-01
1.161376e+00
9.695689e-02
5.905512e-01
1.155700e+00
9.805585e-02
1.000000e+00
0.000000e+00
0.000000e+00
5.905512e-01
1.171747e+00
9.269571e-02
5.905512e-01
1.155700e+00
9.805585e-02
5.905512e-01
1.149881e+00
9.842519e-02
0.000000e+00
1.000000e+00
0.000000e+00
0.000000e+00
1.771654e+00
9.842519e-02
5.905512e-01
1.771654e+00
9.842519e-02
0.000000e+00
1.771654e+00
0.000000e+00
0.000000e+00
1.000000e+00
0.000000e+00
0.000000e+00
1.771654e+00
0.000000e+00
5.905512e-01
1.771654e+00
9.842519e-02
5.905512e-01
1.771654e+00
0.000000e+00
-1.000000e+00
0.000000e+00
0.000000e+00
1.833367e-01
1.736653e+00
6.842519e-02
1.833367e-01
1.736653e+00
0.000000e+00
1.833367e-01
1.033661e+00
6.842519e-02
-1.000000e+00
0.000000e+00
0.000000e+00
1.833367e-01
1.033661e+00
6.842519e-02
1.833367e-01
1.736653e+00
0.000000e+00
1.833367e-01
1.033661e+00
0.000000e+00
5.756614e-01
-8.176882e-01
0.000000e+00
1.833367e-01
1.033661e+00
6.842519e-02
1.833367e-01
1.033661e+00
0.000000e+00
3.648058e-01
1.161417e+00
6.842519e-02
5.756614e-01
-8.176882e-01
0.000000e+00
3.648058e-01
1.161417e+00
6.842519e-02
1.833367e-01
1.033661e+00
0.000000e+00
3.648058e-01
1.161417e+00
0.000000e+00
0.000000e+00
-1.000000e+00
0.000000e+00
3.648058e-01
1.161417e+00
6.842519e-02
3.648058e-01
1.161417e+00
0.000000e+00
5.555512e-01
1.161417e+00
6.842519e-02
0.000000e+00
-1.000000e+00
0.000000e+00
5.555512e-01
1.161417e+00
6.842519e-02
3.648058e-01
1.161417e+00
0.000000e+00
5.555512e-01
1.161417e+00
0.000000e+00
-5.913273e-01
8.064317e-01
0.000000e+00
5.555512e-01
1.161417e+00
6.842519e-02
5.555512e-01
1.161417e+00
5.335641e-19
1.833367e-01
8.884858e-01
6.842519e-02
-5.913273e-01
8.064317e-01
0.000000e+00
1.833367e-01
8.884858e-01
6.842519e-02
5.555512e-01
1.161417e+00
5.335641e-19
1.833367e-01
8.884858e-01
5.335641e-19
-1.000000e+00
0.000000e+00
0.000000e+00
1.833367e-01
8.884858e-01
6.842519e-02
1.833367e-01
8.884858e-01
0.000000e+00
1.833367e-01
8.360615e-01
6.842519e-02
-1.000000e+00
0.000000e+00
0.000000e+00
1.833367e-01
8.360615e-01
6.842519e-02
1.833367e-01
8.884858e-01
0.000000e+00
1.833367e-01
8.360615e-01
0.000000e+00
-4.726176e-01
-8.812677e-01
0.000000e+00
1.833367e-01
8.360615e-01
6.842519e-02
1.833367e-01
8.360615e-01
5.335641e-19
5.555512e-01
6.364455e-01
6.842519e-02
-4.726176e-01
-8.812677e-01
0.000000e+00
5.555512e-01
6.364455e-01
6.842519e-02
1.833367e-01
8.360615e-01
5.335641e-19
5.555512e-01
6.364455e-01
5.335641e-19
-1.000000e+00
0.000000e+00
0.000000e+00
5.555512e-01
6.364455e-01
6.842519e-02
5.555512e-01
6.364455e-01
0.000000e+00
5.555512e-01
5.861811e-01
6.842519e-02
-1.000000e+00
0.000000e+00
0.000000e+00
5.555512e-01
5.861811e-01
6.842519e-02
5.555512e-01
6.364455e-01
0.000000e+00
5.555512e-01
5.861811e-01
0.000000e+00
0.000000e+00
1.000000e+00
0.000000e+00
5.555512e-01
5.861811e-01
6.842519e-02
5.555512e-01
5.861811e-01
0.000000e+00
3.950506e-01
5.861811e-01
6.842519e-02
0.000000e+00
1.000000e+00
0.000000e+00
3.950506e-01
5.861811e-01
6.842519e-02
5.555512e-01
5.861811e-01
0.000000e+00
3.950506e-01
5.861811e-01
0.000000e+00
4.294338e-01
9.030984e-01
0.000000e+00
3.950506e-01
5.861811e-01
6.842519e-02
3.950506e-01
5.861811e-01
0.000000e+00
1.833367e-01
6.868535e-01
6.842519e-02
4.294338e-01
9.030984e-01
0.000000e+00
1.833367e-01
6.868535e-01
6.842519e-02
3.950506e-01
5.861811e-01
0.000000e+00
1.833367e-01
6.868535e-01
0.000000e+00
-1.000000e+00
0.000000e+00
0.000000e+00
1.833367e-01
6.868535e-01
6.842519e-02
1.833367e-01
6.868535e-01
0.000000e+00
1.833367e-01
5.861811e-01
6.842519e-02
-1.000000e+00
0.000000e+00
0.000000e+00
1.833367e-01
5.861811e-01
6.842519e-02
1.833367e-01
6.868535e-01
0.000000e+00
1.833367e-01
5.861811e-01
0.000000e+00
0.000000e+00
1.000000e+00
0.000000e+00
1.833367e-01
5.861811e-01
6.842519e-02
1.833367e-01
5.861811e-01
0.000000e+00
3.500000e-02
5.861811e-01
6.842519e-02
0.000000e+00
1.000000e+00
0.000000e+00
3.500000e-02
5.861811e-01
6.842519e-02
1.833367e-01
5.861811e-01
0.000000e+00
3.500000e-02
5.861811e-01
0.000000e+00
1.000000e+00
0.000000e+00
0.000000e+00
3.500000e-02
5.861811e-01
6.842519e-02
3.500000e-02
5.861811e-01
0.000000e+00
3.500000e-02
1.736653e+00
6.842519e-02
1.000000e+00
0.000000e+00
0.000000e+00
3.500000e-02
1.736653e+00
6.842519e-02
3.500000e-02
5.861811e-01
0.000000e+00
3.500000e-02
1.736653e+00
0.000000e+00
0.000000e+00
-1.000000e+00
0.000000e+00
3.500000e-02
1.736653e+00
6.842519e-02
3.500000e-02
1.736653e+00
0.000000e+00
1.833367e-01
1.736653e+00
6.842519e-02
0.000000e+00
-1.000000e+00
0.000000e+00
1.833367e-01
1.736653e+00
6.842519e-02
3.500000e-02
1.736653e+00
0.000000e+00
1.833367e-01
1.736653e+00
0.000000e+00
-3.645380e-01
4.971444e-01
7.873750e-01
5.905512e-01
1.172874e+00
9.200826e-02
5.882884e-01
1.172134e+00
9.140653e-02
5.905512e-01
1.171747e+00
9.269571e-02
-3.826977e-01
5.219100e-01
7.623336e-01
5.905512e-01
1.171747e+00
9.269571e-02
5.882884e-01
1.172134e+00
9.140653e-02
5.828485e-01
1.170353e+00
8.949694e-02
-3.720949e-01
5.074501e-01
7.772000e-01
5.828485e-01
1.170353e+00
8.949694e-02
1.957661e-01
8.821871e-01
9.260599e-02
5.905512e-01
1.171747e+00
9.269571e-02
-3.306829e-01
4.509739e-01
8.290183e-01
5.905512e-01
1.171747e+00
9.269571e-02
1.957661e-01
8.821871e-01
9.260599e-02
1.983367e-01
8.808843e-01
9.440596e-02
-3.045471e-01
4.153308e-01
8.571764e-01
5.905512e-01
1.171747e+00
9.269571e-02
1.983367e-01
8.808843e-01
9.440596e-02
5.905512e-01
1.166770e+00
9.515539e-02
-2.776287e-01
3.786206e-01
8.829319e-01
1.983367e-01
8.808843e-01
9.440596e-02
1.997577e-01
8.801642e-01
9.506857e-02
5.905512e-01
1.166770e+00
9.515539e-02
-2.468146e-01
3.365972e-01
9.087270e-01
5.905512e-01
1.166770e+00
9.515539e-02
1.997577e-01
8.801642e-01
9.506857e-02
2.030761e-01
8.784826e-01
9.661597e-02
-2.183058e-01
2.977178e-01
9.293582e-01
5.905512e-01
1.166770e+00
9.515539e-02
2.030761e-01
8.784826e-01
9.661597e-02
5.905512e-01
1.161376e+00
9.695689e-02
-1.892833e-01
2.581381e-01
9.473841e-01
2.030761e-01
8.784826e-01
9.661597e-02
2.040853e-01
8.779712e-01
9.688640e-02
5.905512e-01
1.161376e+00
9.695689e-02
-1.564091e-01
2.133053e-01
9.643843e-01
5.905512e-01
1.161376e+00
9.695689e-02
2.040853e-01
8.779712e-01
9.688640e-02
2.081272e-01
8.759228e-01
9.796944e-02
-1.262842e-01
1.722220e-01
9.769298e-01
5.905512e-01
1.161376e+00
9.695689e-02
2.081272e-01
8.759228e-01
9.796944e-02
5.905512e-01
1.155700e+00
9.805585e-02
-9.591754e-02
1.308090e-01
9.867567e-01
2.081272e-01
8.759228e-01
9.796944e-02
2.086474e-01
8.756592e-01
9.801494e-02
5.905512e-01
1.155700e+00
9.805585e-02
-6.185624e-02
8.435740e-02
9.945138e-01
5.905512e-01
1.155700e+00
9.805585e-02
2.086474e-01
8.756592e-01
9.801494e-02
2.133367e-01
8.732828e-01
9.842519e-02
-3.091936e-02
4.216676e-02
9.986320e-01
5.905512e-01
1.155700e+00
9.805585e-02
2.133367e-01
8.732828e-01
9.842519e-02
5.905512e-01
1.149881e+00
9.842519e-02
-5.171980e-01
7.053366e-01
4.847747e-01
1.866065e-01
8.868288e-01
8.204491e-02
1.874260e-01
8.864136e-01
8.338229e-02
5.680444e-01
1.165507e+00
8.338269e-02
-5.014915e-01
6.839167e-01
5.298719e-01
5.680444e-01
1.165507e+00
8.338269e-02
1.874260e-01
8.864136e-01
8.338229e-02
1.890662e-01
8.855823e-01
8.605875e-02
-4.902338e-01
6.685640e-01
5.591896e-01
5.680444e-01
1.165507e+00
8.338269e-02
1.890662e-01
8.855823e-01
8.605875e-02
5.730541e-01
1.167147e+00
8.605875e-02
-4.701780e-01
6.412126e-01
6.064477e-01
5.730541e-01
1.167147e+00
8.605875e-02
1.890662e-01
8.855823e-01
8.605875e-02
1.903553e-01
8.849290e-01
8.770882e-02
-4.617320e-01
6.296942e-01
6.247310e-01
5.730541e-01
1.167147e+00
8.605875e-02
1.903553e-01
8.849290e-01
8.770882e-02
5.774055e-01
1.168571e+00
8.758625e-02
-4.417702e-01
6.024708e-01
6.647316e-01
5.774055e-01
1.168571e+00
8.758625e-02
1.903553e-01
8.849290e-01
8.770882e-02
1.922042e-01
8.839921e-01
8.955768e-02
-4.301204e-01
5.865833e-01
6.862336e-01
5.774055e-01
1.168571e+00
8.758625e-02
1.922042e-01
8.839921e-01
8.955768e-02
5.828485e-01
1.170353e+00
8.949694e-02
-4.057718e-01
5.533774e-01
7.274081e-01
5.828485e-01
1.170353e+00
8.949694e-02
1.922042e-01
8.839921e-01
8.955768e-02
1.940531e-01
8.830552e-01
9.140653e-02
-3.827069e-01
5.219224e-01
7.623204e-01
5.828485e-01
1.170353e+00
8.949694e-02
1.940531e-01
8.830552e-01
9.140653e-02
1.957661e-01
8.821871e-01
9.260599e-02
-5.602216e-01
7.640108e-01
3.200614e-01
5.610781e-01
1.163226e+00
7.868581e-02
5.600367e-01
1.162886e+00
7.769570e-02
1.848050e-01
8.877417e-01
7.769570e-02
-5.221165e-01
7.120445e-01
4.694539e-01
5.680444e-01
1.165507e+00
8.338269e-02
5.655400e-01
1.164687e+00
8.204491e-02
1.866065e-01
8.868288e-01
8.204491e-02
-5.373638e-01
7.328381e-01
4.173590e-01
1.866065e-01
8.868288e-01
8.204491e-02
5.655400e-01
1.164687e+00
8.204491e-02
5.610781e-01
1.163226e+00
7.868581e-02
-5.469831e-01
7.459566e-01
3.799451e-01
1.866065e-01
8.868288e-01
8.204491e-02
5.610781e-01
1.163226e+00
7.868581e-02
1.852050e-01
8.875390e-01
7.866137e-02
-5.579873e-01
7.609639e-01
3.310350e-01
1.852050e-01
8.875390e-01
7.866137e-02
5.610781e-01
1.163226e+00
7.868581e-02
1.848050e-01
8.877417e-01
7.769570e-02
-5.664846e-01
7.725521e-01
2.868073e-01
5.600367e-01
1.162886e+00
7.769570e-02
5.582735e-01
1.162308e+00
7.568286e-02
1.848050e-01
8.877417e-01
7.769570e-02
-5.737624e-01
7.824772e-01
2.419219e-01
1.848050e-01
8.877417e-01
7.769570e-02
5.582735e-01
1.162308e+00
7.568286e-02
5.569435e-01
1.161873e+00
7.363465e-02
-5.769433e-01
7.868153e-01
2.192217e-01
1.848050e-01
8.877417e-01
7.769570e-02
5.569435e-01
1.161873e+00
7.363465e-02
1.838280e-01
8.882369e-01
7.362613e-02
-5.912766e-01
8.063626e-01
1.308885e-02
5.556219e-01
1.161440e+00
6.960300e-02
5.555512e-01
1.161417e+00
6.842519e-02
1.833367e-01
8.884858e-01
6.842519e-02
-5.829337e-01
7.949847e-01
1.678916e-01
1.838280e-01
8.882369e-01
7.362613e-02
5.569435e-01
1.161873e+00
7.363465e-02
1.837060e-01
8.882987e-01
7.311823e-02
-5.834989e-01
7.957557e-01
1.621790e-01
1.837060e-01
8.882987e-01
7.311823e-02
5.569435e-01
1.161873e+00
7.363465e-02
5.567106e-01
1.161797e+00
7.311673e-02
-5.862678e-01
7.995318e-01
1.305333e-01
1.837060e-01
8.882987e-01
7.311823e-02
5.567106e-01
1.161797e+00
7.311673e-02
1.834292e-01
8.884390e-01
7.077897e-02
-5.872284e-01
8.008417e-01
1.175386e-01
1.834292e-01
8.884390e-01
7.077897e-02
5.567106e-01
1.161797e+00
7.311673e-02
5.561864e-01
1.161625e+00
7.195132e-02
-5.900609e-01
8.047047e-01
6.541060e-02
1.834292e-01
8.884390e-01
7.077897e-02
5.561864e-01
1.161625e+00
7.195132e-02
1.833367e-01
8.884858e-01
6.842519e-02
-5.900609e-01
8.047047e-01
6.541060e-02
1.833367e-01
8.884858e-01
6.842519e-02
5.561864e-01
1.161625e+00
7.195132e-02
5.558337e-01
1.161510e+00
7.077897e-02
-5.908713e-01
8.058099e-01
3.925982e-02
1.833367e-01
8.884858e-01
6.842519e-02
5.558337e-01
1.161510e+00
7.077897e-02
5.556219e-01
1.161440e+00
6.960300e-02
-5.807913e-02
0.000000e+00
9.983119e-01
2.081272e-01
8.508970e-01
9.796944e-02
2.133367e-01
8.540145e-01
9.842519e-02
2.133367e-01
8.732828e-01
9.842519e-02
-1.103968e-01
0.000000e+00
9.938876e-01
2.133367e-01
8.732828e-01
9.842519e-02
2.086474e-01
8.756592e-01
9.801494e-02
2.081272e-01
8.508970e-01
9.796944e-02
-1.679453e-01
0.000000e+00
9.857963e-01
2.081272e-01
8.508970e-01
9.796944e-02
2.086474e-01
8.756592e-01
9.801494e-02
2.081272e-01
8.759228e-01
9.796944e-02
-2.305519e-01
0.000000e+00
9.730600e-01
2.081272e-01
8.508970e-01
9.796944e-02
2.081272e-01
8.759228e-01
9.796944e-02
2.030761e-01
8.478742e-01
9.661597e-02
-2.757167e-01
0.000000e+00
9.612390e-01
2.030761e-01
8.478742e-01
9.661597e-02
2.081272e-01
8.759228e-01
9.796944e-02
2.040853e-01
8.779712e-01
9.688640e-02
-3.311015e-01
0.000000e+00
9.435952e-01
2.040853e-01
8.779712e-01
9.688640e-02
2.030761e-01
8.784826e-01
9.661597e-02
2.030761e-01
8.478742e-01
9.661597e-02
-3.800060e-01
0.000000e+00
9.249840e-01
2.030761e-01
8.478742e-01
9.661597e-02
2.030761e-01
8.784826e-01
9.661597e-02
1.997577e-01
8.801642e-01
9.506857e-02
-4.331927e-01
0.000000e+00
9.013013e-01
2.030761e-01
8.478742e-01
9.661597e-02
1.997577e-01
8.801642e-01
9.506857e-02
1.983367e-01
8.450381e-01
9.440596e-02
-4.848419e-01
0.000000e+00
8.746018e-01
1.997577e-01
8.801642e-01
9.506857e-02
1.983367e-01
8.808843e-01
9.440596e-02
1.983367e-01
8.450381e-01
9.440596e-02
-5.299244e-01
0.000000e+00
8.480449e-01
1.983367e-01
8.450381e-01
9.440596e-02
1.983367e-01
8.808843e-01
9.440596e-02
1.957661e-01
8.821871e-01
9.260599e-02
-5.783609e-01
0.000000e+00
8.157810e-01
1.983367e-01
8.450381e-01
9.440596e-02
1.957661e-01
8.821871e-01
9.260599e-02
1.940531e-01
8.424746e-01
9.140653e-02
-6.248077e-01
0.000000e+00
7.807787e-01
1.957661e-01
8.821871e-01
9.260599e-02
1.940531e-01
8.830552e-01
9.140653e-02
1.940531e-01
8.424746e-01
9.140653e-02
-6.647897e-01
0.000000e+00
7.470305e-01
1.940531e-01
8.424746e-01
9.140653e-02
1.940531e-01
8.830552e-01
9.140653e-02
1.922042e-01
8.839921e-01
8.955768e-02
-7.071068e-01
0.000000e+00
7.071068e-01
1.940531e-01
8.424746e-01
9.140653e-02
1.922042e-01
8.839921e-01
8.955768e-02
1.903553e-01
8.402617e-01
8.770882e-02
-9.996575e-01
0.000000e+00
2.617097e-02
1.833367e-01
8.884858e-01
6.842519e-02
1.833367e-01
8.360615e-01
6.842519e-02
1.834292e-01
8.884390e-01
7.077897e-02
-9.984727e-01
0.000000e+00
5.524748e-02
1.834292e-01
8.884390e-01
7.077897e-02
1.833367e-01
8.360615e-01
6.842519e-02
1.834508e-01
8.361297e-01
7.103987e-02
-9.942142e-01
0.000000e+00
1.074161e-01
1.834292e-01
8.884390e-01
7.077897e-02
1.834508e-01
8.361297e-01
7.103987e-02
1.837060e-01
8.882987e-01
7.311823e-02
-9.902673e-01
0.000000e+00
1.391784e-01
1.837060e-01
8.882987e-01
7.311823e-02
1.834508e-01
8.361297e-01
7.103987e-02
1.837925e-01
8.363342e-01
7.363465e-02
-9.858055e-01
0.000000e+00
1.678916e-01
1.837060e-01
8.882987e-01
7.311823e-02
1.837925e-01
8.363342e-01
7.363465e-02
1.838280e-01
8.882369e-01
7.362613e-02
-9.793473e-01
0.000000e+00
2.021854e-01
1.838280e-01
8.882369e-01
7.362613e-02
1.837925e-01
8.363342e-01
7.363465e-02
1.843589e-01
8.366732e-01
7.618977e-02
-9.688756e-01
0.000000e+00
2.475479e-01
1.838280e-01
8.882369e-01
7.362613e-02
1.843589e-01
8.366732e-01
7.618977e-02
1.848050e-01
8.877417e-01
7.769570e-02
-9.528376e-01
0.000000e+00
3.034805e-01
1.848050e-01
8.877417e-01
7.769570e-02
1.843589e-01
8.366732e-01
7.618977e-02
1.851459e-01
8.371441e-01
7.868581e-02
-9.436185e-01
0.000000e+00
3.310350e-01
1.848050e-01
8.877417e-01
7.769570e-02
1.851459e-01
8.371441e-01
7.868581e-02
1.852050e-01
8.875390e-01
7.866137e-02
-9.293619e-01
0.000000e+00
3.691700e-01
1.852050e-01
8.875390e-01
7.866137e-02
1.851459e-01
8.371441e-01
7.868581e-02
1.861475e-01
8.377435e-01
8.110374e-02
-9.135536e-01
0.000000e+00
4.067184e-01
1.852050e-01
8.875390e-01
7.866137e-02
1.861475e-01
8.377435e-01
8.110374e-02
1.866065e-01
8.868288e-01
8.204491e-02
-8.883511e-01
0.000000e+00
4.591648e-01
1.866065e-01
8.868288e-01
8.204491e-02
1.861475e-01
8.377435e-01
8.110374e-02
1.873559e-01
8.384667e-01
8.342520e-02
-8.746302e-01
0.000000e+00
4.847907e-01
1.866065e-01
8.868288e-01
8.204491e-02
1.873559e-01
8.384667e-01
8.342520e-02
1.874260e-01
8.864136e-01
8.338229e-02
-8.511333e-01
0.000000e+00
5.249497e-01
1.874260e-01
8.864136e-01
8.338229e-02
1.873559e-01
8.384667e-01
8.342520e-02
1.887621e-01
8.393083e-01
8.563249e-02
-8.322842e-01
0.000000e+00
5.543492e-01
1.874260e-01
8.864136e-01
8.338229e-02
1.887621e-01
8.393083e-01
8.563249e-02
1.890662e-01
8.855823e-01
8.605875e-02
-7.986386e-01
0.000000e+00
6.018108e-01
1.890662e-01
8.855823e-01
8.605875e-02
1.887621e-01
8.393083e-01
8.563249e-02
1.903553e-01
8.402617e-01
8.770882e-02
-7.807914e-01
0.000000e+00
6.247919e-01
1.890662e-01
8.855823e-01
8.605875e-02
1.903553e-01
8.402617e-01
8.770882e-02
1.903553e-01
8.849290e-01
8.770882e-02
-7.470305e-01
0.000000e+00
6.647897e-01
1.903553e-01
8.849290e-01
8.770882e-02
1.903553e-01
8.402617e-01
8.770882e-02
1.922042e-01
8.839921e-01
8.955768e-02
0.000000e+00
-5.886557e-01
8.083838e-01
5.882884e-01
1.172134e+00
9.140653e-02
5.905512e-01
1.172874e+00
9.200826e-02
5.905512e-01
1.176417e+00
9.440596e-02
0.000000e+00
-5.298873e-01
8.480680e-01
5.905512e-01
1.176417e+00
9.440596e-02
3.600417e-01
1.176460e+00
9.433585e-02
3.608893e-01
1.173784e+00
9.269571e-02
0.000000e+00
-5.783443e-01
8.157927e-01
5.905512e-01
1.176417e+00
9.440596e-02
3.608893e-01
1.173784e+00
9.269571e-02
5.882884e-01
1.172134e+00
9.140653e-02
0.000000e+00
-6.247850e-01
7.807968e-01
5.882884e-01
1.172134e+00
9.140653e-02
3.608893e-01
1.173784e+00
9.269571e-02
3.613931e-01
1.172193e+00
9.133707e-02
0.000000e+00
-6.647832e-01
7.470363e-01
5.882884e-01
1.172134e+00
9.140653e-02
3.613931e-01
1.172193e+00
9.133707e-02
3.620230e-01
1.170204e+00
8.963840e-02
0.000000e+00
-9.250091e-01
3.799449e-01
3.642141e-01
1.163286e+00
7.866134e-02
5.610781e-01
1.163226e+00
7.868581e-02
3.637702e-01
1.164687e+00
8.204491e-02
0.000000e+00
-9.087418e-01
4.173589e-01
3.637702e-01
1.164687e+00
8.204491e-02
5.610781e-01
1.163226e+00
7.868581e-02
5.655400e-01
1.164687e+00
8.204491e-02
0.000000e+00
-8.829596e-01
4.694490e-01
3.637702e-01
1.164687e+00
8.204491e-02
5.655400e-01
1.164687e+00
8.204491e-02
3.635107e-01
1.165507e+00
8.338226e-02
0.000000e+00
-8.746392e-01
4.847744e-01
3.635107e-01
1.165507e+00
8.338226e-02
5.655400e-01
1.164687e+00
8.204491e-02
5.680444e-01
1.165507e+00
8.338269e-02
0.000000e+00
-8.480779e-01
5.298716e-01
3.635107e-01
1.165507e+00
8.338226e-02
5.680444e-01
1.165507e+00
8.338269e-02
3.629913e-01
1.167147e+00
8.605875e-02
0.000000e+00
-8.290398e-01
5.591896e-01
3.629913e-01
1.167147e+00
8.605875e-02
5.680444e-01
1.165507e+00
8.338269e-02
5.730541e-01
1.167147e+00
8.605875e-02
0.000000e+00
-7.951286e-01
6.064408e-01
3.629913e-01
1.167147e+00
8.605875e-02
5.730541e-01
1.167147e+00
8.605875e-02
3.625610e-01
1.168505e+00
8.764952e-02
0.000000e+00
-7.808455e-01
6.247241e-01
3.625610e-01
1.168505e+00
8.764952e-02
5.730541e-01
1.167147e+00
8.605875e-02
5.774055e-01
1.168571e+00
8.758625e-02
0.000000e+00
-7.470882e-01
6.647250e-01
3.625610e-01
1.168505e+00
8.764952e-02
5.774055e-01
1.168571e+00
8.758625e-02
3.620230e-01
1.170204e+00
8.963840e-02
0.000000e+00
-7.273812e-01
6.862335e-01
3.620230e-01
1.170204e+00
8.963840e-02
5.774055e-01
1.168571e+00
8.758625e-02
5.828485e-01
1.170353e+00
8.949694e-02
0.000000e+00
-6.862050e-01
7.274081e-01
3.620230e-01
1.170204e+00
8.963840e-02
5.828485e-01
1.170353e+00
8.949694e-02
5.882884e-01
1.172134e+00
9.140653e-02
0.000000e+00
-9.923712e-01
1.232860e-01
5.558337e-01
1.161510e+00
7.077897e-02
5.561864e-01
1.161625e+00
7.195132e-02
3.646502e-01
1.161909e+00
7.362612e-02
0.000000e+00
-9.986320e-01
5.228807e-02
3.646888e-01
1.161787e+00
7.311823e-02
3.648058e-01
1.161417e+00
6.842519e-02
5.555512e-01
1.161417e+00
6.842519e-02
0.000000e+00
-9.938936e-01
1.103426e-01
3.646888e-01
1.161787e+00
7.311823e-02
5.555512e-01
1.161417e+00
6.842519e-02
3.646502e-01
1.161909e+00
7.362612e-02
0.000000e+00
-9.974661e-01
7.114344e-02
3.646502e-01
1.161909e+00
7.362612e-02
5.555512e-01
1.161417e+00
6.842519e-02
5.556219e-01
1.161440e+00
6.960300e-02
0.000000e+00
-9.952595e-01
9.725471e-02
3.646502e-01
1.161909e+00
7.362612e-02
5.556219e-01
1.161440e+00
6.960300e-02
5.558337e-01
1.161510e+00
7.077897e-02
0.000000e+00
-9.888032e-01
1.492253e-01
5.561864e-01
1.161625e+00
7.195132e-02
5.567106e-01
1.161797e+00
7.311673e-02
3.646502e-01
1.161909e+00
7.362612e-02
0.000000e+00
-9.858053e-01
1.678927e-01
3.646502e-01
1.161909e+00
7.362612e-02
5.567106e-01
1.161797e+00
7.311673e-02
5.569435e-01
1.161873e+00
7.363465e-02
0.000000e+00
-9.756751e-01
2.192216e-01
3.646502e-01
1.161909e+00
7.362612e-02
5.569435e-01
1.161873e+00
7.363465e-02
3.643408e-01
1.162886e+00
7.769570e-02
0.000000e+00
-9.702957e-01
2.419219e-01
3.643408e-01
1.162886e+00
7.769570e-02
5.569435e-01
1.161873e+00
7.363465e-02
5.582735e-01
1.162308e+00
7.568286e-02
0.000000e+00
-9.545953e-01
2.979058e-01
3.643408e-01
1.162886e+00
7.769570e-02
5.582735e-01
1.162308e+00
7.568286e-02
3.642141e-01
1.163286e+00
7.866134e-02
0.000000e+00
-9.545953e-01
2.979058e-01
3.642141e-01
1.163286e+00
7.866134e-02
5.582735e-01
1.162308e+00
7.568286e-02
5.600367e-01
1.162886e+00
7.769570e-02
0.000000e+00
-9.436185e-01
3.310348e-01
3.642141e-01
1.163286e+00
7.866134e-02
5.600367e-01
1.162886e+00
7.769570e-02
5.610781e-01
1.163226e+00
7.868581e-02
0.000000e+00
-4.847907e-01
8.746302e-01
3.600417e-01
1.176460e+00
9.433585e-02
5.905512e-01
1.176417e+00
9.440596e-02
3.596182e-01
1.177798e+00
9.515539e-02
0.000000e+00
-4.331610e-01
9.013166e-01
3.596182e-01
1.177798e+00
9.515539e-02
5.905512e-01
1.176417e+00
9.440596e-02
5.905512e-01
1.181157e+00
9.661597e-02
0.000000e+00
-3.799455e-01
9.250089e-01
3.596182e-01
1.177798e+00
9.515539e-02
5.905512e-01
1.181157e+00
9.661597e-02
3.585466e-01
1.181181e+00
9.655689e-02
0.000000e+00
-3.310354e-01
9.436184e-01
3.585466e-01
1.181181e+00
9.655689e-02
5.905512e-01
1.181157e+00
9.661597e-02
3.582408e-01
1.182147e+00
9.695689e-02
0.000000e+00
-2.756783e-01
9.612499e-01
3.582408e-01
1.182147e+00
9.695689e-02
5.905512e-01
1.181157e+00
9.661597e-02
5.905512e-01
1.186208e+00
9.796944e-02
0.000000e+00
-2.192222e-01
9.756749e-01
3.582408e-01
1.182147e+00
9.695689e-02
5.905512e-01
1.186208e+00
9.796944e-02
3.569519e-01
1.186216e+00
9.793390e-02
0.000000e+00
-1.678922e-01
9.858054e-01
3.569519e-01
1.186216e+00
9.793390e-02
5.905512e-01
1.186208e+00
9.796944e-02
3.567911e-01
1.186724e+00
9.805585e-02
0.000000e+00
-1.103672e-01
9.938909e-01
3.567911e-01
1.186724e+00
9.805585e-02
5.905512e-01
1.186208e+00
9.796944e-02
5.905512e-01
1.191417e+00
9.842519e-02
0.000000e+00
-5.228807e-02
9.986320e-01
3.567911e-01
1.186724e+00
9.805585e-02
5.905512e-01
1.191417e+00
9.842519e-02
3.553048e-01
1.191417e+00
9.842519e-02
-3.243072e-01
-6.047204e-01
7.274188e-01
1.903553e-01
8.402617e-01
8.770882e-02
5.662675e-01
6.428586e-01
9.140653e-02
1.940531e-01
8.424746e-01
9.140653e-02
-2.822526e-01
-5.263031e-01
8.020839e-01
1.940531e-01
8.424746e-01
9.140653e-02
5.662675e-01
6.428586e-01
9.140653e-02
5.705512e-01
6.454220e-01
9.440596e-02
-2.596816e-01
-4.842160e-01
8.355240e-01
1.940531e-01
8.424746e-01
9.140653e-02
5.705512e-01
6.454220e-01
9.440596e-02
1.983367e-01
8.450381e-01
9.440596e-02
-2.121382e-01
-3.955640e-01
8.936031e-01
1.983367e-01
8.450381e-01
9.440596e-02
5.705512e-01
6.454220e-01
9.440596e-02
5.752906e-01
6.482582e-01
9.661597e-02
-1.871657e-01
-3.489990e-01
9.182422e-01
1.983367e-01
8.450381e-01
9.440596e-02
5.752906e-01
6.482582e-01
9.661597e-02
2.030761e-01
8.478742e-01
9.661597e-02
-1.355780e-01
-2.528059e-01
9.579706e-01
2.030761e-01
8.478742e-01
9.661597e-02
5.752906e-01
6.482582e-01
9.661597e-02
5.803418e-01
6.512811e-01
9.796944e-02
-1.089629e-01
-2.031779e-01
9.730600e-01
2.030761e-01
8.478742e-01
9.661597e-02
5.803418e-01
6.512811e-01
9.796944e-02
2.081272e-01
8.508970e-01
9.796944e-02
-5.489844e-02
-1.023665e-01
9.932307e-01
2.081272e-01
8.508970e-01
9.796944e-02
5.803418e-01
6.512811e-01
9.796944e-02
5.855512e-01
6.543986e-01
9.842519e-02
-2.744922e-02
-5.118326e-02
9.983119e-01
2.081272e-01
8.508970e-01
9.796944e-02
5.855512e-01
6.543986e-01
9.842519e-02
2.133367e-01
8.540145e-01
9.842519e-02
-4.724178e-01
-8.808950e-01
2.907651e-02
1.833367e-01
8.360615e-01
6.842519e-02
5.555512e-01
6.364455e-01
6.842519e-02
1.834508e-01
8.361297e-01
7.103987e-02
-4.718178e-01
-8.797763e-01
5.815303e-02
1.834508e-01
8.361297e-01
7.103987e-02
5.555512e-01
6.364455e-01
6.842519e-02
5.556653e-01
6.365138e-01
7.103987e-02
-4.694223e-01
-8.753096e-01
1.160848e-01
1.834508e-01
8.361297e-01
7.103987e-02
5.556653e-01
6.365138e-01
7.103987e-02
1.837925e-01
8.363342e-01
7.363465e-02
-4.676269e-01
-8.719619e-01
1.449400e-01
1.837925e-01
8.363342e-01
7.363465e-02
5.556653e-01
6.365138e-01
7.103987e-02
5.560070e-01
6.367182e-01
7.363465e-02
-4.628544e-01
-8.630627e-01
2.022095e-01
1.837925e-01
8.363342e-01
7.363465e-02
5.560070e-01
6.367182e-01
7.363465e-02
1.843589e-01
8.366732e-01
7.618977e-02
-4.598772e-01
-8.575113e-01
2.306239e-01
1.843589e-01
8.366732e-01
7.618977e-02
5.560070e-01
6.367182e-01
7.363465e-02
5.565734e-01
6.370572e-01
7.618977e-02
-4.527638e-01
-8.442472e-01
2.867954e-01
1.843589e-01
8.366732e-01
7.618977e-02
5.565734e-01
6.370572e-01
7.618977e-02
1.851459e-01
8.371441e-01
7.868581e-02
-4.486276e-01
-8.365346e-01
3.145525e-01
1.851459e-01
8.371441e-01
7.868581e-02
5.565734e-01
6.370572e-01
7.618977e-02
5.573604e-01
6.375281e-01
7.868581e-02
-4.392273e-01
-8.190066e-01
3.691985e-01
1.851459e-01
8.371441e-01
7.868581e-02
5.573604e-01
6.375281e-01
7.868581e-02
1.861475e-01
8.377435e-01
8.110374e-02
-4.339635e-01
-8.091913e-01
3.960873e-01
1.861475e-01
8.377435e-01
8.110374e-02
5.573604e-01
6.375281e-01
7.868581e-02
5.583619e-01
6.381276e-01
8.110374e-02
-4.223483e-01
-7.875327e-01
4.487919e-01
1.861475e-01
8.377435e-01
8.110374e-02
5.583619e-01
6.381276e-01
8.110374e-02
1.873559e-01
8.384667e-01
8.342520e-02
-4.159968e-01
-7.756895e-01
4.746076e-01
1.873559e-01
8.384667e-01
8.342520e-02
5.583619e-01
6.381276e-01
8.110374e-02
5.595704e-01
6.388507e-01
8.342520e-02
-4.022547e-01
-7.500654e-01
5.249696e-01
1.873559e-01
8.384667e-01
8.342520e-02
5.595704e-01
6.388507e-01
8.342520e-02
1.887621e-01
8.393083e-01
8.563249e-02
-3.948641e-01
-7.362844e-01
5.495158e-01
1.887621e-01
8.393083e-01
8.563249e-02
5.595704e-01
6.388507e-01
8.342520e-02
5.609766e-01
6.396922e-01
8.563249e-02
-3.790998e-01
-7.068895e-01
5.971520e-01
1.887621e-01
8.393083e-01
8.563249e-02
5.609766e-01
6.396922e-01
8.563249e-02
1.903553e-01
8.402617e-01
8.770882e-02
-3.707262e-01
-6.912756e-01
6.202420e-01
1.903553e-01
8.402617e-01
8.770882e-02
5.609766e-01
6.396922e-01
8.563249e-02
5.625699e-01
6.406457e-01
8.770882e-02
-3.437909e-01
-6.410506e-01
6.861938e-01
1.903553e-01
8.402617e-01
8.770882e-02
5.625699e-01
6.406457e-01
8.770882e-02
5.662675e-01
6.428586e-01
9.140653e-02
5.754642e-01
-8.174081e-01
2.617097e-02
1.833367e-01
1.033661e+00
6.842519e-02
3.648058e-01
1.161417e+00
6.842519e-02
1.834292e-01
1.033839e+00
7.077897e-02
5.738867e-01
-8.151675e-01
7.845909e-02
1.834292e-01
1.033839e+00
7.077897e-02
3.648058e-01
1.161417e+00
6.842519e-02
3.646888e-01
1.161787e+00
7.311823e-02
5.707360e-01
-8.106921e-01
1.305321e-01
1.834292e-01
1.033839e+00
7.077897e-02
3.646888e-01
1.161787e+00
7.311823e-02
1.837060e-01
1.034373e+00
7.311823e-02
5.349956e-01
-7.599252e-01
3.691792e-01
1.866065e-01
1.039962e+00
8.204491e-02
1.851459e-01
1.037147e+00
7.868581e-02
3.643408e-01
1.162886e+00
7.769570e-02
5.453785e-01
-7.746736e-01
3.200676e-01
3.643408e-01
1.162886e+00
7.769570e-02
1.851459e-01
1.037147e+00
7.868581e-02
1.848399e-01
1.036558e+00
7.768497e-02
5.551676e-01
-7.885782e-01
2.644491e-01
3.643408e-01
1.162886e+00
7.769570e-02
1.848399e-01
1.036558e+00
7.768497e-02
3.646502e-01
1.161909e+00
7.362612e-02
5.585643e-01
-7.934030e-01
2.419042e-01
3.646502e-01
1.161909e+00
7.362612e-02
1.848399e-01
1.036558e+00
7.768497e-02
1.842278e-01
1.035378e+00
7.568286e-02
5.650882e-01
-8.026697e-01
1.907795e-01
3.646502e-01
1.161909e+00
7.362612e-02
1.842278e-01
1.035378e+00
7.568286e-02
3.646888e-01
1.161787e+00
7.311823e-02
5.650854e-01
-8.026658e-01
1.908038e-01
3.646888e-01
1.161787e+00
7.311823e-02
1.842278e-01
1.035378e+00
7.568286e-02
1.837925e-01
1.034539e+00
7.363465e-02
5.680405e-01
-8.068633e-01
1.621779e-01
3.646888e-01
1.161787e+00
7.311823e-02
1.837925e-01
1.034539e+00
7.363465e-02
1.837060e-01
1.034373e+00
7.311823e-02
5.350022e-01
-7.599346e-01
3.691505e-01
3.643408e-01
1.162886e+00
7.769570e-02
3.642141e-01
1.163286e+00
7.866134e-02
1.866065e-01
1.039962e+00
8.204491e-02
5.231349e-01
-7.430779e-01
4.173309e-01
1.866065e-01
1.039962e+00
8.204491e-02
3.642141e-01
1.163286e+00
7.866134e-02
3.637702e-01
1.164687e+00
8.204491e-02
5.082847e-01
-7.219841e-01
4.694524e-01
1.866065e-01
1.039962e+00
8.204491e-02
3.637702e-01
1.164687e+00
8.204491e-02
1.874262e-01
1.041542e+00
8.338255e-02
4.934493e-01
-7.009115e-01
5.150058e-01
1.874262e-01
1.041542e+00
8.338255e-02
3.637702e-01
1.164687e+00
8.204491e-02
1.890662e-01
1.044702e+00
8.605875e-02
4.934504e-01
-7.009131e-01
5.150024e-01
3.637702e-01
1.164687e+00
8.204491e-02
3.635107e-01
1.165507e+00
8.338226e-02
1.890662e-01
1.044702e+00
8.605875e-02
4.772480e-01
-6.778986e-01
5.591850e-01
1.890662e-01
1.044702e+00
8.605875e-02
3.635107e-01
1.165507e+00
8.338226e-02
3.629913e-01
1.167147e+00
8.605875e-02
4.577242e-01
-6.501665e-01
6.064421e-01
1.890662e-01
1.044702e+00
8.605875e-02
3.629913e-01
1.167147e+00
8.605875e-02
1.904249e-01
1.047320e+00
8.764963e-02
4.388269e-01
-6.233240e-01
6.472234e-01
1.904249e-01
1.047320e+00
8.764963e-02
3.629913e-01
1.167147e+00
8.605875e-02
1.921235e-01
1.050593e+00
8.963840e-02
4.388275e-01
-6.233249e-01
6.472221e-01
3.629913e-01
1.167147e+00
8.605875e-02
3.625610e-01
1.168505e+00
8.764952e-02
1.921235e-01
1.050593e+00
8.963840e-02
4.187211e-01
-5.947652e-01
6.862413e-01
1.921235e-01
1.050593e+00
8.963840e-02
3.625610e-01
1.168505e+00
8.764952e-02
3.620230e-01
1.170204e+00
8.963840e-02
3.950819e-01
-5.611873e-01
7.273094e-01
1.921235e-01
1.050593e+00
8.963840e-02
3.620230e-01
1.170204e+00
8.963840e-02
1.941938e-01
1.054582e+00
9.122698e-02
3.725979e-01
-5.292502e-01
7.622762e-01
1.941938e-01
1.054582e+00
9.122698e-02
3.620230e-01
1.170204e+00
8.963840e-02
1.958519e-01
1.057778e+00
9.249932e-02
3.725565e-01
-5.291914e-01
7.623373e-01
3.620230e-01
1.170204e+00
8.963840e-02
3.613931e-01
1.172193e+00
9.133707e-02
1.958519e-01
1.057778e+00
9.249932e-02
3.490792e-01
-4.958435e-01
7.951622e-01
1.958519e-01
1.057778e+00
9.249932e-02
3.613931e-01
1.172193e+00
9.133707e-02
3.608893e-01
1.173784e+00
9.269571e-02
3.218861e-01
-4.572175e-01
8.290606e-01
1.958519e-01
1.057778e+00
9.249932e-02
3.608893e-01
1.173784e+00
9.269571e-02
1.983367e-01
1.062566e+00
9.440596e-02
2.965053e-01
-4.211659e-01
8.571487e-01
1.983367e-01
1.062566e+00
9.440596e-02
3.608893e-01
1.173784e+00
9.269571e-02
1.997686e-01
1.065325e+00
9.504348e-02
2.964937e-01
-4.211494e-01
8.571608e-01
3.608893e-01
1.173784e+00
9.269571e-02
3.600417e-01
1.176460e+00
9.433585e-02
1.997686e-01
1.065325e+00
9.504348e-02
2.702712e-01
-3.839021e-01
8.829342e-01
1.997686e-01
1.065325e+00
9.504348e-02
3.600417e-01
1.176460e+00
9.433585e-02
3.596182e-01
1.177798e+00
9.515539e-02
2.402579e-01
-3.412701e-01
9.087414e-01
1.997686e-01
1.065325e+00
9.504348e-02
3.596182e-01
1.177798e+00
9.515539e-02
2.031117e-01
1.071767e+00
9.653195e-02
2.124938e-01
-3.018331e-01
9.293779e-01
2.031117e-01
1.071767e+00
9.653195e-02
3.596182e-01
1.177798e+00
9.515539e-02
2.040662e-01
1.073606e+00
9.695689e-02
1.229250e-01
-1.746067e-01
9.769350e-01
3.582408e-01
1.182147e+00
9.695689e-02
3.569519e-01
1.186216e+00
9.793390e-02
2.087014e-01
1.082538e+00
9.769104e-02
2.125060e-01
-3.018505e-01
9.293693e-01
3.596182e-01
1.177798e+00
9.515539e-02
3.585466e-01
1.181181e+00
9.655689e-02
2.040662e-01
1.073606e+00
9.695689e-02
1.842305e-01
-2.616870e-01
9.474065e-01
2.040662e-01
1.073606e+00
9.695689e-02
3.585466e-01
1.181181e+00
9.655689e-02
3.582408e-01
1.182147e+00
9.695689e-02
1.522725e-01
-2.162929e-01
9.643809e-01
2.040662e-01
1.073606e+00
9.695689e-02
3.582408e-01
1.182147e+00
9.695689e-02
2.081859e-01
1.081545e+00
9.760940e-02
1.229683e-01
-1.746683e-01
9.769186e-01
2.081859e-01
1.081545e+00
9.760940e-02
3.582408e-01
1.182147e+00
9.695689e-02
2.087014e-01
1.082538e+00
9.769104e-02
9.334584e-02
-1.325915e-01
9.867655e-01
3.569519e-01
1.186216e+00
9.793390e-02
3.567911e-01
1.186724e+00
9.805585e-02
2.087014e-01
1.082538e+00
9.769104e-02
6.020045e-02
-8.551069e-02
9.945168e-01
2.087014e-01
1.082538e+00
9.769104e-02
3.567911e-01
1.186724e+00
9.805585e-02
3.553048e-01
1.191417e+00
9.842519e-02
3.010022e-02
-4.275534e-02
9.986320e-01
2.087014e-01
1.082538e+00
9.769104e-02
3.553048e-01
1.191417e+00
9.842519e-02
2.133367e-01
1.091470e+00
9.842519e-02
-6.861938e-01
0.000000e+00
7.274188e-01
5.625699e-01
6.406457e-01
8.770882e-02
5.662675e-01
5.754647e-01
9.140653e-02
5.662675e-01
6.428586e-01
9.140653e-02
-5.972114e-01
0.000000e+00
8.020838e-01
5.662675e-01
6.428586e-01
9.140653e-02
5.662675e-01
5.754647e-01
9.140653e-02
5.705512e-01
5.711811e-01
9.440596e-02
-5.494540e-01
0.000000e+00
8.355240e-01
5.662675e-01
6.428586e-01
9.140653e-02
5.705512e-01
5.711811e-01
9.440596e-02
5.705512e-01
6.454220e-01
9.440596e-02
-4.488580e-01
0.000000e+00
8.936031e-01
5.705512e-01
6.454220e-01
9.440596e-02
5.705512e-01
5.711811e-01
9.440596e-02
5.752906e-01
5.664417e-01
9.661597e-02
-3.960194e-01
0.000000e+00
9.182422e-01
5.705512e-01
6.454220e-01
9.440596e-02
5.752906e-01
5.664417e-01
9.661597e-02
5.752906e-01
6.482582e-01
9.661597e-02
-2.868663e-01
0.000000e+00
9.579706e-01
5.752906e-01
6.482582e-01
9.661597e-02
5.752906e-01
5.664417e-01
9.661597e-02
5.803418e-01
5.613905e-01
9.796944e-02
-2.305519e-01
0.000000e+00
9.730600e-01
5.752906e-01
6.482582e-01
9.661597e-02
5.803418e-01
5.613905e-01
9.796944e-02
5.803418e-01
6.512811e-01
9.796944e-02
-1.161583e-01
0.000000e+00
9.932307e-01
5.803418e-01
6.512811e-01
9.796944e-02
5.803418e-01
5.613905e-01
9.796944e-02
5.855512e-01
5.561811e-01
9.842519e-02
-5.807913e-02
0.000000e+00
9.983119e-01
5.803418e-01
6.512811e-01
9.796944e-02
5.855512e-01
5.561811e-01
9.842519e-02
5.855512e-01
6.543986e-01
9.842519e-02
-9.995772e-01
0.000000e+00
2.907651e-02
5.555512e-01
6.364455e-01
6.842519e-02
5.555512e-01
5.861811e-01
6.842519e-02
5.556653e-01
6.365138e-01
7.103987e-02
-9.983077e-01
0.000000e+00
5.815303e-02
5.556653e-01
6.365138e-01
7.103987e-02
5.555512e-01
5.861811e-01
6.842519e-02
5.556653e-01
5.860670e-01
7.103987e-02
-9.932393e-01
0.000000e+00
1.160848e-01
5.556653e-01
6.365138e-01
7.103987e-02
5.556653e-01
5.860670e-01
7.103987e-02
5.560070e-01
6.367182e-01
7.363465e-02
-9.894404e-01
0.000000e+00
1.449400e-01
5.560070e-01
6.367182e-01
7.363465e-02
5.556653e-01
5.860670e-01
7.103987e-02
5.560070e-01
5.857254e-01
7.363465e-02
-9.793423e-01
0.000000e+00
2.022095e-01
5.560070e-01
6.367182e-01
7.363465e-02
5.560070e-01
5.857254e-01
7.363465e-02
5.565734e-01
6.370572e-01
7.618977e-02
-9.730430e-01
0.000000e+00
2.306239e-01
5.565734e-01
6.370572e-01
7.618977e-02
5.560070e-01
5.857254e-01
7.363465e-02
5.565734e-01
5.851589e-01
7.618977e-02
-9.579919e-01
0.000000e+00
2.867954e-01
5.565734e-01
6.370572e-01
7.618977e-02
5.565734e-01
5.851589e-01
7.618977e-02
5.573604e-01
6.375281e-01
7.868581e-02
-9.492401e-01
0.000000e+00
3.145525e-01
5.573604e-01
6.375281e-01
7.868581e-02
5.565734e-01
5.851589e-01
7.618977e-02
5.573604e-01
5.843719e-01
7.868581e-02
-9.293506e-01
0.000000e+00
3.691985e-01
5.573604e-01
6.375281e-01
7.868581e-02
5.573604e-01
5.843719e-01
7.868581e-02
5.583619e-01
6.381276e-01
8.110374e-02
-9.182128e-01
0.000000e+00
3.960873e-01
5.583619e-01
6.381276e-01
8.110374e-02
5.573604e-01
5.843719e-01
7.868581e-02
5.583619e-01
5.833703e-01
8.110374e-02
-8.936363e-01
0.000000e+00
4.487918e-01
5.583619e-01
6.381276e-01
8.110374e-02
5.583619e-01
5.833703e-01
8.110374e-02
5.595704e-01
6.388507e-01
8.342520e-02
-8.801975e-01
0.000000e+00
4.746076e-01
5.595704e-01
6.388507e-01
8.342520e-02
5.583619e-01
5.833703e-01
8.110374e-02
5.595704e-01
5.821618e-01
8.342520e-02
-8.511210e-01
0.000000e+00
5.249696e-01
5.595704e-01
6.388507e-01
8.342520e-02
5.595704e-01
5.821618e-01
8.342520e-02
5.609766e-01
6.396922e-01
8.563249e-02
-8.354833e-01
0.000000e+00
5.495159e-01
5.609766e-01
6.396922e-01
8.563249e-02
5.595704e-01
5.821618e-01
8.342520e-02
5.609766e-01
5.807557e-01
8.563249e-02
-8.021281e-01
0.000000e+00
5.971520e-01
5.609766e-01
6.396922e-01
8.563249e-02
5.609766e-01
5.807557e-01
8.563249e-02
5.625699e-01
6.406457e-01
8.770882e-02
-7.844105e-01
0.000000e+00
6.202420e-01
5.625699e-01
6.406457e-01
8.770882e-02
5.609766e-01
5.807557e-01
8.563249e-02
5.625699e-01
5.791625e-01
8.770882e-02
-7.274188e-01
0.000000e+00
6.861938e-01
5.625699e-01
6.406457e-01
8.770882e-02
5.625699e-01
5.791625e-01
8.770882e-02
5.662675e-01
5.754647e-01
9.140653e-02
-9.995772e-01
0.000000e+00
2.907651e-02
1.834508e-01
1.736768e+00
7.103987e-02
1.833367e-01
1.736653e+00
6.842519e-02
1.833367e-01
1.033661e+00
6.842519e-02
-9.984727e-01
0.000000e+00
5.524748e-02
1.833367e-01
1.033661e+00
6.842519e-02
1.834292e-01
1.033839e+00
7.077897e-02
1.834508e-01
1.736768e+00
7.103987e-02
-9.942142e-01
0.000000e+00
1.074161e-01
1.834508e-01
1.736768e+00
7.103987e-02
1.834292e-01
1.033839e+00
7.077897e-02
1.837060e-01
1.034373e+00
7.311823e-02
-9.902673e-01
0.000000e+00
1.391784e-01
1.834508e-01
1.736768e+00
7.103987e-02
1.837060e-01
1.034373e+00
7.311823e-02
1.837925e-01
1.737109e+00
7.363465e-02
-9.858013e-01
0.000000e+00
1.679160e-01
1.837925e-01
1.737109e+00
7.363465e-02
1.837060e-01
1.034373e+00
7.311823e-02
1.837925e-01
1.034539e+00
7.363465e-02
-9.793423e-01
0.000000e+00
2.022095e-01
1.837925e-01
1.737109e+00
7.363465e-02
1.837925e-01
1.034539e+00
7.363465e-02
1.843589e-01
1.737676e+00
7.618977e-02
-9.743689e-01
0.000000e+00
2.249563e-01
1.837925e-01
1.034539e+00
7.363465e-02
1.842278e-01
1.035378e+00
7.568286e-02
1.843589e-01
1.737676e+00
7.618977e-02
-9.628479e-01
0.000000e+00
2.700444e-01
1.843589e-01
1.737676e+00
7.618977e-02
1.842278e-01
1.035378e+00
7.568286e-02
1.848399e-01
1.036558e+00
7.768497e-02
-9.528357e-01
0.000000e+00
3.034867e-01
1.843589e-01
1.737676e+00
7.618977e-02
1.848399e-01
1.036558e+00
7.768497e-02
1.851459e-01
1.738463e+00
7.868581e-02
-9.436061e-01
0.000000e+00
3.310701e-01
1.851459e-01
1.738463e+00
7.868581e-02
1.848399e-01
1.036558e+00
7.768497e-02
1.851459e-01
1.037147e+00
7.868581e-02
-9.293506e-01
0.000000e+00
3.691985e-01
1.851459e-01
1.738463e+00
7.868581e-02
1.851459e-01
1.037147e+00
7.868581e-02
1.861475e-01
1.739464e+00
8.110374e-02
-9.135411e-01
0.000000e+00
4.067464e-01
1.861475e-01
1.739464e+00
8.110374e-02
1.851459e-01
1.037147e+00
7.868581e-02
1.866065e-01
1.039962e+00
8.204491e-02
-8.883511e-01
0.000000e+00
4.591648e-01
1.861475e-01
1.739464e+00
8.110374e-02
1.866065e-01
1.039962e+00
8.204491e-02
1.873559e-01
1.740673e+00
8.342520e-02
-8.746285e-01
0.000000e+00
4.847937e-01
1.873559e-01
1.740673e+00
8.342520e-02
1.866065e-01
1.039962e+00
8.204491e-02
1.874262e-01
1.041542e+00
8.338255e-02
-8.511315e-01
0.000000e+00
5.249526e-01
1.873559e-01
1.740673e+00
8.342520e-02
1.874262e-01
1.041542e+00
8.338255e-02
1.887621e-01
1.742079e+00
8.563249e-02
-8.322822e-01
0.000000e+00
5.543522e-01
1.887621e-01
1.742079e+00
8.563249e-02
1.874262e-01
1.041542e+00
8.338255e-02
1.890662e-01
1.044702e+00
8.605875e-02
-7.986386e-01
0.000000e+00
6.018108e-01
1.887621e-01
1.742079e+00
8.563249e-02
1.890662e-01
1.044702e+00
8.605875e-02
1.903553e-01
1.743672e+00
8.770882e-02
-7.807958e-01
0.000000e+00
6.247863e-01
1.890662e-01
1.044702e+00
8.605875e-02
1.904249e-01
1.047320e+00
8.764963e-02
1.903553e-01
1.743672e+00
8.770882e-02
-7.470353e-01
0.000000e+00
6.647844e-01
1.903553e-01
1.743672e+00
8.770882e-02
1.904249e-01
1.047320e+00
8.764963e-02
1.921235e-01
1.050593e+00
8.963840e-02
-7.071068e-01
0.000000e+00
7.071068e-01
1.903553e-01
1.743672e+00
8.770882e-02
1.921235e-01
1.050593e+00
8.963840e-02
1.940531e-01
1.747370e+00
9.140653e-02
-6.648536e-01
0.000000e+00
7.469737e-01
1.940531e-01
1.747370e+00
9.140653e-02
1.921235e-01
1.050593e+00
8.963840e-02
1.941938e-01
1.054582e+00
9.122698e-02
-5.972800e-01
0.000000e+00
8.020328e-01
1.940531e-01
1.747370e+00
9.140653e-02
1.941938e-01
1.054582e+00
9.122698e-02
1.983367e-01
1.751654e+00
9.440596e-02
-5.783687e-01
0.000000e+00
8.157755e-01
1.941938e-01
1.054582e+00
9.122698e-02
1.958519e-01
1.057778e+00
9.249932e-02
1.983367e-01
1.751654e+00
9.440596e-02
-5.298603e-01
0.000000e+00
8.480849e-01
1.983367e-01
1.751654e+00
9.440596e-02
1.958519e-01
1.057778e+00
9.249932e-02
1.983367e-01
1.062566e+00
9.440596e-02
-4.488580e-01
0.000000e+00
8.936031e-01
1.983367e-01
1.751654e+00
9.440596e-02
1.983367e-01
1.062566e+00
9.440596e-02
2.030761e-01
1.756393e+00
9.661597e-02
-4.332096e-01
0.000000e+00
9.012932e-01
2.030761e-01
1.756393e+00
9.661597e-02
1.983367e-01
1.062566e+00
9.440596e-02
1.997686e-01
1.065325e+00
9.504348e-02
-3.799741e-01
0.000000e+00
9.249972e-01
1.997686e-01
1.065325e+00
9.504348e-02
2.031117e-01
1.071767e+00
9.653195e-02
2.030761e-01
1.756393e+00
9.661597e-02
-3.310138e-01
0.000000e+00
9.436260e-01
2.030761e-01
1.756393e+00
9.661597e-02
2.031117e-01
1.071767e+00
9.653195e-02
2.040662e-01
1.073606e+00
9.695689e-02
-2.756783e-01
0.000000e+00
9.612499e-01
2.030761e-01
1.756393e+00
9.661597e-02
2.040662e-01
1.073606e+00
9.695689e-02
2.081272e-01
1.761444e+00
9.796944e-02
-2.192974e-01
0.000000e+00
9.756581e-01
2.081272e-01
1.761444e+00
9.796944e-02
2.040662e-01
1.073606e+00
9.695689e-02
2.081859e-01
1.081545e+00
9.760940e-02
-1.162109e-01
0.000000e+00
9.932246e-01
2.081272e-01
1.761444e+00
9.796944e-02
2.081859e-01
1.081545e+00
9.760940e-02
2.133367e-01
1.766654e+00
9.842519e-02
-1.104198e-01
0.000000e+00
9.938850e-01
2.133367e-01
1.766654e+00
9.842519e-02
2.081859e-01
1.081545e+00
9.760940e-02
2.087014e-01
1.082538e+00
9.769104e-02
-5.228807e-02
0.000000e+00
9.986320e-01
2.133367e-01
1.766654e+00
9.842519e-02
2.087014e-01
1.082538e+00
9.769104e-02
2.133367e-01
1.091470e+00
9.842519e-02
0.000000e+00
8.354833e-01
5.495159e-01
3.941437e-01
5.821618e-01
8.342520e-02
3.938264e-01
5.807557e-01
8.563249e-02
5.609766e-01
5.807557e-01
8.563249e-02
0.000000e+00
8.021281e-01
5.971520e-01
5.609766e-01
5.807557e-01
8.563249e-02
3.938264e-01
5.807557e-01
8.563249e-02
3.934669e-01
5.791625e-01
8.770882e-02
0.000000e+00
7.844105e-01
6.202420e-01
5.609766e-01
5.807557e-01
8.563249e-02
3.934669e-01
5.791625e-01
8.770882e-02
5.625699e-01
5.791625e-01
8.770882e-02
0.000000e+00
7.274188e-01
6.861938e-01
5.625699e-01
5.791625e-01
8.770882e-02
3.934669e-01
5.791625e-01
8.770882e-02
3.926325e-01
5.754647e-01
9.140653e-02
0.000000e+00
6.861938e-01
7.274188e-01
5.625699e-01
5.791625e-01
8.770882e-02
3.926325e-01
5.754647e-01
9.140653e-02
5.662675e-01
5.754647e-01
9.140653e-02
0.000000e+00
5.972114e-01
8.020838e-01
5.662675e-01
5.754647e-01
9.140653e-02
3.926325e-01
5.754647e-01
9.140653e-02
3.916659e-01
5.711811e-01
9.440596e-02
0.000000e+00
5.494540e-01
8.355240e-01
5.662675e-01
5.754647e-01
9.140653e-02
3.916659e-01
5.711811e-01
9.440596e-02
5.705512e-01
5.711811e-01
9.440596e-02
0.000000e+00
4.488580e-01
8.936031e-01
5.705512e-01
5.711811e-01
9.440596e-02
3.916659e-01
5.711811e-01
9.440596e-02
3.905964e-01
5.664417e-01
9.661597e-02
0.000000e+00
3.960194e-01
9.182422e-01
5.705512e-01
5.711811e-01
9.440596e-02
3.905964e-01
5.664417e-01
9.661597e-02
5.752906e-01
5.664417e-01
9.661597e-02
0.000000e+00
2.868663e-01
9.579706e-01
5.752906e-01
5.664417e-01
9.661597e-02
3.905964e-01
5.664417e-01
9.661597e-02
3.894566e-01
5.613905e-01
9.796944e-02
0.000000e+00
2.305519e-01
9.730600e-01
5.752906e-01
5.664417e-01
9.661597e-02
3.894566e-01
5.613905e-01
9.796944e-02
5.803418e-01
5.613905e-01
9.796944e-02
0.000000e+00
1.161583e-01
9.932307e-01
5.803418e-01
5.613905e-01
9.796944e-02
3.894566e-01
5.613905e-01
9.796944e-02
3.882811e-01
5.561811e-01
9.842519e-02
0.000000e+00
5.807913e-02
9.983119e-01
5.803418e-01
5.613905e-01
9.796944e-02
3.882811e-01
5.561811e-01
9.842519e-02
5.855512e-01
5.561811e-01
9.842519e-02
0.000000e+00
8.511210e-01
5.249696e-01
5.609766e-01
5.807557e-01
8.563249e-02
5.595704e-01
5.821618e-01
8.342520e-02
3.941437e-01
5.821618e-01
8.342520e-02
0.000000e+00
8.801975e-01
4.746076e-01
3.941437e-01
5.821618e-01
8.342520e-02
5.595704e-01
5.821618e-01
8.342520e-02
5.583619e-01
5.833703e-01
8.110374e-02
0.000000e+00
8.936363e-01
4.487919e-01
3.941437e-01
5.821618e-01
8.342520e-02
5.583619e-01
5.833703e-01
8.110374e-02
3.944164e-01
5.833703e-01
8.110374e-02
0.000000e+00
9.182128e-01
3.960873e-01
3.944164e-01
5.833703e-01
8.110374e-02
5.583619e-01
5.833703e-01
8.110374e-02
3.946424e-01
5.843719e-01
7.868581e-02
0.000000e+00
9.293506e-01
3.691985e-01
5.583619e-01
5.833703e-01
8.110374e-02
5.573604e-01
5.843719e-01
7.868581e-02
3.946424e-01
5.843719e-01
7.868581e-02
0.000000e+00
9.492401e-01
3.145525e-01
3.946424e-01
5.843719e-01
7.868581e-02
5.573604e-01
5.843719e-01
7.868581e-02
5.565734e-01
5.851589e-01
7.618977e-02
0.000000e+00
9.579919e-01
2.867954e-01
3.946424e-01
5.843719e-01
7.868581e-02
5.565734e-01
5.851589e-01
7.618977e-02
3.948199e-01
5.851589e-01
7.618977e-02
0.000000e+00
9.730430e-01
2.306239e-01
3.948199e-01
5.851589e-01
7.618977e-02
5.565734e-01
5.851589e-01
7.618977e-02
3.949478e-01
5.857254e-01
7.363465e-02
0.000000e+00
9.995772e-01
2.907651e-02
5.556653e-01
5.860670e-01
7.103987e-02
5.555512e-01
5.861811e-01
6.842519e-02
3.950506e-01
5.861811e-01
6.842519e-02
0.000000e+00
9.793423e-01
2.022095e-01
5.565734e-01
5.851589e-01
7.618977e-02
5.560070e-01
5.857254e-01
7.363465e-02
3.949478e-01
5.857254e-01
7.363465e-02
0.000000e+00
9.894404e-01
1.449400e-01
3.949478e-01
5.857254e-01
7.363465e-02
5.560070e-01
5.857254e-01
7.363465e-02
5.556653e-01
5.860670e-01
7.103987e-02
0.000000e+00
9.932393e-01
1.160848e-01
3.949478e-01
5.857254e-01
7.363465e-02
5.556653e-01
5.860670e-01
7.103987e-02
3.950249e-01
5.860670e-01
7.103987e-02
0.000000e+00
9.983077e-01
5.815303e-02
3.950249e-01
5.860670e-01
7.103987e-02
5.556653e-01
5.860670e-01
7.103987e-02
3.950506e-01
5.861811e-01
6.842519e-02
0.000000e+00
-9.492401e-01
3.145525e-01
1.851459e-01
1.738463e+00
7.868581e-02
3.319078e-02
1.738463e+00
7.868581e-02
3.397778e-02
1.737676e+00
7.618977e-02
0.000000e+00
-9.995772e-01
2.907651e-02
3.500000e-02
1.736653e+00
6.842519e-02
1.833367e-01
1.736653e+00
6.842519e-02
3.488584e-02
1.736768e+00
7.103987e-02
0.000000e+00
-9.983077e-01
5.815303e-02
3.488584e-02
1.736768e+00
7.103987e-02
1.833367e-01
1.736653e+00
6.842519e-02
1.834508e-01
1.736768e+00
7.103987e-02
0.000000e+00
-9.932393e-01
1.160848e-01
3.488584e-02
1.736768e+00
7.103987e-02
1.834508e-01
1.736768e+00
7.103987e-02
3.454423e-02
1.737109e+00
7.363465e-02
0.000000e+00
-9.894404e-01
1.449400e-01
3.454423e-02
1.737109e+00
7.363465e-02
1.834508e-01
1.736768e+00
7.103987e-02
1.837925e-01
1.737109e+00
7.363465e-02
0.000000e+00
-9.793423e-01
2.022095e-01
3.454423e-02
1.737109e+00
7.363465e-02
1.837925e-01
1.737109e+00
7.363465e-02
3.397778e-02
1.737676e+00
7.618977e-02
0.000000e+00
-9.730430e-01
2.306239e-01
3.397778e-02
1.737676e+00
7.618977e-02
1.837925e-01
1.737109e+00
7.363465e-02
1.843589e-01
1.737676e+00
7.618977e-02
0.000000e+00
-9.579919e-01
2.867954e-01
3.397778e-02
1.737676e+00
7.618977e-02
1.843589e-01
1.737676e+00
7.618977e-02
1.851459e-01
1.738463e+00
7.868581e-02
0.000000e+00
-9.293506e-01
3.691985e-01
3.319078e-02
1.738463e+00
7.868581e-02
1.851459e-01
1.738463e+00
7.868581e-02
3.218923e-02
1.739464e+00
8.110374e-02
0.000000e+00
-9.182128e-01
3.960873e-01
3.218923e-02
1.739464e+00
8.110374e-02
1.851459e-01
1.738463e+00
7.868581e-02
1.861475e-01
1.739464e+00
8.110374e-02
0.000000e+00
-8.936363e-01
4.487918e-01
3.218923e-02
1.739464e+00
8.110374e-02
1.861475e-01
1.739464e+00
8.110374e-02
3.098076e-02
1.740673e+00
8.342520e-02
0.000000e+00
-8.801975e-01
4.746076e-01
3.098076e-02
1.740673e+00
8.342520e-02
1.861475e-01
1.739464e+00
8.110374e-02
1.873559e-01
1.740673e+00
8.342520e-02
0.000000e+00
-8.511210e-01
5.249696e-01
3.098076e-02
1.740673e+00
8.342520e-02
1.873559e-01
1.740673e+00
8.342520e-02
2.957456e-02
1.742079e+00
8.563249e-02
0.000000e+00
-8.354833e-01
5.495159e-01
1.873559e-01
1.740673e+00
8.342520e-02
1.887621e-01
1.742079e+00
8.563249e-02
2.957456e-02
1.742079e+00
8.563249e-02
0.000000e+00
-8.021281e-01
5.971520e-01
2.957456e-02
1.742079e+00
8.563249e-02
1.887621e-01
1.742079e+00
8.563249e-02
1.903553e-01
1.743672e+00
8.770882e-02
0.000000e+00
-7.844105e-01
6.202420e-01
2.957456e-02
1.742079e+00
8.563249e-02
1.903553e-01
1.743672e+00
8.770882e-02
2.798133e-02
1.743672e+00
8.770882e-02
0.000000e+00
-7.274188e-01
6.861938e-01
2.798133e-02
1.743672e+00
8.770882e-02
1.903553e-01
1.743672e+00
8.770882e-02
1.940531e-01
1.747370e+00
9.140653e-02
0.000000e+00
-6.861938e-01
7.274188e-01
2.798133e-02
1.743672e+00
8.770882e-02
1.940531e-01
1.747370e+00
9.140653e-02
2.428363e-02
1.747370e+00
9.140653e-02
0.000000e+00
-5.972114e-01
8.020838e-01
2.428363e-02
1.747370e+00
9.140653e-02
1.940531e-01
1.747370e+00
9.140653e-02
1.983367e-01
1.751654e+00
9.440596e-02
0.000000e+00
-5.494540e-01
8.355240e-01
2.428363e-02
1.747370e+00
9.140653e-02
1.983367e-01
1.751654e+00
9.440596e-02
2.000000e-02
1.751654e+00
9.440596e-02
0.000000e+00
-4.488580e-01
8.936031e-01
2.000000e-02
1.751654e+00
9.440596e-02
1.983367e-01
1.751654e+00
9.440596e-02
2.030761e-01
1.756393e+00
9.661597e-02
0.000000e+00
-3.960194e-01
9.182422e-01
2.000000e-02
1.751654e+00
9.440596e-02
2.030761e-01
1.756393e+00
9.661597e-02
1.526060e-02
1.756393e+00
9.661597e-02
0.000000e+00
-2.868663e-01
9.579706e-01
1.526060e-02
1.756393e+00
9.661597e-02
2.030761e-01
1.756393e+00
9.661597e-02
2.081272e-01
1.761444e+00
9.796944e-02
0.000000e+00
-2.305519e-01
9.730600e-01
1.526060e-02
1.756393e+00
9.661597e-02
2.081272e-01
1.761444e+00
9.796944e-02
1.020944e-02
1.761444e+00
9.796944e-02
0.000000e+00
-1.161583e-01
9.932307e-01
1.020944e-02
1.761444e+00
9.796944e-02
2.081272e-01
1.761444e+00
9.796944e-02
2.133367e-01
1.766654e+00
9.842519e-02
0.000000e+00
-5.807913e-02
9.983119e-01
1.020944e-02
1.761444e+00
9.796944e-02
2.133367e-01
1.766654e+00
9.842519e-02
5.000000e-03
1.766654e+00
9.842519e-02
2.494114e-02
5.245117e-02
9.983119e-01
2.133367e-01
6.393692e-01
9.842519e-02
3.882811e-01
5.561811e-01
9.842519e-02
3.894566e-01
5.613905e-01
9.796944e-02
4.988229e-02
1.049023e-01
9.932307e-01
2.133367e-01
6.393692e-01
9.842519e-02
3.894566e-01
5.613905e-01
9.796944e-02
2.081272e-01
6.476148e-01
9.796944e-02
9.900676e-02
2.082110e-01
9.730600e-01
2.081272e-01
6.476148e-01
9.796944e-02
3.894566e-01
5.613905e-01
9.796944e-02
3.905964e-01
5.664417e-01
9.661597e-02
1.231901e-01
2.590685e-01
9.579706e-01
2.081272e-01
6.476148e-01
9.796944e-02
3.905964e-01
5.664417e-01
9.661597e-02
2.030761e-01
6.556098e-01
9.661597e-02
1.700641e-01
3.576444e-01
9.182422e-01
2.030761e-01
6.556098e-01
9.661597e-02
3.905964e-01
5.664417e-01
9.661597e-02
3.916659e-01
5.711811e-01
9.440596e-02
1.927548e-01
4.053629e-01
8.936031e-01
2.030761e-01
6.556098e-01
9.661597e-02
3.916659e-01
5.711811e-01
9.440596e-02
1.983367e-01
6.631113e-01
9.440596e-02
2.359541e-01
4.962110e-01
8.355240e-01
1.983367e-01
6.631113e-01
9.440596e-02
3.916659e-01
5.711811e-01
9.440596e-02
3.926325e-01
5.754647e-01
9.140653e-02
2.564628e-01
5.393406e-01
8.020839e-01
1.983367e-01
6.631113e-01
9.440596e-02
3.926325e-01
5.754647e-01
9.140653e-02
1.940531e-01
6.698915e-01
9.140653e-02
2.946748e-01
6.197004e-01
7.274188e-01
1.940531e-01
6.698915e-01
9.140653e-02
3.926325e-01
5.754647e-01
9.140653e-02
3.934669e-01
5.791625e-01
8.770882e-02
3.123782e-01
6.569307e-01
6.861938e-01
1.940531e-01
6.698915e-01
9.140653e-02
3.934669e-01
5.791625e-01
8.770882e-02
1.903553e-01
6.757444e-01
8.770882e-02
3.368524e-01
7.083999e-01
6.202419e-01
1.903553e-01
6.757444e-01
8.770882e-02
3.934669e-01
5.791625e-01
8.770882e-02
3.938264e-01
5.807557e-01
8.563249e-02
3.444609e-01
7.244006e-01
5.971520e-01
1.903553e-01
6.757444e-01
8.770882e-02
3.938264e-01
5.807557e-01
8.563249e-02
1.887621e-01
6.782661e-01
8.563249e-02
3.587848e-01
7.545236e-01
5.495158e-01
1.887621e-01
6.782661e-01
8.563249e-02
3.938264e-01
5.807557e-01
8.563249e-02
3.941437e-01
5.821618e-01
8.342520e-02
3.655001e-01
7.686459e-01
5.249696e-01
1.887621e-01
6.782661e-01
8.563249e-02
3.941437e-01
5.821618e-01
8.342520e-02
1.873559e-01
6.804918e-01
8.342520e-02
3.779865e-01
7.949049e-01
4.746076e-01
1.873559e-01
6.804918e-01
8.342520e-02
3.941437e-01
5.821618e-01
8.342520e-02
3.944164e-01
5.833703e-01
8.110374e-02
3.837576e-01
8.070415e-01
4.487919e-01
1.873559e-01
6.804918e-01
8.342520e-02
3.944164e-01
5.833703e-01
8.110374e-02
1.861475e-01
6.824046e-01
8.110374e-02
3.943116e-01
8.292365e-01
3.960873e-01
1.861475e-01
6.824046e-01
8.110374e-02
3.944164e-01
5.833703e-01
8.110374e-02
3.946424e-01
5.843719e-01
7.868581e-02
3.990945e-01
8.392949e-01
3.691985e-01
1.861475e-01
6.824046e-01
8.110374e-02
3.946424e-01
5.843719e-01
7.868581e-02
1.851459e-01
6.839899e-01
7.868581e-02
4.076357e-01
8.572571e-01
3.145525e-01
1.851459e-01
6.839899e-01
7.868581e-02
3.946424e-01
5.843719e-01
7.868581e-02
3.948199e-01
5.851589e-01
7.618977e-02
4.113941e-01
8.651609e-01
2.867954e-01
1.851459e-01
6.839899e-01
7.868581e-02
3.948199e-01
5.851589e-01
7.618977e-02
1.843589e-01
6.852356e-01
7.618977e-02
4.178575e-01
8.787535e-01
2.306239e-01
1.843589e-01
6.852356e-01
7.618977e-02
3.948199e-01
5.851589e-01
7.618977e-02
3.949478e-01
5.857254e-01
7.363465e-02
4.205627e-01
8.844424e-01
2.022095e-01
1.843589e-01
6.852356e-01
7.618977e-02
3.949478e-01
5.857254e-01
7.363465e-02
1.837925e-01
6.861322e-01
7.363465e-02
4.248992e-01
8.935620e-01
1.449400e-01
1.837925e-01
6.861322e-01
7.363465e-02
3.949478e-01
5.857254e-01
7.363465e-02
3.950249e-01
5.860670e-01
7.103987e-02
4.265305e-01
8.969928e-01
1.160848e-01
1.837925e-01
6.861322e-01
7.363465e-02
3.950249e-01
5.860670e-01
7.103987e-02
1.834508e-01
6.866729e-01
7.103987e-02
4.287070e-01
9.015700e-01
5.815303e-02
1.834508e-01
6.866729e-01
7.103987e-02
3.950249e-01
5.860670e-01
7.103987e-02
3.950506e-01
5.861811e-01
6.842519e-02
4.292522e-01
9.027165e-01
2.907651e-02
1.834508e-01
6.866729e-01
7.103987e-02
3.950506e-01
5.861811e-01
6.842519e-02
1.833367e-01
6.868535e-01
6.842519e-02
9.995772e-01
0.000000e+00
2.907651e-02
3.488584e-02
5.860670e-01
7.103987e-02
3.500000e-02
5.861811e-01
6.842519e-02
3.500000e-02
1.736653e+00
6.842519e-02
9.961947e-01
0.000000e+00
8.715575e-02
3.488584e-02
5.860670e-01
7.103987e-02
3.500000e-02
1.736653e+00
6.842519e-02
3.454423e-02
5.857254e-01
7.363465e-02
9.961947e-01
0.000000e+00
8.715575e-02
3.500000e-02
1.736653e+00
6.842519e-02
3.488584e-02
1.736768e+00
7.103987e-02
3.454423e-02
5.857254e-01
7.363465e-02
9.894404e-01
0.000000e+00
1.449400e-01
3.454423e-02
5.857254e-01
7.363465e-02
3.488584e-02
1.736768e+00
7.103987e-02
3.454423e-02
1.737109e+00
7.363465e-02
9.793423e-01
0.000000e+00
2.022095e-01
3.454423e-02
5.857254e-01
7.363465e-02
3.454423e-02
1.737109e+00
7.363465e-02
3.397778e-02
5.851589e-01
7.618977e-02
9.659258e-01
0.000000e+00
2.588190e-01
3.397778e-02
5.851589e-01
7.618977e-02
3.454423e-02
1.737109e+00
7.363465e-02
3.319078e-02
5.843719e-01
7.868581e-02
9.659258e-01
0.000000e+00
2.588190e-01
3.454423e-02
1.737109e+00
7.363465e-02
3.397778e-02
1.737676e+00
7.618977e-02
3.319078e-02
5.843719e-01
7.868581e-02
9.492401e-01
0.000000e+00
3.145525e-01
3.319078e-02
5.843719e-01
7.868581e-02
3.397778e-02
1.737676e+00
7.618977e-02
3.319078e-02
1.738463e+00
7.868581e-02
9.293506e-01
0.000000e+00
3.691985e-01
3.319078e-02
5.843719e-01
7.868581e-02
3.319078e-02
1.738463e+00
7.868581e-02
3.218923e-02
5.833703e-01
8.110374e-02
9.063078e-01
0.000000e+00
4.226182e-01
3.218923e-02
5.833703e-01
8.110374e-02
3.319078e-02
1.738463e+00
7.868581e-02
3.098076e-02
5.821618e-01
8.342520e-02
8.191521e-01
0.000000e+00
5.735765e-01
3.098076e-02
1.740673e+00
8.342520e-02
2.957456e-02
1.742079e+00
8.563249e-02
2.798133e-02
5.791625e-01
8.770882e-02
9.063078e-01
0.000000e+00
4.226182e-01
3.319078e-02
1.738463e+00
7.868581e-02
3.218923e-02
1.739464e+00
8.110374e-02
3.098076e-02
5.821618e-01
8.342520e-02
8.801975e-01
0.000000e+00
4.746076e-01
3.098076e-02
5.821618e-01
8.342520e-02
3.218923e-02
1.739464e+00
8.110374e-02
3.098076e-02
1.740673e+00
8.342520e-02
8.511210e-01
0.000000e+00
5.249696e-01
3.098076e-02
5.821618e-01
8.342520e-02
3.098076e-02
1.740673e+00
8.342520e-02
2.957456e-02
5.807557e-01
8.563249e-02
8.191521e-01
0.000000e+00
5.735765e-01
2.957456e-02
5.807557e-01
8.563249e-02
3.098076e-02
1.740673e+00
8.342520e-02
2.798133e-02
5.791625e-01
8.770882e-02
7.844105e-01
0.000000e+00
6.202420e-01
2.957456e-02
1.742079e+00
8.563249e-02
2.798133e-02
1.743672e+00
8.770882e-02
2.798133e-02
5.791625e-01
8.770882e-02
7.274188e-01
0.000000e+00
6.861938e-01
2.798133e-02
5.791625e-01
8.770882e-02
2.798133e-02
1.743672e+00
8.770882e-02
2.428363e-02
1.747370e+00
9.140653e-02
6.861938e-01
0.000000e+00
7.274188e-01
2.798133e-02
5.791625e-01
8.770882e-02
2.428363e-02
1.747370e+00
9.140653e-02
2.428363e-02
5.754647e-01
9.140653e-02
5.972114e-01
0.000000e+00
8.020838e-01
2.428363e-02
5.754647e-01
9.140653e-02
2.428363e-02
1.747370e+00
9.140653e-02
2.000000e-02
1.751654e+00
9.440596e-02
5.494540e-01
0.000000e+00
8.355240e-01
2.428363e-02
5.754647e-01
9.140653e-02
2.000000e-02
1.751654e+00
9.440596e-02
2.000000e-02
5.711811e-01
9.440596e-02
4.488580e-01
0.000000e+00
8.936031e-01
2.000000e-02
5.711811e-01
9.440596e-02
2.000000e-02
1.751654e+00
9.440596e-02
1.526060e-02
1.756393e+00
9.661597e-02
3.960194e-01
0.000000e+00
9.182422e-01
2.000000e-02
5.711811e-01
9.440596e-02
1.526060e-02
1.756393e+00
9.661597e-02
1.526060e-02
5.664417e-01
9.661597e-02
2.868663e-01
0.000000e+00
9.579706e-01
1.526060e-02
5.664417e-01
9.661597e-02
1.526060e-02
1.756393e+00
9.661597e-02
1.020944e-02
1.761444e+00
9.796944e-02
2.305519e-01
0.000000e+00
9.730600e-01
1.526060e-02
5.664417e-01
9.661597e-02
1.020944e-02
1.761444e+00
9.796944e-02
1.020944e-02
5.613905e-01
9.796944e-02
1.161583e-01
0.000000e+00
9.932307e-01
1.020944e-02
5.613905e-01
9.796944e-02
1.020944e-02
1.761444e+00
9.796944e-02
5.000000e-03
1.766654e+00
9.842519e-02
5.807913e-02
0.000000e+00
9.983119e-01
1.020944e-02
5.613905e-01
9.796944e-02
5.000000e-03
1.766654e+00
9.842519e-02
5.000000e-03
5.561811e-01
9.842519e-02
-6.861938e-01
0.000000e+00
7.274188e-01
1.903553e-01
6.757444e-01
8.770882e-02
1.940531e-01
5.754647e-01
9.140653e-02
1.940531e-01
6.698915e-01
9.140653e-02
-5.972114e-01
0.000000e+00
8.020838e-01
1.940531e-01
6.698915e-01
9.140653e-02
1.940531e-01
5.754647e-01
9.140653e-02
1.983367e-01
5.711811e-01
9.440596e-02
-5.494540e-01
0.000000e+00
8.355240e-01
1.940531e-01
6.698915e-01
9.140653e-02
1.983367e-01
5.711811e-01
9.440596e-02
1.983367e-01
6.631113e-01
9.440596e-02
-4.488580e-01
0.000000e+00
8.936031e-01
1.983367e-01
6.631113e-01
9.440596e-02
1.983367e-01
5.711811e-01
9.440596e-02
2.030761e-01
5.664417e-01
9.661597e-02
-3.960194e-01
0.000000e+00
9.182422e-01
1.983367e-01
6.631113e-01
9.440596e-02
2.030761e-01
5.664417e-01
9.661597e-02
2.030761e-01
6.556098e-01
9.661597e-02
-2.868663e-01
0.000000e+00
9.579706e-01
2.030761e-01
6.556098e-01
9.661597e-02
2.030761e-01
5.664417e-01
9.661597e-02
2.081272e-01
5.613905e-01
9.796944e-02
-2.305519e-01
0.000000e+00
9.730600e-01
2.030761e-01
6.556098e-01
9.661597e-02
2.081272e-01
5.613905e-01
9.796944e-02
2.081272e-01
6.476148e-01
9.796944e-02
-1.161583e-01
0.000000e+00
9.932307e-01
2.081272e-01
6.476148e-01
9.796944e-02
2.081272e-01
5.613905e-01
9.796944e-02
2.133367e-01
5.561811e-01
9.842519e-02
-5.807913e-02
0.000000e+00
9.983119e-01
2.081272e-01
6.476148e-01
9.796944e-02
2.133367e-01
5.561811e-01
9.842519e-02
2.133367e-01
6.393692e-01
9.842519e-02
-8.191521e-01
0.000000e+00
5.735765e-01
1.873559e-01
5.821618e-01
8.342520e-02
1.887621e-01
5.807557e-01
8.563249e-02
1.903553e-01
6.757444e-01
8.770882e-02
-7.844105e-01
0.000000e+00
6.202420e-01
1.903553e-01
6.757444e-01
8.770882e-02
1.887621e-01
5.807557e-01
8.563249e-02
1.903553e-01
5.791625e-01
8.770882e-02
-7.274188e-01
0.000000e+00
6.861938e-01
1.903553e-01
6.757444e-01
8.770882e-02
1.903553e-01
5.791625e-01
8.770882e-02
1.940531e-01
5.754647e-01
9.140653e-02
-8.191521e-01
0.000000e+00
5.735765e-01
1.903553e-01
6.757444e-01
8.770882e-02
1.887621e-01
6.782661e-01
8.563249e-02
1.873559e-01
5.821618e-01
8.342520e-02
-8.511210e-01
0.000000e+00
5.249696e-01
1.873559e-01
5.821618e-01
8.342520e-02
1.887621e-01
6.782661e-01
8.563249e-02
1.873559e-01
6.804918e-01
8.342520e-02
-8.801975e-01
0.000000e+00
4.746076e-01
1.873559e-01
5.821618e-01
8.342520e-02
1.873559e-01
6.804918e-01
8.342520e-02
1.861475e-01
5.833703e-01
8.110374e-02
-9.063078e-01
0.000000e+00
4.226183e-01
1.861475e-01
5.833703e-01
8.110374e-02
1.873559e-01
6.804918e-01
8.342520e-02
1.851459e-01
5.843719e-01
7.868581e-02
-9.995772e-01
0.000000e+00
2.907651e-02
1.833367e-01
6.868535e-01
6.842519e-02
1.833367e-01
5.861811e-01
6.842519e-02
1.834508e-01
6.866729e-01
7.103987e-02
-9.983077e-01
0.000000e+00
5.815303e-02
1.834508e-01
6.866729e-01
7.103987e-02
1.833367e-01
5.861811e-01
6.842519e-02
1.834508e-01
5.860670e-01
7.103987e-02
-9.932393e-01
0.000000e+00
1.160848e-01
1.834508e-01
6.866729e-01
7.103987e-02
1.834508e-01
5.860670e-01
7.103987e-02
1.837925e-01
6.861322e-01
7.363465e-02
-9.894404e-01
0.000000e+00
1.449400e-01
1.837925e-01
6.861322e-01
7.363465e-02
1.834508e-01
5.860670e-01
7.103987e-02
1.837925e-01
5.857254e-01
7.363465e-02
-9.793423e-01
0.000000e+00
2.022095e-01
1.837925e-01
6.861322e-01
7.363465e-02
1.837925e-01
5.857254e-01
7.363465e-02
1.843589e-01
6.852356e-01
7.618977e-02
-9.730430e-01
0.000000e+00
2.306239e-01
1.843589e-01
6.852356e-01
7.618977e-02
1.837925e-01
5.857254e-01
7.363465e-02
1.843589e-01
5.851589e-01
7.618977e-02
-9.579919e-01
0.000000e+00
2.867954e-01
1.843589e-01
6.852356e-01
7.618977e-02
1.843589e-01
5.851589e-01
7.618977e-02
1.851459e-01
6.839899e-01
7.868581e-02
-9.492401e-01
0.000000e+00
3.145525e-01
1.851459e-01
6.839899e-01
7.868581e-02
1.843589e-01
5.851589e-01
7.618977e-02
1.851459e-01
5.843719e-01
7.868581e-02
-9.293506e-01
0.000000e+00
3.691985e-01
1.851459e-01
6.839899e-01
7.868581e-02
1.851459e-01
5.843719e-01
7.868581e-02
1.861475e-01
6.824046e-01
8.110374e-02
-9.063078e-01
0.000000e+00
4.226182e-01
1.861475e-01
6.824046e-01
8.110374e-02
1.851459e-01
5.843719e-01
7.868581e-02
1.873559e-01
6.804918e-01
8.342520e-02
0.000000e+00
9.894404e-01
1.449400e-01
3.454423e-02
5.857254e-01
7.363465e-02
1.837925e-01
5.857254e-01
7.363465e-02
1.834508e-01
5.860670e-01
7.103987e-02
0.000000e+00
9.995772e-01
2.907651e-02
1.833367e-01
5.861811e-01
6.842519e-02
3.500000e-02
5.861811e-01
6.842519e-02
1.834508e-01
5.860670e-01
7.103987e-02
0.000000e+00
9.983077e-01
5.815303e-02
1.834508e-01
5.860670e-01
7.103987e-02
3.500000e-02
5.861811e-01
6.842519e-02
3.488584e-02
5.860670e-01
7.103987e-02
0.000000e+00
9.932393e-01
1.160848e-01
1.834508e-01
5.860670e-01
7.103987e-02
3.488584e-02
5.860670e-01
7.103987e-02
3.454423e-02
5.857254e-01
7.363465e-02
0.000000e+00
9.793423e-01
2.022095e-01
1.837925e-01
5.857254e-01
7.363465e-02
3.454423e-02
5.857254e-01
7.363465e-02
1.843589e-01
5.851589e-01
7.618977e-02
0.000000e+00
9.730430e-01
2.306239e-01
1.843589e-01
5.851589e-01
7.618977e-02
3.454423e-02
5.857254e-01
7.363465e-02
3.397778e-02
5.851589e-01
7.618977e-02
0.000000e+00
9.579919e-01
2.867954e-01
1.843589e-01
5.851589e-01
7.618977e-02
3.397778e-02
5.851589e-01
7.618977e-02
1.851459e-01
5.843719e-01
7.868581e-02
0.000000e+00
9.492401e-01
3.145525e-01
1.851459e-01
5.843719e-01
7.868581e-02
3.397778e-02
5.851589e-01
7.618977e-02
3.319078e-02
5.843719e-01
7.868581e-02
0.000000e+00
9.293506e-01
3.691985e-01
1.851459e-01
5.843719e-01
7.868581e-02
3.319078e-02
5.843719e-01
7.868581e-02
1.861475e-01
5.833703e-01
8.110374e-02
0.000000e+00
9.182128e-01
3.960873e-01
3.319078e-02
5.843719e-01
7.868581e-02
3.218923e-02
5.833703e-01
8.110374e-02
1.861475e-01
5.833703e-01
8.110374e-02
0.000000e+00
8.936363e-01
4.487918e-01
1.861475e-01
5.833703e-01
8.110374e-02
3.218923e-02
5.833703e-01
8.110374e-02
3.098076e-02
5.821618e-01
8.342520e-02
0.000000e+00
8.801975e-01
4.746076e-01
1.861475e-01
5.833703e-01
8.110374e-02
3.098076e-02
5.821618e-01
8.342520e-02
1.873559e-01
5.821618e-01
8.342520e-02
0.000000e+00
8.511210e-01
5.249696e-01
1.873559e-01
5.821618e-01
8.342520e-02
3.098076e-02
5.821618e-01
8.342520e-02
1.887621e-01
5.807557e-01
8.563249e-02
0.000000e+00
8.354833e-01
5.495159e-01
3.098076e-02
5.821618e-01
8.342520e-02
2.957456e-02
5.807557e-01
8.563249e-02
1.887621e-01
5.807557e-01
8.563249e-02
0.000000e+00
8.021281e-01
5.971520e-01
1.887621e-01
5.807557e-01
8.563249e-02
2.957456e-02
5.807557e-01
8.563249e-02
2.798133e-02
5.791625e-01
8.770882e-02
0.000000e+00
7.844105e-01
6.202420e-01
1.887621e-01
5.807557e-01
8.563249e-02
2.798133e-02
5.791625e-01
8.770882e-02
1.903553e-01
5.791625e-01
8.770882e-02
0.000000e+00
7.274188e-01
6.861938e-01
1.903553e-01
5.791625e-01
8.770882e-02
2.798133e-02
5.791625e-01
8.770882e-02
2.428363e-02
5.754647e-01
9.140653e-02
0.000000e+00
6.861938e-01
7.274188e-01
1.903553e-01
5.791625e-01
8.770882e-02
2.428363e-02
5.754647e-01
9.140653e-02
1.940531e-01
5.754647e-01
9.140653e-02
0.000000e+00
5.972114e-01
8.020838e-01
1.940531e-01
5.754647e-01
9.140653e-02
2.428363e-02
5.754647e-01
9.140653e-02
2.000000e-02
5.711811e-01
9.440596e-02
0.000000e+00
5.494540e-01
8.355240e-01
1.940531e-01
5.754647e-01
9.140653e-02
2.000000e-02
5.711811e-01
9.440596e-02
1.983367e-01
5.711811e-01
9.440596e-02
0.000000e+00
4.488580e-01
8.936031e-01
1.983367e-01
5.711811e-01
9.440596e-02
2.000000e-02
5.711811e-01
9.440596e-02
1.526060e-02
5.664417e-01
9.661597e-02
0.000000e+00
3.960194e-01
9.182422e-01
1.983367e-01
5.711811e-01
9.440596e-02
1.526060e-02
5.664417e-01
9.661597e-02
2.030761e-01
5.664417e-01
9.661597e-02
0.000000e+00
2.868663e-01
9.579706e-01
2.030761e-01
5.664417e-01
9.661597e-02
1.526060e-02
5.664417e-01
9.661597e-02
1.020944e-02
5.613905e-01
9.796944e-02
0.000000e+00
2.305519e-01
9.730600e-01
2.030761e-01
5.664417e-01
9.661597e-02
1.020944e-02
5.613905e-01
9.796944e-02
2.081272e-01
5.613905e-01
9.796944e-02
0.000000e+00
1.161583e-01
9.932307e-01
2.081272e-01
5.613905e-01
9.796944e-02
1.020944e-02
5.613905e-01
9.796944e-02
5.000000e-03
5.561811e-01
9.842519e-02
0.000000e+00
5.807913e-02
9.983119e-01
2.081272e-01
5.613905e-01
9.796944e-02
5.000000e-03
5.561811e-01
9.842519e-02
2.133367e-01
5.561811e-01
9.842519e-02
