0.000000e+00
0.000000e+00
1.000000e+00
0.000000e+00
1.771654e+00
9.842519e-02
1.727756e-01
1.766654e+00
9.842519e-02
3.827756e-01
1.766654e+00
9.842519e-02
0.000000e+00
0.000000e+00
1.000000e+00
1.727756e-01
1.766654e+00
9.842519e-02
0.000000e+00
1.771654e+00
9.842519e-02
1.727756e-01
5.561811e-01
9.842519e-02
0.000000e+00
0.000000e+00
1.000000e+00
1.727756e-01
5.561811e-01
9.842519e-02
0.000000e+00
1.771654e+00
9.842519e-02
0.000000e+00
0.000000e+00
9.842519e-02
0.000000e+00
0.000000e+00
1.000000e+00
1.727756e-01
5.561811e-01
9.842519e-02
0.000000e+00
0.000000e+00
9.842519e-02
3.827756e-01
5.561811e-01
9.842519e-02
0.000000e+00
0.000000e+00
1.000000e+00
3.827756e-01
5.561811e-01
9.842519e-02
0.000000e+00
0.000000e+00
9.842519e-02
5.905512e-01
0.000000e+00
9.842519e-02
0.000000e+00
0.000000e+00
1.000000e+00
3.827756e-01
5.561811e-01
9.842519e-02
5.905512e-01
0.000000e+00
9.842519e-02
3.827756e-01
1.766654e+00
9.842519e-02
0.000000e+00
0.000000e+00
1.000000e+00
3.827756e-01
1.766654e+00
9.842519e-02
5.905512e-01
0.000000e+00
9.842519e-02
5.905512e-01
1.771654e+00
9.842519e-02
0.000000e+00
0.000000e+00
1.000000e+00
3.827756e-01
1.766654e+00
9.842519e-02
5.905512e-01
1.771654e+00
9.842519e-02
0.000000e+00
1.771654e+00
9.842519e-02
0.000000e+00
0.000000e+00
-1.000000e+00
3.527756e-01
1.736653e+00
0.000000e+00
5.905512e-01
1.771654e+00
0.000000e+00
3.527756e-01
5.861811e-01
0.000000e+00
0.000000e+00
0.000000e+00
-1.000000e+00
3.527756e-01
5.861811e-01
0.000000e+00
5.905512e-01
1.771654e+00
0.000000e+00
5.905512e-01
0.000000e+00
0.000000e+00
0.000000e+00
0.000000e+00
-1.000000e+00
3.527756e-01
5.861811e-01
0.000000e+00
5.905512e-01
0.000000e+00
0.000000e+00
2.027756e-01
5.861811e-01
0.000000e+00
0.000000e+00
0.000000e+00
-1.000000e+00
2.027756e-01
5.861811e-01
0.000000e+00
5.905512e-01
0.000000e+00
0.000000e+00
0.000000e+00
0.000000e+00
0.000000e+00
0.000000e+00
0.000000e+00
-1.000000e+00
2.027756e-01
5.861811e-01
0.000000e+00
0.000000e+00
0.000000e+00
0.000000e+00
2.027756e-01
1.736653e+00
0.000000e+00
0.000000e+00
0.000000e+00
-1.000000e+00
2.027756e-01
1.736653e+00
0.000000e+00
0.000000e+00
0.000000e+00
0.000000e+00
0.000000e+00
1.771654e+00
0.000000e+00
0.000000e+00
0.000000e+00
-1.000000e+00
2.027756e-01
1.736653e+00
0.000000e+00
0.000000e+00
1.771654e+00
0.000000e+00
3.527756e-01
1.736653e+00
0.000000e+00
0.000000e+00
0.000000e+00
-1.000000e+00
3.527756e-01
1.736653e+00
0.000000e+00
0.000000e+00
1.771654e+00
0.000000e+00
5.905512e-01
1.771654e+00
0.000000e+00
-1.000000e+00
0.000000e+00
0.000000e+00
0.000000e+00
0.000000e+00
9.842519e-02
0.000000e+00
1.771654e+00
9.842519e-02
0.000000e+00
0.000000e+00
0.000000e+00
-1.000000e+00
0.000000e+00
0.000000e+00
0.000000e+00
0.000000e+00
0.000000e+00
0.000000e+00
1.771654e+00
9.842519e-02
0.000000e+00
1.771654e+00
0.000000e+00
0.000000e+00
-1.000000e+00
0.000000e+00
5.905512e-01
0.000000e+00
9.842519e-02
0.000000e+00
0.000000e+00
9.842519e-02
5.905512e-01
0.000000e+00
0.000000e+00
0.000000e+00
-1.000000e+00
0.000000e+00
5.905512e-01
0.000000e+00
0.000000e+00
0.000000e+00
0.000000e+00
9.842519e-02
0.000000e+00
0.000000e+00
0.000000e+00
1.000000e+00
0.000000e+00
0.000000e+00
5.905512e-01
1.771654e+00
9.842519e-02
5.905512e-01
0.000000e+00
9.842519e-02
5.905512e-01
1.771654e+00
0.000000e+00
1.000000e+00
0.000000e+00
0.000000e+00
5.905512e-01
1.771654e+00
0.000000e+00
5.905512e-01
0.000000e+00
9.842519e-02
5.905512e-01
0.000000e+00
0.000000e+00
0.000000e+00
1.000000e+00
0.000000e+00
0.000000e+00
1.771654e+00
9.842519e-02
5.905512e-01
1.771654e+00
9.842519e-02
0.000000e+00
1.771654e+00
0.000000e+00
0.000000e+00
1.000000e+00
0.000000e+00
0.000000e+00
1.771654e+00
0.000000e+00
5.905512e-01
1.771654e+00
9.842519e-02
5.905512e-01
1.771654e+00
0.000000e+00
-1.000000e+00
0.000000e+00
0.000000e+00
3.527756e-01
1.736653e+00
6.842519e-02
3.527756e-01
1.736653e+00
0.000000e+00
3.527756e-01
5.861811e-01
6.842519e-02
-1.000000e+00
0.000000e+00
0.000000e+00
3.527756e-01
5.861811e-01
6.842519e-02
3.527756e-01
1.736653e+00
0.000000e+00
3.527756e-01
5.861811e-01
0.000000e+00
0.000000e+00
1.000000e+00
0.000000e+00
3.527756e-01
5.861811e-01
6.842519e-02
3.527756e-01
5.861811e-01
0.000000e+00
2.027756e-01
5.861811e-01
6.842519e-02
0.000000e+00
1.000000e+00
0.000000e+00
2.027756e-01
5.861811e-01
6.842519e-02
3.527756e-01
5.861811e-01
0.000000e+00
2.027756e-01
5.861811e-01
0.000000e+00
1.000000e+00
0.000000e+00
0.000000e+00
2.027756e-01
5.861811e-01
6.842519e-02
2.027756e-01
5.861811e-01
0.000000e+00
2.027756e-01
1.736653e+00
6.842519e-02
1.000000e+00
0.000000e+00
0.000000e+00
2.027756e-01
1.736653e+00
6.842519e-02
2.027756e-01
5.861811e-01
0.000000e+00
2.027756e-01
1.736653e+00
0.000000e+00
0.000000e+00
-1.000000e+00
0.000000e+00
2.027756e-01
1.736653e+00
6.842519e-02
2.027756e-01
1.736653e+00
0.000000e+00
3.527756e-01
1.736653e+00
6.842519e-02
0.000000e+00
-1.000000e+00
0.000000e+00
3.527756e-01
1.736653e+00
6.842519e-02
2.027756e-01
1.736653e+00
0.000000e+00
3.527756e-01
1.736653e+00
0.000000e+00
0.000000e+00
-9.894404e-01
1.449400e-01
3.532314e-01
1.737109e+00
7.363465e-02
2.023198e-01
1.737109e+00
7.363465e-02
2.026614e-01
1.736768e+00
7.103987e-02
0.000000e+00
-9.995772e-01
2.907651e-02
2.027756e-01
1.736653e+00
6.842519e-02
3.527756e-01
1.736653e+00
6.842519e-02
2.026614e-01
1.736768e+00
7.103987e-02
0.000000e+00
-9.983077e-01
5.815303e-02
2.026614e-01
1.736768e+00
7.103987e-02
3.527756e-01
1.736653e+00
6.842519e-02
3.528897e-01
1.736768e+00
7.103987e-02
0.000000e+00
-9.932393e-01
1.160848e-01
2.026614e-01
1.736768e+00
7.103987e-02
3.528897e-01
1.736768e+00
7.103987e-02
3.532314e-01
1.737109e+00
7.363465e-02
0.000000e+00
-8.801975e-01
4.746076e-01
3.567948e-01
1.740673e+00
8.342520e-02
1.987564e-01
1.740673e+00
8.342520e-02
1.999648e-01
1.739464e+00
8.110374e-02
0.000000e+00
-9.793423e-01
2.022095e-01
2.023198e-01
1.737109e+00
7.363465e-02
3.532314e-01
1.737109e+00
7.363465e-02
2.017534e-01
1.737676e+00
7.618977e-02
0.000000e+00
-9.730430e-01
2.306239e-01
2.017534e-01
1.737676e+00
7.618977e-02
3.532314e-01
1.737109e+00
7.363465e-02
3.537978e-01
1.737676e+00
7.618977e-02
0.000000e+00
-9.579919e-01
2.867954e-01
2.017534e-01
1.737676e+00
7.618977e-02
3.537978e-01
1.737676e+00
7.618977e-02
2.009664e-01
1.738463e+00
7.868581e-02
0.000000e+00
-9.492401e-01
3.145525e-01
2.009664e-01
1.738463e+00
7.868581e-02
3.537978e-01
1.737676e+00
7.618977e-02
3.545848e-01
1.738463e+00
7.868581e-02
0.000000e+00
-9.293506e-01
3.691985e-01
2.009664e-01
1.738463e+00
7.868581e-02
3.545848e-01
1.738463e+00
7.868581e-02
1.999648e-01
1.739464e+00
8.110374e-02
0.000000e+00
-9.182128e-01
3.960873e-01
1.999648e-01
1.739464e+00
8.110374e-02
3.545848e-01
1.738463e+00
7.868581e-02
3.555864e-01
1.739464e+00
8.110374e-02
0.000000e+00
-8.936363e-01
4.487918e-01
1.999648e-01
1.739464e+00
8.110374e-02
3.555864e-01
1.739464e+00
8.110374e-02
3.567948e-01
1.740673e+00
8.342520e-02
0.000000e+00
-8.511210e-01
5.249696e-01
1.987564e-01
1.740673e+00
8.342520e-02
3.567948e-01
1.740673e+00
8.342520e-02
1.973501e-01
1.742079e+00
8.563249e-02
0.000000e+00
-8.354833e-01
5.495159e-01
1.973501e-01
1.742079e+00
8.563249e-02
3.567948e-01
1.740673e+00
8.342520e-02
3.582010e-01
1.742079e+00
8.563249e-02
0.000000e+00
-8.021281e-01
5.971520e-01
1.973501e-01
1.742079e+00
8.563249e-02
3.582010e-01
1.742079e+00
8.563249e-02
1.957569e-01
1.743672e+00
8.770882e-02
0.000000e+00
-7.844105e-01
6.202420e-01
3.582010e-01
1.742079e+00
8.563249e-02
3.597943e-01
1.743672e+00
8.770882e-02
1.957569e-01
1.743672e+00
8.770882e-02
0.000000e+00
-7.274188e-01
6.861938e-01
1.957569e-01
1.743672e+00
8.770882e-02
3.597943e-01
1.743672e+00
8.770882e-02
3.634920e-01
1.747370e+00
9.140653e-02
0.000000e+00
-6.861938e-01
7.274188e-01
1.957569e-01
1.743672e+00
8.770882e-02
3.634920e-01
1.747370e+00
9.140653e-02
1.920592e-01
1.747370e+00
9.140653e-02
0.000000e+00
-5.972114e-01
8.020838e-01
1.920592e-01
1.747370e+00
9.140653e-02
3.634920e-01
1.747370e+00
9.140653e-02
3.677756e-01
1.751654e+00
9.440596e-02
0.000000e+00
-5.494540e-01
8.355240e-01
1.920592e-01
1.747370e+00
9.140653e-02
3.677756e-01
1.751654e+00
9.440596e-02
1.877756e-01
1.751654e+00
9.440596e-02
0.000000e+00
-4.488580e-01
8.936031e-01
1.877756e-01
1.751654e+00
9.440596e-02
3.677756e-01
1.751654e+00
9.440596e-02
3.725150e-01
1.756393e+00
9.661597e-02
0.000000e+00
-3.960194e-01
9.182422e-01
1.877756e-01
1.751654e+00
9.440596e-02
3.725150e-01
1.756393e+00
9.661597e-02
1.830362e-01
1.756393e+00
9.661597e-02
0.000000e+00
-2.868663e-01
9.579706e-01
1.830362e-01
1.756393e+00
9.661597e-02
3.725150e-01
1.756393e+00
9.661597e-02
3.775661e-01
1.761444e+00
9.796944e-02
0.000000e+00
-2.305519e-01
9.730600e-01
1.830362e-01
1.756393e+00
9.661597e-02
3.775661e-01
1.761444e+00
9.796944e-02
1.779850e-01
1.761444e+00
9.796944e-02
0.000000e+00
-1.161583e-01
9.932307e-01
1.779850e-01
1.761444e+00
9.796944e-02
3.775661e-01
1.761444e+00
9.796944e-02
3.827756e-01
1.766654e+00
9.842519e-02
0.000000e+00
-5.807913e-02
9.983119e-01
1.779850e-01
1.761444e+00
9.796944e-02
3.827756e-01
1.766654e+00
9.842519e-02
1.727756e-01
1.766654e+00
9.842519e-02
9.995772e-01
0.000000e+00
2.907651e-02
2.026614e-01
5.860670e-01
7.103987e-02
2.027756e-01
5.861811e-01
6.842519e-02
2.027756e-01
1.736653e+00
6.842519e-02
9.961947e-01
0.000000e+00
8.715575e-02
2.026614e-01
5.860670e-01
7.103987e-02
2.027756e-01
1.736653e+00
6.842519e-02
2.023198e-01
5.857254e-01
7.363465e-02
9.961947e-01
0.000000e+00
8.715575e-02
2.027756e-01
1.736653e+00
6.842519e-02
2.026614e-01
1.736768e+00
7.103987e-02
2.023198e-01
5.857254e-01
7.363465e-02
9.894404e-01
0.000000e+00
1.449400e-01
2.023198e-01
5.857254e-01
7.363465e-02
2.026614e-01
1.736768e+00
7.103987e-02
2.023198e-01
1.737109e+00
7.363465e-02
9.793423e-01
0.000000e+00
2.022095e-01
2.023198e-01
5.857254e-01
7.363465e-02
2.023198e-01
1.737109e+00
7.363465e-02
2.017534e-01
5.851589e-01
7.618977e-02
9.659258e-01
0.000000e+00
2.588190e-01
2.017534e-01
5.851589e-01
7.618977e-02
2.023198e-01
1.737109e+00
7.363465e-02
2.009664e-01
5.843719e-01
7.868581e-02
9.659258e-01
0.000000e+00
2.588190e-01
2.023198e-01
1.737109e+00
7.363465e-02
2.017534e-01
1.737676e+00
7.618977e-02
2.009664e-01
5.843719e-01
7.868581e-02
9.492401e-01
0.000000e+00
3.145525e-01
2.009664e-01
5.843719e-01
7.868581e-02
2.017534e-01
1.737676e+00
7.618977e-02
2.009664e-01
1.738463e+00
7.868581e-02
9.293506e-01
0.000000e+00
3.691985e-01
2.009664e-01
5.843719e-01
7.868581e-02
2.009664e-01
1.738463e+00
7.868581e-02
1.999648e-01
5.833703e-01
8.110374e-02
9.063078e-01
0.000000e+00
4.226182e-01
1.999648e-01
5.833703e-01
8.110374e-02
2.009664e-01
1.738463e+00
7.868581e-02
1.987564e-01
5.821618e-01
8.342520e-02
8.191521e-01
0.000000e+00
5.735765e-01
1.987564e-01
1.740673e+00
8.342520e-02
1.973501e-01
1.742079e+00
8.563249e-02
1.957569e-01
5.791625e-01
8.770882e-02
9.063078e-01
0.000000e+00
4.226182e-01
2.009664e-01
1.738463e+00
7.868581e-02
1.999648e-01
1.739464e+00
8.110374e-02
1.987564e-01
5.821618e-01
8.342520e-02
8.801975e-01
0.000000e+00
4.746076e-01
1.987564e-01
5.821618e-01
8.342520e-02
1.999648e-01
1.739464e+00
8.110374e-02
1.987564e-01
1.740673e+00
8.342520e-02
8.511210e-01
0.000000e+00
5.249696e-01
1.987564e-01
5.821618e-01
8.342520e-02
1.987564e-01
1.740673e+00
8.342520e-02
1.973501e-01
5.807557e-01
8.563249e-02
8.191521e-01
0.000000e+00
5.735765e-01
1.973501e-01
5.807557e-01
8.563249e-02
1.987564e-01
1.740673e+00
8.342520e-02
1.957569e-01
5.791625e-01
8.770882e-02
7.844105e-01
0.000000e+00
6.202420e-01
1.973501e-01
1.742079e+00
8.563249e-02
1.957569e-01
1.743672e+00
8.770882e-02
1.957569e-01
5.791625e-01
8.770882e-02
7.274188e-01
0.000000e+00
6.861938e-01
1.957569e-01
5.791625e-01
8.770882e-02
1.957569e-01
1.743672e+00
8.770882e-02
1.920592e-01
1.747370e+00
9.140653e-02
6.861938e-01
0.000000e+00
7.274188e-01
1.957569e-01
5.791625e-01
8.770882e-02
1.920592e-01
1.747370e+00
9.140653e-02
1.920592e-01
5.754647e-01
9.140653e-02
5.972114e-01
0.000000e+00
8.020838e-01
1.920592e-01
5.754647e-01
9.140653e-02
1.920592e-01
1.747370e+00
9.140653e-02
1.877756e-01
1.751654e+00
9.440596e-02
5.494540e-01
0.000000e+00
8.355240e-01
1.920592e-01
5.754647e-01
9.140653e-02
1.877756e-01
1.751654e+00
9.440596e-02
1.877756e-01
5.711811e-01
9.440596e-02
4.488580e-01
0.000000e+00
8.936031e-01
1.877756e-01
5.711811e-01
9.440596e-02
1.877756e-01
1.751654e+00
9.440596e-02
1.830362e-01
1.756393e+00
9.661597e-02
3.960194e-01
0.000000e+00
9.182422e-01
1.877756e-01
5.711811e-01
9.440596e-02
1.830362e-01
1.756393e+00
9.661597e-02
1.830362e-01
5.664417e-01
9.661597e-02
2.868663e-01
0.000000e+00
9.579706e-01
1.830362e-01
5.664417e-01
9.661597e-02
1.830362e-01
1.756393e+00
9.661597e-02
1.779850e-01
1.761444e+00
9.796944e-02
2.305519e-01
0.000000e+00
9.730600e-01
1.830362e-01
5.664417e-01
9.661597e-02
1.779850e-01
1.761444e+00
9.796944e-02
1.779850e-01
5.613905e-01
9.796944e-02
1.161583e-01
0.000000e+00
9.932307e-01
1.779850e-01
5.613905e-01
9.796944e-02
1.779850e-01
1.761444e+00
9.796944e-02
1.727756e-01
1.766654e+00
9.842519e-02
5.807913e-02
0.000000e+00
9.983119e-01
1.779850e-01
5.613905e-01
9.796944e-02
1.727756e-01
1.766654e+00
9.842519e-02
1.727756e-01
5.561811e-01
9.842519e-02
-9.492401e-01
0.000000e+00
3.145525e-01
3.537978e-01
5.851589e-01
7.618977e-02
3.545848e-01
5.843719e-01
7.868581e-02
3.545848e-01
1.738463e+00
7.868581e-02
-8.801975e-01
0.000000e+00
4.746076e-01
3.555864e-01
5.833703e-01
8.110374e-02
3.567948e-01
5.821618e-01
8.342520e-02
3.567948e-01
1.740673e+00
8.342520e-02
-5.807913e-02
0.000000e+00
9.983119e-01
3.827756e-01
5.561811e-01
9.842519e-02
3.827756e-01
1.766654e+00
9.842519e-02
3.775661e-01
1.761444e+00
9.796944e-02
-1.161583e-01
0.000000e+00
9.932307e-01
3.827756e-01
5.561811e-01
9.842519e-02
3.775661e-01
1.761444e+00
9.796944e-02
3.775661e-01
5.613905e-01
9.796944e-02
-2.305519e-01
0.000000e+00
9.730600e-01
3.775661e-01
5.613905e-01
9.796944e-02
3.775661e-01
1.761444e+00
9.796944e-02
3.725150e-01
1.756393e+00
9.661597e-02
-2.868663e-01
0.000000e+00
9.579706e-01
3.775661e-01
5.613905e-01
9.796944e-02
3.725150e-01
1.756393e+00
9.661597e-02
3.725150e-01
5.664417e-01
9.661597e-02
-3.960194e-01
0.000000e+00
9.182422e-01
3.725150e-01
5.664417e-01
9.661597e-02
3.725150e-01
1.756393e+00
9.661597e-02
3.677756e-01
1.751654e+00
9.440596e-02
-4.488580e-01
0.000000e+00
8.936031e-01
3.725150e-01
5.664417e-01
9.661597e-02
3.677756e-01
1.751654e+00
9.440596e-02
3.677756e-01
5.711811e-01
9.440596e-02
-5.494540e-01
0.000000e+00
8.355240e-01
3.677756e-01
5.711811e-01
9.440596e-02
3.677756e-01
1.751654e+00
9.440596e-02
3.634920e-01
1.747370e+00
9.140653e-02
-5.972114e-01
0.000000e+00
8.020838e-01
3.677756e-01
5.711811e-01
9.440596e-02
3.634920e-01
1.747370e+00
9.140653e-02
3.634920e-01
5.754647e-01
9.140653e-02
-6.861938e-01
0.000000e+00
7.274188e-01
3.634920e-01
5.754647e-01
9.140653e-02
3.634920e-01
1.747370e+00
9.140653e-02
3.597943e-01
1.743672e+00
8.770882e-02
-7.274188e-01
0.000000e+00
6.861938e-01
3.634920e-01
5.754647e-01
9.140653e-02
3.597943e-01
1.743672e+00
8.770882e-02
3.597943e-01
5.791625e-01
8.770882e-02
-8.511210e-01
0.000000e+00
5.249696e-01
3.567948e-01
1.740673e+00
8.342520e-02
3.567948e-01
5.821618e-01
8.342520e-02
3.582010e-01
1.742079e+00
8.563249e-02
-8.191521e-01
0.000000e+00
5.735765e-01
3.582010e-01
1.742079e+00
8.563249e-02
3.567948e-01
5.821618e-01
8.342520e-02
3.597943e-01
1.743672e+00
8.770882e-02
-8.191521e-01
0.000000e+00
5.735765e-01
3.597943e-01
1.743672e+00
8.770882e-02
3.567948e-01
5.821618e-01
8.342520e-02
3.582010e-01
5.807557e-01
8.563249e-02
-7.844105e-01
0.000000e+00
6.202420e-01
3.597943e-01
1.743672e+00
8.770882e-02
3.582010e-01
5.807557e-01
8.563249e-02
3.597943e-01
5.791625e-01
8.770882e-02
-9.063078e-01
0.000000e+00
4.226183e-01
3.555864e-01
5.833703e-01
8.110374e-02
3.567948e-01
1.740673e+00
8.342520e-02
3.545848e-01
5.843719e-01
7.868581e-02
-9.063078e-01
0.000000e+00
4.226183e-01
3.545848e-01
5.843719e-01
7.868581e-02
3.567948e-01
1.740673e+00
8.342520e-02
3.555864e-01
1.739464e+00
8.110374e-02
-9.293506e-01
0.000000e+00
3.691985e-01
3.545848e-01
5.843719e-01
7.868581e-02
3.555864e-01
1.739464e+00
8.110374e-02
3.545848e-01
1.738463e+00
7.868581e-02
-9.659258e-01
0.000000e+00
2.588190e-01
3.537978e-01
5.851589e-01
7.618977e-02
3.545848e-01
1.738463e+00
7.868581e-02
3.532314e-01
5.857254e-01
7.363465e-02
-9.659258e-01
0.000000e+00
2.588190e-01
3.532314e-01
5.857254e-01
7.363465e-02
3.545848e-01
1.738463e+00
7.868581e-02
3.537978e-01
1.737676e+00
7.618977e-02
-9.793423e-01
0.000000e+00
2.022095e-01
3.532314e-01
5.857254e-01
7.363465e-02
3.537978e-01
1.737676e+00
7.618977e-02
3.532314e-01
1.737109e+00
7.363465e-02
-9.995772e-01
0.000000e+00
2.907651e-02
3.528897e-01
1.736768e+00
7.103987e-02
3.527756e-01
1.736653e+00
6.842519e-02
3.527756e-01
5.861811e-01
6.842519e-02
-9.961947e-01
0.000000e+00
8.715575e-02
3.528897e-01
1.736768e+00
7.103987e-02
3.527756e-01
5.861811e-01
6.842519e-02
3.532314e-01
1.737109e+00
7.363465e-02
-9.961947e-01
0.000000e+00
8.715575e-02
3.532314e-01
1.737109e+00
7.363465e-02
3.527756e-01
5.861811e-01
6.842519e-02
3.528897e-01
5.860670e-01
7.103987e-02
-9.894404e-01
0.000000e+00
1.449400e-01
3.532314e-01
1.737109e+00
7.363465e-02
3.528897e-01
5.860670e-01
7.103987e-02
3.532314e-01
5.857254e-01
7.363465e-02
0.000000e+00
9.492401e-01
3.145525e-01
2.009664e-01
5.843719e-01
7.868581e-02
3.545848e-01
5.843719e-01
7.868581e-02
3.537978e-01
5.851589e-01
7.618977e-02
0.000000e+00
9.995772e-01
2.907651e-02
3.527756e-01
5.861811e-01
6.842519e-02
2.027756e-01
5.861811e-01
6.842519e-02
3.528897e-01
5.860670e-01
7.103987e-02
0.000000e+00
9.983077e-01
5.815303e-02
3.528897e-01
5.860670e-01
7.103987e-02
2.027756e-01
5.861811e-01
6.842519e-02
2.026614e-01
5.860670e-01
7.103987e-02
0.000000e+00
9.932393e-01
1.160848e-01
3.528897e-01
5.860670e-01
7.103987e-02
2.026614e-01
5.860670e-01
7.103987e-02
3.532314e-01
5.857254e-01
7.363465e-02
0.000000e+00
9.894404e-01
1.449400e-01
3.532314e-01
5.857254e-01
7.363465e-02
2.026614e-01
5.860670e-01
7.103987e-02
2.023198e-01
5.857254e-01
7.363465e-02
0.000000e+00
9.793423e-01
2.022095e-01
3.532314e-01
5.857254e-01
7.363465e-02
2.023198e-01
5.857254e-01
7.363465e-02
3.537978e-01
5.851589e-01
7.618977e-02
0.000000e+00
9.730430e-01
2.306239e-01
3.537978e-01
5.851589e-01
7.618977e-02
2.023198e-01
5.857254e-01
7.363465e-02
2.017534e-01
5.851589e-01
7.618977e-02
0.000000e+00
9.579919e-01
2.867954e-01
3.537978e-01
5.851589e-01
7.618977e-02
2.017534e-01
5.851589e-01
7.618977e-02
2.009664e-01
5.843719e-01
7.868581e-02
0.000000e+00
8.801975e-01
4.746076e-01
1.987564e-01
5.821618e-01
8.342520e-02
3.567948e-01
5.821618e-01
8.342520e-02
3.555864e-01
5.833703e-01
8.110374e-02
0.000000e+00
9.293506e-01
3.691985e-01
3.545848e-01
5.843719e-01
7.868581e-02
2.009664e-01
5.843719e-01
7.868581e-02
3.555864e-01
5.833703e-01
8.110374e-02
0.000000e+00
9.182128e-01
3.960873e-01
3.555864e-01
5.833703e-01
8.110374e-02
2.009664e-01
5.843719e-01
7.868581e-02
1.999648e-01
5.833703e-01
8.110374e-02
0.000000e+00
8.936363e-01
4.487918e-01
3.555864e-01
5.833703e-01
8.110374e-02
1.999648e-01
5.833703e-01
8.110374e-02
1.987564e-01
5.821618e-01
8.342520e-02
0.000000e+00
8.511210e-01
5.249696e-01
3.567948e-01
5.821618e-01
8.342520e-02
1.987564e-01
5.821618e-01
8.342520e-02
3.582010e-01
5.807557e-01
8.563249e-02
0.000000e+00
8.354833e-01
5.495159e-01
3.582010e-01
5.807557e-01
8.563249e-02
1.987564e-01
5.821618e-01
8.342520e-02
1.973501e-01
5.807557e-01
8.563249e-02
0.000000e+00
8.021281e-01
5.971520e-01
3.582010e-01
5.807557e-01
8.563249e-02
1.973501e-01
5.807557e-01
8.563249e-02
3.597943e-01
5.791625e-01
8.770882e-02
0.000000e+00
7.844105e-01
6.202420e-01
1.973501e-01
5.807557e-01
8.563249e-02
1.957569e-01
5.791625e-01
8.770882e-02
3.597943e-01
5.791625e-01
8.770882e-02
0.000000e+00
7.274188e-01
6.861938e-01
3.597943e-01
5.791625e-01
8.770882e-02
1.957569e-01
5.791625e-01
8.770882e-02
1.920592e-01
5.754647e-01
9.140653e-02
0.000000e+00
6.861938e-01
7.274188e-01
3.597943e-01
5.791625e-01
8.770882e-02
1.920592e-01
5.754647e-01
9.140653e-02
3.634920e-01
5.754647e-01
9.140653e-02
0.000000e+00
5.972114e-01
8.020838e-01
3.634920e-01
5.754647e-01
9.140653e-02
1.920592e-01
5.754647e-01
9.140653e-02
1.877756e-01
5.711811e-01
9.440596e-02
0.000000e+00
5.494540e-01
8.355240e-01
3.634920e-01
5.754647e-01
9.140653e-02
1.877756e-01
5.711811e-01
9.440596e-02
3.677756e-01
5.711811e-01
9.440596e-02
0.000000e+00
4.488580e-01
8.936031e-01
3.677756e-01
5.711811e-01
9.440596e-02
1.877756e-01
5.711811e-01
9.440596e-02
1.830362e-01
5.664417e-01
9.661597e-02
0.000000e+00
3.960194e-01
9.182422e-01
3.677756e-01
5.711811e-01
9.440596e-02
1.830362e-01
5.664417e-01
9.661597e-02
3.725150e-01
5.664417e-01
9.661597e-02
0.000000e+00
2.868663e-01
9.579706e-01
3.725150e-01
5.664417e-01
9.661597e-02
1.830362e-01
5.664417e-01
9.661597e-02
1.779850e-01
5.613905e-01
9.796944e-02
0.000000e+00
2.305519e-01
9.730600e-01
3.725150e-01
5.664417e-01
9.661597e-02
1.779850e-01
5.613905e-01
9.796944e-02
3.775661e-01
5.613905e-01
9.796944e-02
0.000000e+00
1.161583e-01
9.932307e-01
3.775661e-01
5.613905e-01
9.796944e-02
1.779850e-01
5.613905e-01
9.796944e-02
1.727756e-01
5.561811e-01
9.842519e-02
0.000000e+00
5.807913e-02
9.983119e-01
3.775661e-01
5.613905e-01
9.796944e-02
1.727756e-01
5.561811e-01
9.842519e-02
3.827756e-01
5.561811e-01
9.842519e-02
