-1.000000e+00
0.000000e+00
0.000000e+00
0.000000e+00
0.000000e+00
9.842519e-02
0.000000e+00
1.771654e+00
9.842519e-02
0.000000e+00
0.000000e+00
0.000000e+00
-1.000000e+00
0.000000e+00
0.000000e+00
0.000000e+00
0.000000e+00
0.000000e+00
0.000000e+00
1.771654e+00
9.842519e-02
0.000000e+00
1.771654e+00
0.000000e+00
0.000000e+00
-1.000000e+00
0.000000e+00
5.905512e-01
0.000000e+00
9.842519e-02
0.000000e+00
0.000000e+00
9.842519e-02
5.905512e-01
0.000000e+00
0.000000e+00
0.000000e+00
-1.000000e+00
0.000000e+00
5.905512e-01
0.000000e+00
0.000000e+00
0.000000e+00
0.000000e+00
9.842519e-02
0.000000e+00
0.000000e+00
0.000000e+00
1.000000e+00
0.000000e+00
0.000000e+00
5.905512e-01
1.771654e+00
9.842519e-02
5.905512e-01
0.000000e+00
9.842519e-02
5.905512e-01
1.771654e+00
0.000000e+00
1.000000e+00
0.000000e+00
0.000000e+00
5.905512e-01
1.771654e+00
0.000000e+00
5.905512e-01
0.000000e+00
9.842519e-02
5.905512e-01
0.000000e+00
0.000000e+00
0.000000e+00
1.000000e+00
0.000000e+00
0.000000e+00
1.771654e+00
9.842519e-02
5.905512e-01
1.771654e+00
9.842519e-02
0.000000e+00
1.771654e+00
0.000000e+00
0.000000e+00
1.000000e+00
0.000000e+00
0.000000e+00
1.771654e+00
0.000000e+00
5.905512e-01
1.771654e+00
9.842519e-02
5.905512e-01
1.771654e+00
0.000000e+00
0.000000e+00
0.000000e+00
1.000000e+00
2.079549e-01
1.766654e+00
9.842519e-02
3.791649e-01
1.322613e+00
9.842519e-02
3.791649e-01
1.766654e+00
9.842519e-02
0.000000e+00
0.000000e+00
1.000000e+00
5.905512e-01
0.000000e+00
9.842519e-02
5.905512e-01
1.771654e+00
9.842519e-02
5.855512e-01
5.561811e-01
9.842519e-02
0.000000e+00
0.000000e+00
1.000000e+00
5.855512e-01
5.561811e-01
9.842519e-02
5.905512e-01
1.771654e+00
9.842519e-02
5.855512e-01
1.766654e+00
9.842519e-02
0.000000e+00
0.000000e+00
1.000000e+00
3.885793e-01
5.561811e-01
9.842519e-02
2.173693e-01
1.000221e+00
9.842519e-02
2.173693e-01
5.561811e-01
9.842519e-02
0.000000e+00
0.000000e+00
1.000000e+00
5.855512e-01
1.766654e+00
9.842519e-02
5.905512e-01
1.771654e+00
9.842519e-02
3.791649e-01
1.766654e+00
9.842519e-02
0.000000e+00
0.000000e+00
1.000000e+00
3.791649e-01
1.766654e+00
9.842519e-02
5.905512e-01
1.771654e+00
9.842519e-02
0.000000e+00
1.771654e+00
9.842519e-02
0.000000e+00
0.000000e+00
1.000000e+00
3.791649e-01
1.766654e+00
9.842519e-02
0.000000e+00
1.771654e+00
9.842519e-02
2.079549e-01
1.766654e+00
9.842519e-02
0.000000e+00
0.000000e+00
1.000000e+00
5.855512e-01
5.561811e-01
9.842519e-02
3.885793e-01
5.561811e-01
9.842519e-02
5.905512e-01
0.000000e+00
9.842519e-02
0.000000e+00
0.000000e+00
1.000000e+00
5.905512e-01
0.000000e+00
9.842519e-02
3.885793e-01
5.561811e-01
9.842519e-02
2.173693e-01
5.561811e-01
9.842519e-02
0.000000e+00
0.000000e+00
1.000000e+00
5.905512e-01
0.000000e+00
9.842519e-02
2.173693e-01
5.561811e-01
9.842519e-02
0.000000e+00
0.000000e+00
9.842519e-02
0.000000e+00
0.000000e+00
1.000000e+00
0.000000e+00
0.000000e+00
9.842519e-02
2.173693e-01
5.561811e-01
9.842519e-02
5.000000e-03
5.561811e-01
9.842519e-02
0.000000e+00
0.000000e+00
1.000000e+00
0.000000e+00
0.000000e+00
9.842519e-02
5.000000e-03
5.561811e-01
9.842519e-02
0.000000e+00
1.771654e+00
9.842519e-02
0.000000e+00
0.000000e+00
1.000000e+00
0.000000e+00
1.771654e+00
9.842519e-02
5.000000e-03
5.561811e-01
9.842519e-02
5.000000e-03
1.766654e+00
9.842519e-02
0.000000e+00
0.000000e+00
1.000000e+00
0.000000e+00
1.771654e+00
9.842519e-02
5.000000e-03
1.766654e+00
9.842519e-02
2.079549e-01
1.766654e+00
9.842519e-02
0.000000e+00
0.000000e+00
-1.000000e+00
0.000000e+00
1.771654e+00
0.000000e+00
3.500000e-02
1.736653e+00
0.000000e+00
3.500000e-02
5.861811e-01
0.000000e+00
0.000000e+00
0.000000e+00
-1.000000e+00
1.873693e-01
5.861811e-01
0.000000e+00
5.905512e-01
0.000000e+00
0.000000e+00
3.500000e-02
5.861811e-01
0.000000e+00
0.000000e+00
0.000000e+00
-1.000000e+00
3.500000e-02
5.861811e-01
0.000000e+00
5.905512e-01
0.000000e+00
0.000000e+00
0.000000e+00
0.000000e+00
0.000000e+00
0.000000e+00
0.000000e+00
-1.000000e+00
3.500000e-02
5.861811e-01
0.000000e+00
0.000000e+00
0.000000e+00
0.000000e+00
0.000000e+00
1.771654e+00
0.000000e+00
0.000000e+00
0.000000e+00
-1.000000e+00
1.873693e-01
5.861811e-01
0.000000e+00
1.873693e-01
1.161417e+00
0.000000e+00
4.091649e-01
5.861811e-01
0.000000e+00
0.000000e+00
0.000000e+00
-1.000000e+00
1.873693e-01
5.861811e-01
0.000000e+00
4.091649e-01
5.861811e-01
0.000000e+00
5.905512e-01
0.000000e+00
0.000000e+00
0.000000e+00
0.000000e+00
-1.000000e+00
5.905512e-01
0.000000e+00
0.000000e+00
4.091649e-01
5.861811e-01
0.000000e+00
5.555512e-01
5.861811e-01
0.000000e+00
0.000000e+00
0.000000e+00
-1.000000e+00
5.905512e-01
0.000000e+00
0.000000e+00
5.555512e-01
5.861811e-01
0.000000e+00
5.905512e-01
1.771654e+00
0.000000e+00
0.000000e+00
0.000000e+00
-1.000000e+00
4.091649e-01
1.736653e+00
0.000000e+00
4.091649e-01
1.161417e+00
0.000000e+00
1.873693e-01
1.736653e+00
0.000000e+00
0.000000e+00
0.000000e+00
-1.000000e+00
5.555512e-01
5.861811e-01
0.000000e+00
5.555512e-01
1.736653e+00
0.000000e+00
5.905512e-01
1.771654e+00
0.000000e+00
0.000000e+00
0.000000e+00
-1.000000e+00
5.905512e-01
1.771654e+00
0.000000e+00
5.555512e-01
1.736653e+00
0.000000e+00
4.091649e-01
1.736653e+00
0.000000e+00
0.000000e+00
0.000000e+00
-1.000000e+00
5.905512e-01
1.771654e+00
0.000000e+00
4.091649e-01
1.736653e+00
0.000000e+00
0.000000e+00
1.771654e+00
0.000000e+00
0.000000e+00
0.000000e+00
-1.000000e+00
0.000000e+00
1.771654e+00
0.000000e+00
4.091649e-01
1.736653e+00
0.000000e+00
1.873693e-01
1.736653e+00
0.000000e+00
0.000000e+00
0.000000e+00
-1.000000e+00
0.000000e+00
1.771654e+00
0.000000e+00
1.873693e-01
1.736653e+00
0.000000e+00
3.500000e-02
1.736653e+00
0.000000e+00
0.000000e+00
1.000000e+00
0.000000e+00
1.873693e-01
5.861811e-01
6.842519e-02
1.873693e-01
5.861811e-01
0.000000e+00
3.500000e-02
5.861811e-01
6.842519e-02
0.000000e+00
1.000000e+00
0.000000e+00
3.500000e-02
5.861811e-01
6.842519e-02
1.873693e-01
5.861811e-01
0.000000e+00
3.500000e-02
5.861811e-01
0.000000e+00
1.000000e+00
0.000000e+00
0.000000e+00
3.500000e-02
5.861811e-01
6.842519e-02
3.500000e-02
5.861811e-01
0.000000e+00
3.500000e-02
1.736653e+00
6.842519e-02
1.000000e+00
0.000000e+00
0.000000e+00
3.500000e-02
1.736653e+00
6.842519e-02
3.500000e-02
5.861811e-01
0.000000e+00
3.500000e-02
1.736653e+00
0.000000e+00
0.000000e+00
-1.000000e+00
0.000000e+00
3.500000e-02
1.736653e+00
6.842519e-02
3.500000e-02
1.736653e+00
0.000000e+00
1.873693e-01
1.736653e+00
6.842519e-02
0.000000e+00
-1.000000e+00
0.000000e+00
1.873693e-01
1.736653e+00
6.842519e-02
3.500000e-02
1.736653e+00
0.000000e+00
1.873693e-01
1.736653e+00
0.000000e+00
-9.330459e-01
-3.597573e-01
0.000000e+00
1.873693e-01
1.736653e+00
6.842519e-02
1.873693e-01
1.736653e+00
0.000000e+00
4.091649e-01
1.161417e+00
6.842519e-02
-9.330459e-01
-3.597573e-01
0.000000e+00
4.091649e-01
1.161417e+00
6.842519e-02
1.873693e-01
1.736653e+00
0.000000e+00
4.091649e-01
1.161417e+00
0.000000e+00
1.000000e+00
0.000000e+00
0.000000e+00
4.091649e-01
1.161417e+00
6.842519e-02
4.091649e-01
1.161417e+00
0.000000e+00
4.091649e-01
1.736653e+00
6.842519e-02
1.000000e+00
0.000000e+00
0.000000e+00
4.091649e-01
1.736653e+00
6.842519e-02
4.091649e-01
1.161417e+00
0.000000e+00
4.091649e-01
1.736653e+00
0.000000e+00
0.000000e+00
-1.000000e+00
0.000000e+00
4.091649e-01
1.736653e+00
6.842519e-02
4.091649e-01
1.736653e+00
0.000000e+00
5.555512e-01
1.736653e+00
6.842519e-02
0.000000e+00
-1.000000e+00
0.000000e+00
5.555512e-01
1.736653e+00
6.842519e-02
4.091649e-01
1.736653e+00
0.000000e+00
5.555512e-01
1.736653e+00
0.000000e+00
-1.000000e+00
0.000000e+00
0.000000e+00
5.555512e-01
1.736653e+00
6.842519e-02
5.555512e-01
1.736653e+00
0.000000e+00
5.555512e-01
5.861811e-01
6.842519e-02
-1.000000e+00
0.000000e+00
0.000000e+00
5.555512e-01
5.861811e-01
6.842519e-02
5.555512e-01
1.736653e+00
0.000000e+00
5.555512e-01
5.861811e-01
0.000000e+00
0.000000e+00
1.000000e+00
0.000000e+00
5.555512e-01
5.861811e-01
6.842519e-02
5.555512e-01
5.861811e-01
0.000000e+00
4.091649e-01
5.861811e-01
6.842519e-02
0.000000e+00
1.000000e+00
0.000000e+00
4.091649e-01
5.861811e-01
6.842519e-02
5.555512e-01
5.861811e-01
0.000000e+00
4.091649e-01
5.861811e-01
0.000000e+00
9.330459e-01
3.597573e-01
0.000000e+00
4.091649e-01
5.861811e-01
6.842519e-02
4.091649e-01
5.861811e-01
0.000000e+00
1.873693e-01
1.161417e+00
6.842519e-02
9.330459e-01
3.597573e-01
0.000000e+00
1.873693e-01
1.161417e+00
6.842519e-02
4.091649e-01
5.861811e-01
0.000000e+00
1.873693e-01
1.161417e+00
0.000000e+00
-1.000000e+00
0.000000e+00
0.000000e+00
1.873693e-01
1.161417e+00
6.842519e-02
1.873693e-01
1.161417e+00
0.000000e+00
1.873693e-01
5.861811e-01
6.842519e-02
-1.000000e+00
0.000000e+00
0.000000e+00
1.873693e-01
5.861811e-01
6.842519e-02
1.873693e-01
1.161417e+00
0.000000e+00
1.873693e-01
5.861811e-01
0.000000e+00
0.000000e+00
-8.354833e-01
5.495159e-01
1.901273e-01
1.740673e+00
8.342520e-02
1.910922e-01
1.742079e+00
8.563249e-02
2.957456e-02
1.742079e+00
8.563249e-02
0.000000e+00
-8.021281e-01
5.971520e-01
2.957456e-02
1.742079e+00
8.563249e-02
1.910922e-01
1.742079e+00
8.563249e-02
1.921854e-01
1.743672e+00
8.770882e-02
0.000000e+00
-7.844105e-01
6.202420e-01
2.957456e-02
1.742079e+00
8.563249e-02
1.921854e-01
1.743672e+00
8.770882e-02
2.798133e-02
1.743672e+00
8.770882e-02
0.000000e+00
-7.274188e-01
6.861938e-01
2.798133e-02
1.743672e+00
8.770882e-02
1.921854e-01
1.743672e+00
8.770882e-02
1.947228e-01
1.747370e+00
9.140653e-02
0.000000e+00
-6.861938e-01
7.274188e-01
2.798133e-02
1.743672e+00
8.770882e-02
1.947228e-01
1.747370e+00
9.140653e-02
2.428363e-02
1.747370e+00
9.140653e-02
0.000000e+00
-5.972114e-01
8.020838e-01
2.428363e-02
1.747370e+00
9.140653e-02
1.947228e-01
1.747370e+00
9.140653e-02
1.976621e-01
1.751654e+00
9.440596e-02
0.000000e+00
-5.494540e-01
8.355240e-01
2.428363e-02
1.747370e+00
9.140653e-02
1.976621e-01
1.751654e+00
9.440596e-02
2.000000e-02
1.751654e+00
9.440596e-02
0.000000e+00
-4.488580e-01
8.936031e-01
2.000000e-02
1.751654e+00
9.440596e-02
1.976621e-01
1.751654e+00
9.440596e-02
2.009142e-01
1.756393e+00
9.661597e-02
0.000000e+00
-3.960194e-01
9.182422e-01
2.000000e-02
1.751654e+00
9.440596e-02
2.009142e-01
1.756393e+00
9.661597e-02
1.526060e-02
1.756393e+00
9.661597e-02
0.000000e+00
-2.868663e-01
9.579706e-01
1.526060e-02
1.756393e+00
9.661597e-02
2.009142e-01
1.756393e+00
9.661597e-02
2.043803e-01
1.761444e+00
9.796944e-02
0.000000e+00
-2.305519e-01
9.730600e-01
1.526060e-02
1.756393e+00
9.661597e-02
2.043803e-01
1.761444e+00
9.796944e-02
1.020944e-02
1.761444e+00
9.796944e-02
0.000000e+00
-1.161583e-01
9.932307e-01
1.020944e-02
1.761444e+00
9.796944e-02
2.043803e-01
1.761444e+00
9.796944e-02
2.079549e-01
1.766654e+00
9.842519e-02
0.000000e+00
-5.807913e-02
9.983119e-01
1.020944e-02
1.761444e+00
9.796944e-02
2.079549e-01
1.766654e+00
9.842519e-02
5.000000e-03
1.766654e+00
9.842519e-02
0.000000e+00
-8.511210e-01
5.249696e-01
2.957456e-02
1.742079e+00
8.563249e-02
3.098076e-02
1.740673e+00
8.342520e-02
1.901273e-01
1.740673e+00
8.342520e-02
0.000000e+00
-8.801975e-01
4.746076e-01
1.901273e-01
1.740673e+00
8.342520e-02
3.098076e-02
1.740673e+00
8.342520e-02
3.218923e-02
1.739464e+00
8.110374e-02
0.000000e+00
-8.936363e-01
4.487919e-01
1.901273e-01
1.740673e+00
8.342520e-02
3.218923e-02
1.739464e+00
8.110374e-02
1.892980e-01
1.739464e+00
8.110374e-02
0.000000e+00
-9.182128e-01
3.960873e-01
1.892980e-01
1.739464e+00
8.110374e-02
3.218923e-02
1.739464e+00
8.110374e-02
1.886108e-01
1.738463e+00
7.868581e-02
0.000000e+00
-9.293506e-01
3.691985e-01
3.218923e-02
1.739464e+00
8.110374e-02
3.319078e-02
1.738463e+00
7.868581e-02
1.886108e-01
1.738463e+00
7.868581e-02
0.000000e+00
-9.492401e-01
3.145525e-01
1.886108e-01
1.738463e+00
7.868581e-02
3.319078e-02
1.738463e+00
7.868581e-02
3.397778e-02
1.737676e+00
7.618977e-02
0.000000e+00
-9.579919e-01
2.867954e-01
1.886108e-01
1.738463e+00
7.868581e-02
3.397778e-02
1.737676e+00
7.618977e-02
1.880708e-01
1.737676e+00
7.618977e-02
0.000000e+00
-9.730430e-01
2.306239e-01
1.880708e-01
1.737676e+00
7.618977e-02
3.397778e-02
1.737676e+00
7.618977e-02
1.876821e-01
1.737109e+00
7.363465e-02
0.000000e+00
-9.995772e-01
2.907651e-02
3.488584e-02
1.736768e+00
7.103987e-02
3.500000e-02
1.736653e+00
6.842519e-02
1.873693e-01
1.736653e+00
6.842519e-02
0.000000e+00
-9.793423e-01
2.022095e-01
3.397778e-02
1.737676e+00
7.618977e-02
3.454423e-02
1.737109e+00
7.363465e-02
1.876821e-01
1.737109e+00
7.363465e-02
0.000000e+00
-9.894404e-01
1.449400e-01
1.876821e-01
1.737109e+00
7.363465e-02
3.454423e-02
1.737109e+00
7.363465e-02
3.488584e-02
1.736768e+00
7.103987e-02
0.000000e+00
-9.932393e-01
1.160848e-01
1.876821e-01
1.737109e+00
7.363465e-02
3.488584e-02
1.736768e+00
7.103987e-02
1.874477e-01
1.736768e+00
7.103987e-02
0.000000e+00
-9.983077e-01
5.815303e-02
1.874477e-01
1.736768e+00
7.103987e-02
3.488584e-02
1.736768e+00
7.103987e-02
1.873693e-01
1.736653e+00
6.842519e-02
-5.419050e-02
-2.089439e-02
9.983119e-01
3.791649e-01
1.322613e+00
9.842519e-02
2.079549e-01
1.766654e+00
9.842519e-02
2.043803e-01
1.761444e+00
9.796944e-02
-1.083810e-01
-4.178879e-02
9.932307e-01
3.791649e-01
1.322613e+00
9.842519e-02
2.043803e-01
1.761444e+00
9.796944e-02
3.843743e-01
1.294622e+00
9.796944e-02
-2.151155e-01
-8.294272e-02
9.730600e-01
3.843743e-01
1.294622e+00
9.796944e-02
2.043803e-01
1.761444e+00
9.796944e-02
2.009142e-01
1.756393e+00
9.661597e-02
-2.676594e-01
-1.032022e-01
9.579706e-01
3.843743e-01
1.294622e+00
9.796944e-02
2.009142e-01
1.756393e+00
9.661597e-02
3.894255e-01
1.267481e+00
9.661597e-02
-3.695042e-01
-1.424709e-01
9.182422e-01
3.894255e-01
1.267481e+00
9.661597e-02
2.009142e-01
1.756393e+00
9.661597e-02
1.976621e-01
1.751654e+00
9.440596e-02
-4.188051e-01
-1.614799e-01
8.936031e-01
3.894255e-01
1.267481e+00
9.661597e-02
1.976621e-01
1.751654e+00
9.440596e-02
3.941649e-01
1.242015e+00
9.440596e-02
-5.126658e-01
-1.976701e-01
8.355240e-01
3.941649e-01
1.242015e+00
9.440596e-02
1.976621e-01
1.751654e+00
9.440596e-02
1.947228e-01
1.747370e+00
9.140653e-02
-5.572256e-01
-2.148511e-01
8.020838e-01
3.941649e-01
1.242015e+00
9.440596e-02
1.947228e-01
1.747370e+00
9.140653e-02
3.984485e-01
1.218998e+00
9.140653e-02
-6.402503e-01
-2.468632e-01
7.274188e-01
3.984485e-01
1.218998e+00
9.140653e-02
1.947228e-01
1.747370e+00
9.140653e-02
1.921854e-01
1.743672e+00
8.770882e-02
-6.787152e-01
-2.616942e-01
6.861938e-01
3.984485e-01
1.218998e+00
9.140653e-02
1.921854e-01
1.743672e+00
8.770882e-02
4.021462e-01
1.199130e+00
8.770882e-02
-7.318911e-01
-2.821974e-01
6.202419e-01
4.021462e-01
1.199130e+00
8.770882e-02
1.921854e-01
1.743672e+00
8.770882e-02
1.910922e-01
1.742079e+00
8.563249e-02
-7.643065e-01
-2.946959e-01
5.735765e-01
4.021462e-01
1.199130e+00
8.770882e-02
1.910922e-01
1.742079e+00
8.563249e-02
4.051456e-01
1.183013e+00
8.342520e-02
-7.941349e-01
-3.061970e-01
5.249696e-01
4.051456e-01
1.183013e+00
8.342520e-02
1.910922e-01
1.742079e+00
8.563249e-02
1.901273e-01
1.740673e+00
8.342520e-02
-8.337727e-01
-3.214802e-01
4.488580e-01
4.051456e-01
1.183013e+00
8.342520e-02
1.901273e-01
1.740673e+00
8.342520e-02
4.073557e-01
1.171139e+00
7.868581e-02
-8.456268e-01
-3.260508e-01
4.226182e-01
1.901273e-01
1.740673e+00
8.342520e-02
1.892980e-01
1.739464e+00
8.110374e-02
4.073557e-01
1.171139e+00
7.868581e-02
-8.671267e-01
-3.343407e-01
3.691986e-01
4.073557e-01
1.171139e+00
7.868581e-02
1.892980e-01
1.739464e+00
8.110374e-02
1.886108e-01
1.738463e+00
7.868581e-02
-8.856846e-01
-3.414961e-01
3.145525e-01
4.073557e-01
1.171139e+00
7.868581e-02
1.886108e-01
1.738463e+00
7.868581e-02
4.081427e-01
1.166910e+00
7.618977e-02
-8.938504e-01
-3.446445e-01
2.867954e-01
4.081427e-01
1.166910e+00
7.618977e-02
1.886108e-01
1.738463e+00
7.868581e-02
1.880708e-01
1.737676e+00
7.618977e-02
-9.326514e-01
-3.596052e-01
2.907651e-02
1.874477e-01
1.736768e+00
7.103987e-02
1.873693e-01
1.736653e+00
6.842519e-02
4.091649e-01
1.161417e+00
6.842519e-02
-9.300622e-01
-3.586068e-01
7.990909e-02
4.091007e-01
1.161762e+00
7.038729e-02
4.090507e-01
1.162031e+00
7.103987e-02
1.874477e-01
1.736768e+00
7.103987e-02
-9.324294e-01
-3.595196e-01
3.634853e-02
4.091649e-01
1.161417e+00
6.842519e-02
4.091577e-01
1.161456e+00
6.907964e-02
1.874477e-01
1.736768e+00
7.103987e-02
-9.318373e-01
-3.592913e-01
5.088217e-02
1.874477e-01
1.736768e+00
7.103987e-02
4.091577e-01
1.161456e+00
6.907964e-02
4.091363e-01
1.161571e+00
6.973378e-02
-9.310482e-01
-3.589871e-01
6.540313e-02
1.874477e-01
1.736768e+00
7.103987e-02
4.091363e-01
1.161571e+00
6.973378e-02
4.091007e-01
1.161762e+00
7.038729e-02
-9.288794e-01
-3.581508e-01
9.439779e-02
4.090507e-01
1.162031e+00
7.103987e-02
4.089866e-01
1.162375e+00
7.169121e-02
1.874477e-01
1.736768e+00
7.103987e-02
-9.275002e-01
-3.576190e-01
1.088669e-01
1.874477e-01
1.736768e+00
7.103987e-02
4.089866e-01
1.162375e+00
7.169121e-02
4.089082e-01
1.162796e+00
7.234098e-02
-9.250636e-01
-3.566795e-01
1.305262e-01
1.874477e-01
1.736768e+00
7.103987e-02
4.089082e-01
1.162796e+00
7.234098e-02
1.876821e-01
1.737109e+00
7.363465e-02
-9.211299e-01
-3.551628e-01
1.593079e-01
1.876821e-01
1.737109e+00
7.363465e-02
4.089082e-01
1.162796e+00
7.234098e-02
4.087091e-01
1.163866e+00
7.363465e-02
-9.137713e-01
-3.523256e-01
2.022095e-01
1.876821e-01
1.737109e+00
7.363465e-02
4.087091e-01
1.163866e+00
7.363465e-02
1.880708e-01
1.737676e+00
7.618977e-02
-9.109290e-01
-3.512296e-01
2.164396e-01
1.880708e-01
1.737676e+00
7.618977e-02
4.087091e-01
1.163866e+00
7.363465e-02
4.084538e-01
1.165238e+00
7.491838e-02
-9.046698e-01
-3.488162e-01
2.447443e-01
1.880708e-01
1.737676e+00
7.618977e-02
4.084538e-01
1.165238e+00
7.491838e-02
4.081427e-01
1.166910e+00
7.618977e-02
9.995772e-01
0.000000e+00
2.907651e-02
3.488584e-02
5.860670e-01
7.103987e-02
3.500000e-02
5.861811e-01
6.842519e-02
3.500000e-02
1.736653e+00
6.842519e-02
9.961947e-01
0.000000e+00
8.715575e-02
3.488584e-02
5.860670e-01
7.103987e-02
3.500000e-02
1.736653e+00
6.842519e-02
3.454423e-02
5.857254e-01
7.363465e-02
9.961947e-01
0.000000e+00
8.715575e-02
3.500000e-02
1.736653e+00
6.842519e-02
3.488584e-02
1.736768e+00
7.103987e-02
3.454423e-02
5.857254e-01
7.363465e-02
9.894404e-01
0.000000e+00
1.449400e-01
3.454423e-02
5.857254e-01
7.363465e-02
3.488584e-02
1.736768e+00
7.103987e-02
3.454423e-02
1.737109e+00
7.363465e-02
9.793423e-01
0.000000e+00
2.022095e-01
3.454423e-02
5.857254e-01
7.363465e-02
3.454423e-02
1.737109e+00
7.363465e-02
3.397778e-02
5.851589e-01
7.618977e-02
9.659258e-01
0.000000e+00
2.588190e-01
3.397778e-02
5.851589e-01
7.618977e-02
3.454423e-02
1.737109e+00
7.363465e-02
3.319078e-02
5.843719e-01
7.868581e-02
9.659258e-01
0.000000e+00
2.588190e-01
3.454423e-02
1.737109e+00
7.363465e-02
3.397778e-02
1.737676e+00
7.618977e-02
3.319078e-02
5.843719e-01
7.868581e-02
9.492401e-01
0.000000e+00
3.145525e-01
3.319078e-02
5.843719e-01
7.868581e-02
3.397778e-02
1.737676e+00
7.618977e-02
3.319078e-02
1.738463e+00
7.868581e-02
9.293506e-01
0.000000e+00
3.691985e-01
3.319078e-02
5.843719e-01
7.868581e-02
3.319078e-02
1.738463e+00
7.868581e-02
3.218923e-02
5.833703e-01
8.110374e-02
9.063078e-01
0.000000e+00
4.226182e-01
3.218923e-02
5.833703e-01
8.110374e-02
3.319078e-02
1.738463e+00
7.868581e-02
3.098076e-02
5.821618e-01
8.342520e-02
8.191521e-01
0.000000e+00
5.735765e-01
3.098076e-02
1.740673e+00
8.342520e-02
2.957456e-02
1.742079e+00
8.563249e-02
2.798133e-02
5.791625e-01
8.770882e-02
9.063078e-01
0.000000e+00
4.226182e-01
3.319078e-02
1.738463e+00
7.868581e-02
3.218923e-02
1.739464e+00
8.110374e-02
3.098076e-02
5.821618e-01
8.342520e-02
8.801975e-01
0.000000e+00
4.746076e-01
3.098076e-02
5.821618e-01
8.342520e-02
3.218923e-02
1.739464e+00
8.110374e-02
3.098076e-02
1.740673e+00
8.342520e-02
8.511210e-01
0.000000e+00
5.249696e-01
3.098076e-02
5.821618e-01
8.342520e-02
3.098076e-02
1.740673e+00
8.342520e-02
2.957456e-02
5.807557e-01
8.563249e-02
8.191521e-01
0.000000e+00
5.735765e-01
2.957456e-02
5.807557e-01
8.563249e-02
3.098076e-02
1.740673e+00
8.342520e-02
2.798133e-02
5.791625e-01
8.770882e-02
7.844105e-01
0.000000e+00
6.202420e-01
2.957456e-02
1.742079e+00
8.563249e-02
2.798133e-02
1.743672e+00
8.770882e-02
2.798133e-02
5.791625e-01
8.770882e-02
7.274188e-01
0.000000e+00
6.861938e-01
2.798133e-02
5.791625e-01
8.770882e-02
2.798133e-02
1.743672e+00
8.770882e-02
2.428363e-02
1.747370e+00
9.140653e-02
6.861938e-01
0.000000e+00
7.274188e-01
2.798133e-02
5.791625e-01
8.770882e-02
2.428363e-02
1.747370e+00
9.140653e-02
2.428363e-02
5.754647e-01
9.140653e-02
5.972114e-01
0.000000e+00
8.020838e-01
2.428363e-02
5.754647e-01
9.140653e-02
2.428363e-02
1.747370e+00
9.140653e-02
2.000000e-02
1.751654e+00
9.440596e-02
5.494540e-01
0.000000e+00
8.355240e-01
2.428363e-02
5.754647e-01
9.140653e-02
2.000000e-02
1.751654e+00
9.440596e-02
2.000000e-02
5.711811e-01
9.440596e-02
4.488580e-01
0.000000e+00
8.936031e-01
2.000000e-02
5.711811e-01
9.440596e-02
2.000000e-02
1.751654e+00
9.440596e-02
1.526060e-02
1.756393e+00
9.661597e-02
3.960194e-01
0.000000e+00
9.182422e-01
2.000000e-02
5.711811e-01
9.440596e-02
1.526060e-02
1.756393e+00
9.661597e-02
1.526060e-02
5.664417e-01
9.661597e-02
2.868663e-01
0.000000e+00
9.579706e-01
1.526060e-02
5.664417e-01
9.661597e-02
1.526060e-02
1.756393e+00
9.661597e-02
1.020944e-02
1.761444e+00
9.796944e-02
2.305519e-01
0.000000e+00
9.730600e-01
1.526060e-02
5.664417e-01
9.661597e-02
1.020944e-02
1.761444e+00
9.796944e-02
1.020944e-02
5.613905e-01
9.796944e-02
1.161583e-01
0.000000e+00
9.932307e-01
1.020944e-02
5.613905e-01
9.796944e-02
1.020944e-02
1.761444e+00
9.796944e-02
5.000000e-03
1.766654e+00
9.842519e-02
5.807913e-02
0.000000e+00
9.983119e-01
1.020944e-02
5.613905e-01
9.796944e-02
5.000000e-03
1.766654e+00
9.842519e-02
5.000000e-03
5.561811e-01
9.842519e-02
9.492401e-01
0.000000e+00
3.145525e-01
4.081427e-01
1.737676e+00
7.618977e-02
4.073557e-01
1.738463e+00
7.868581e-02
4.073557e-01
1.171139e+00
7.868581e-02
7.274188e-01
0.000000e+00
6.861938e-01
4.021462e-01
1.199130e+00
8.770882e-02
4.021462e-01
1.743672e+00
8.770882e-02
3.984485e-01
1.218998e+00
9.140653e-02
6.861938e-01
0.000000e+00
7.274188e-01
3.984485e-01
1.218998e+00
9.140653e-02
4.021462e-01
1.743672e+00
8.770882e-02
3.984485e-01
1.747370e+00
9.140653e-02
5.972114e-01
0.000000e+00
8.020838e-01
3.984485e-01
1.218998e+00
9.140653e-02
3.984485e-01
1.747370e+00
9.140653e-02
3.941649e-01
1.242015e+00
9.440596e-02
5.494540e-01
0.000000e+00
8.355240e-01
3.941649e-01
1.242015e+00
9.440596e-02
3.984485e-01
1.747370e+00
9.140653e-02
3.941649e-01
1.751654e+00
9.440596e-02
4.488580e-01
0.000000e+00
8.936031e-01
3.941649e-01
1.242015e+00
9.440596e-02
3.941649e-01
1.751654e+00
9.440596e-02
3.894255e-01
1.267481e+00
9.661597e-02
3.960194e-01
0.000000e+00
9.182422e-01
3.894255e-01
1.267481e+00
9.661597e-02
3.941649e-01
1.751654e+00
9.440596e-02
3.894255e-01
1.756393e+00
9.661597e-02
2.868663e-01
0.000000e+00
9.579706e-01
3.894255e-01
1.267481e+00
9.661597e-02
3.894255e-01
1.756393e+00
9.661597e-02
3.843743e-01
1.294622e+00
9.796944e-02
2.305519e-01
0.000000e+00
9.730600e-01
3.843743e-01
1.294622e+00
9.796944e-02
3.894255e-01
1.756393e+00
9.661597e-02
3.843743e-01
1.761444e+00
9.796944e-02
1.161583e-01
0.000000e+00
9.932307e-01
3.843743e-01
1.294622e+00
9.796944e-02
3.843743e-01
1.761444e+00
9.796944e-02
3.791649e-01
1.322613e+00
9.842519e-02
5.807913e-02
0.000000e+00
9.983119e-01
3.791649e-01
1.322613e+00
9.842519e-02
3.843743e-01
1.761444e+00
9.796944e-02
3.791649e-01
1.766654e+00
9.842519e-02
9.182422e-01
0.000000e+00
3.960194e-01
4.073557e-01
1.171139e+00
7.868581e-02
4.073557e-01
1.738463e+00
7.868581e-02
4.051456e-01
1.183013e+00
8.342520e-02
9.063078e-01
0.000000e+00
4.226182e-01
4.073557e-01
1.738463e+00
7.868581e-02
4.063541e-01
1.739464e+00
8.110374e-02
4.051456e-01
1.183013e+00
8.342520e-02
8.801975e-01
0.000000e+00
4.746076e-01
4.051456e-01
1.183013e+00
8.342520e-02
4.063541e-01
1.739464e+00
8.110374e-02
4.051456e-01
1.740673e+00
8.342520e-02
8.355240e-01
0.000000e+00
5.494540e-01
4.051456e-01
1.183013e+00
8.342520e-02
4.051456e-01
1.740673e+00
8.342520e-02
4.021462e-01
1.199130e+00
8.770882e-02
8.191521e-01
0.000000e+00
5.735765e-01
4.021462e-01
1.199130e+00
8.770882e-02
4.051456e-01
1.740673e+00
8.342520e-02
4.037395e-01
1.742079e+00
8.563249e-02
7.844105e-01
0.000000e+00
6.202420e-01
4.021462e-01
1.199130e+00
8.770882e-02
4.037395e-01
1.742079e+00
8.563249e-02
4.021462e-01
1.743672e+00
8.770882e-02
9.821783e-01
0.000000e+00
1.879517e-01
4.084538e-01
1.165238e+00
7.491838e-02
4.087091e-01
1.163866e+00
7.363465e-02
4.087091e-01
1.737109e+00
7.363465e-02
9.659258e-01
0.000000e+00
2.588190e-01
4.081427e-01
1.737676e+00
7.618977e-02
4.073557e-01
1.171139e+00
7.868581e-02
4.087091e-01
1.737109e+00
7.363465e-02
9.659258e-01
0.000000e+00
2.588190e-01
4.087091e-01
1.737109e+00
7.363465e-02
4.073557e-01
1.171139e+00
7.868581e-02
4.081427e-01
1.166910e+00
7.618977e-02
9.762960e-01
0.000000e+00
2.164396e-01
4.087091e-01
1.737109e+00
7.363465e-02
4.081427e-01
1.166910e+00
7.618977e-02
4.084538e-01
1.165238e+00
7.491838e-02
9.948181e-01
0.000000e+00
1.016709e-01
4.089082e-01
1.162796e+00
7.234098e-02
4.091649e-01
1.736653e+00
6.842519e-02
4.087091e-01
1.163866e+00
7.363465e-02
9.961947e-01
0.000000e+00
8.715575e-02
4.087091e-01
1.163866e+00
7.363465e-02
4.091649e-01
1.736653e+00
6.842519e-02
4.090507e-01
1.736768e+00
7.103987e-02
9.894404e-01
0.000000e+00
1.449400e-01
4.087091e-01
1.163866e+00
7.363465e-02
4.090507e-01
1.736768e+00
7.103987e-02
4.087091e-01
1.737109e+00
7.363465e-02
9.968006e-01
0.000000e+00
7.992867e-02
4.089082e-01
1.162796e+00
7.234098e-02
4.089866e-01
1.162375e+00
7.169121e-02
4.091649e-01
1.736653e+00
6.842519e-02
9.978582e-01
0.000000e+00
6.541350e-02
4.091649e-01
1.736653e+00
6.842519e-02
4.089866e-01
1.162375e+00
7.169121e-02
4.090507e-01
1.162031e+00
7.103987e-02
9.987044e-01
0.000000e+00
5.088793e-02
4.091649e-01
1.736653e+00
6.842519e-02
4.090507e-01
1.162031e+00
7.103987e-02
4.091007e-01
1.161762e+00
7.038729e-02
9.993390e-01
0.000000e+00
3.635429e-02
4.091007e-01
1.161762e+00
7.038729e-02
4.091363e-01
1.161571e+00
6.973378e-02
4.091649e-01
1.736653e+00
6.842519e-02
9.997620e-01
0.000000e+00
2.181488e-02
4.091649e-01
1.736653e+00
6.842519e-02
4.091363e-01
1.161571e+00
6.973378e-02
4.091577e-01
1.161456e+00
6.907964e-02
9.999736e-01
0.000000e+00
7.272013e-03
4.091649e-01
1.736653e+00
6.842519e-02
4.091577e-01
1.161456e+00
6.907964e-02
4.091649e-01
1.161417e+00
6.842519e-02
0.000000e+00
9.894404e-01
1.449400e-01
3.454423e-02
5.857254e-01
7.363465e-02
1.878251e-01
5.857254e-01
7.363465e-02
1.874835e-01
5.860670e-01
7.103987e-02
0.000000e+00
9.995772e-01
2.907651e-02
1.873693e-01
5.861811e-01
6.842519e-02
3.500000e-02
5.861811e-01
6.842519e-02
1.874835e-01
5.860670e-01
7.103987e-02
0.000000e+00
9.983077e-01
5.815303e-02
1.874835e-01
5.860670e-01
7.103987e-02
3.500000e-02
5.861811e-01
6.842519e-02
3.488584e-02
5.860670e-01
7.103987e-02
0.000000e+00
9.932393e-01
1.160848e-01
1.874835e-01
5.860670e-01
7.103987e-02
3.488584e-02
5.860670e-01
7.103987e-02
3.454423e-02
5.857254e-01
7.363465e-02
0.000000e+00
9.793423e-01
2.022095e-01
1.878251e-01
5.857254e-01
7.363465e-02
3.454423e-02
5.857254e-01
7.363465e-02
1.883916e-01
5.851589e-01
7.618977e-02
0.000000e+00
9.730430e-01
2.306239e-01
1.883916e-01
5.851589e-01
7.618977e-02
3.454423e-02
5.857254e-01
7.363465e-02
3.397778e-02
5.851589e-01
7.618977e-02
0.000000e+00
9.579919e-01
2.867954e-01
1.883916e-01
5.851589e-01
7.618977e-02
3.397778e-02
5.851589e-01
7.618977e-02
1.891785e-01
5.843719e-01
7.868581e-02
0.000000e+00
9.492401e-01
3.145525e-01
1.891785e-01
5.843719e-01
7.868581e-02
3.397778e-02
5.851589e-01
7.618977e-02
3.319078e-02
5.843719e-01
7.868581e-02
0.000000e+00
9.293506e-01
3.691985e-01
1.891785e-01
5.843719e-01
7.868581e-02
3.319078e-02
5.843719e-01
7.868581e-02
1.901801e-01
5.833703e-01
8.110374e-02
0.000000e+00
9.182128e-01
3.960873e-01
3.319078e-02
5.843719e-01
7.868581e-02
3.218923e-02
5.833703e-01
8.110374e-02
1.901801e-01
5.833703e-01
8.110374e-02
0.000000e+00
8.936363e-01
4.487918e-01
1.901801e-01
5.833703e-01
8.110374e-02
3.218923e-02
5.833703e-01
8.110374e-02
3.098076e-02
5.821618e-01
8.342520e-02
0.000000e+00
8.801975e-01
4.746076e-01
1.901801e-01
5.833703e-01
8.110374e-02
3.098076e-02
5.821618e-01
8.342520e-02
1.913886e-01
5.821618e-01
8.342520e-02
0.000000e+00
8.511210e-01
5.249696e-01
1.913886e-01
5.821618e-01
8.342520e-02
3.098076e-02
5.821618e-01
8.342520e-02
1.927948e-01
5.807557e-01
8.563249e-02
0.000000e+00
8.354833e-01
5.495159e-01
3.098076e-02
5.821618e-01
8.342520e-02
2.957456e-02
5.807557e-01
8.563249e-02
1.927948e-01
5.807557e-01
8.563249e-02
0.000000e+00
8.021281e-01
5.971520e-01
1.927948e-01
5.807557e-01
8.563249e-02
2.957456e-02
5.807557e-01
8.563249e-02
2.798133e-02
5.791625e-01
8.770882e-02
0.000000e+00
7.844105e-01
6.202420e-01
1.927948e-01
5.807557e-01
8.563249e-02
2.798133e-02
5.791625e-01
8.770882e-02
1.943880e-01
5.791625e-01
8.770882e-02
0.000000e+00
7.274188e-01
6.861938e-01
1.943880e-01
5.791625e-01
8.770882e-02
2.798133e-02
5.791625e-01
8.770882e-02
2.428363e-02
5.754647e-01
9.140653e-02
0.000000e+00
6.861938e-01
7.274188e-01
1.943880e-01
5.791625e-01
8.770882e-02
2.428363e-02
5.754647e-01
9.140653e-02
1.980857e-01
5.754647e-01
9.140653e-02
0.000000e+00
5.972114e-01
8.020838e-01
1.980857e-01
5.754647e-01
9.140653e-02
2.428363e-02
5.754647e-01
9.140653e-02
2.000000e-02
5.711811e-01
9.440596e-02
0.000000e+00
5.494540e-01
8.355240e-01
1.980857e-01
5.754647e-01
9.140653e-02
2.000000e-02
5.711811e-01
9.440596e-02
2.023693e-01
5.711811e-01
9.440596e-02
0.000000e+00
4.488580e-01
8.936031e-01
2.023693e-01
5.711811e-01
9.440596e-02
2.000000e-02
5.711811e-01
9.440596e-02
1.526060e-02
5.664417e-01
9.661597e-02
0.000000e+00
3.960194e-01
9.182422e-01
2.023693e-01
5.711811e-01
9.440596e-02
1.526060e-02
5.664417e-01
9.661597e-02
2.071087e-01
5.664417e-01
9.661597e-02
0.000000e+00
2.868663e-01
9.579706e-01
2.071087e-01
5.664417e-01
9.661597e-02
1.526060e-02
5.664417e-01
9.661597e-02
1.020944e-02
5.613905e-01
9.796944e-02
0.000000e+00
2.305519e-01
9.730600e-01
2.071087e-01
5.664417e-01
9.661597e-02
1.020944e-02
5.613905e-01
9.796944e-02
2.121599e-01
5.613905e-01
9.796944e-02
0.000000e+00
1.161583e-01
9.932307e-01
2.121599e-01
5.613905e-01
9.796944e-02
1.020944e-02
5.613905e-01
9.796944e-02
5.000000e-03
5.561811e-01
9.842519e-02
0.000000e+00
5.807913e-02
9.983119e-01
2.121599e-01
5.613905e-01
9.796944e-02
5.000000e-03
5.561811e-01
9.842519e-02
2.173693e-01
5.561811e-01
9.842519e-02
0.000000e+00
-5.807913e-02
9.983119e-01
5.855512e-01
1.766654e+00
9.842519e-02
3.791649e-01
1.766654e+00
9.842519e-02
3.843743e-01
1.761444e+00
9.796944e-02
0.000000e+00
-1.161583e-01
9.932307e-01
5.855512e-01
1.766654e+00
9.842519e-02
3.843743e-01
1.761444e+00
9.796944e-02
5.803418e-01
1.761444e+00
9.796944e-02
0.000000e+00
-2.305519e-01
9.730600e-01
5.803418e-01
1.761444e+00
9.796944e-02
3.843743e-01
1.761444e+00
9.796944e-02
3.894255e-01
1.756393e+00
9.661597e-02
0.000000e+00
-2.868663e-01
9.579706e-01
5.803418e-01
1.761444e+00
9.796944e-02
3.894255e-01
1.756393e+00
9.661597e-02
5.752906e-01
1.756393e+00
9.661597e-02
0.000000e+00
-3.960194e-01
9.182422e-01
5.752906e-01
1.756393e+00
9.661597e-02
3.894255e-01
1.756393e+00
9.661597e-02
3.941649e-01
1.751654e+00
9.440596e-02
0.000000e+00
-4.488580e-01
8.936031e-01
5.752906e-01
1.756393e+00
9.661597e-02
3.941649e-01
1.751654e+00
9.440596e-02
5.705512e-01
1.751654e+00
9.440596e-02
0.000000e+00
-5.494540e-01
8.355240e-01
5.705512e-01
1.751654e+00
9.440596e-02
3.941649e-01
1.751654e+00
9.440596e-02
3.984485e-01
1.747370e+00
9.140653e-02
0.000000e+00
-5.972114e-01
8.020838e-01
5.705512e-01
1.751654e+00
9.440596e-02
3.984485e-01
1.747370e+00
9.140653e-02
5.662675e-01
1.747370e+00
9.140653e-02
0.000000e+00
-6.861938e-01
7.274188e-01
5.662675e-01
1.747370e+00
9.140653e-02
3.984485e-01
1.747370e+00
9.140653e-02
4.021462e-01
1.743672e+00
8.770882e-02
0.000000e+00
-7.274188e-01
6.861938e-01
5.662675e-01
1.747370e+00
9.140653e-02
4.021462e-01
1.743672e+00
8.770882e-02
5.625699e-01
1.743672e+00
8.770882e-02
0.000000e+00
-7.844105e-01
6.202419e-01
5.625699e-01
1.743672e+00
8.770882e-02
4.021462e-01
1.743672e+00
8.770882e-02
5.609766e-01
1.742079e+00
8.563249e-02
0.000000e+00
-8.021281e-01
5.971520e-01
5.609766e-01
1.742079e+00
8.563249e-02
4.021462e-01
1.743672e+00
8.770882e-02
4.037395e-01
1.742079e+00
8.563249e-02
0.000000e+00
-8.354833e-01
5.495159e-01
5.609766e-01
1.742079e+00
8.563249e-02
4.037395e-01
1.742079e+00
8.563249e-02
5.595704e-01
1.740673e+00
8.342520e-02
0.000000e+00
-8.511210e-01
5.249696e-01
5.595704e-01
1.740673e+00
8.342520e-02
4.037395e-01
1.742079e+00
8.563249e-02
4.051456e-01
1.740673e+00
8.342520e-02
0.000000e+00
-8.801975e-01
4.746076e-01
5.595704e-01
1.740673e+00
8.342520e-02
4.051456e-01
1.740673e+00
8.342520e-02
5.583619e-01
1.739464e+00
8.110374e-02
0.000000e+00
-8.936363e-01
4.487919e-01
5.583619e-01
1.739464e+00
8.110374e-02
4.051456e-01
1.740673e+00
8.342520e-02
4.063541e-01
1.739464e+00
8.110374e-02
0.000000e+00
-9.182128e-01
3.960873e-01
5.583619e-01
1.739464e+00
8.110374e-02
4.063541e-01
1.739464e+00
8.110374e-02
5.573604e-01
1.738463e+00
7.868581e-02
0.000000e+00
-9.293506e-01
3.691985e-01
5.573604e-01
1.738463e+00
7.868581e-02
4.063541e-01
1.739464e+00
8.110374e-02
4.073557e-01
1.738463e+00
7.868581e-02
0.000000e+00
-9.492401e-01
3.145525e-01
5.573604e-01
1.738463e+00
7.868581e-02
4.073557e-01
1.738463e+00
7.868581e-02
5.565734e-01
1.737676e+00
7.618977e-02
0.000000e+00
-9.579919e-01
2.867954e-01
5.565734e-01
1.737676e+00
7.618977e-02
4.073557e-01
1.738463e+00
7.868581e-02
4.081427e-01
1.737676e+00
7.618977e-02
0.000000e+00
-9.730430e-01
2.306239e-01
5.565734e-01
1.737676e+00
7.618977e-02
4.081427e-01
1.737676e+00
7.618977e-02
5.560070e-01
1.737109e+00
7.363465e-02
0.000000e+00
-9.995772e-01
2.907651e-02
4.090507e-01
1.736768e+00
7.103987e-02
4.091649e-01
1.736653e+00
6.842519e-02
5.555512e-01
1.736653e+00
6.842519e-02
0.000000e+00
-9.793423e-01
2.022095e-01
4.081427e-01
1.737676e+00
7.618977e-02
4.087091e-01
1.737109e+00
7.363465e-02
5.560070e-01
1.737109e+00
7.363465e-02
0.000000e+00
-9.894404e-01
1.449400e-01
5.560070e-01
1.737109e+00
7.363465e-02
4.087091e-01
1.737109e+00
7.363465e-02
4.090507e-01
1.736768e+00
7.103987e-02
0.000000e+00
-9.932393e-01
1.160848e-01
5.560070e-01
1.737109e+00
7.363465e-02
4.090507e-01
1.736768e+00
7.103987e-02
5.556653e-01
1.736768e+00
7.103987e-02
0.000000e+00
-9.983077e-01
5.815303e-02
5.556653e-01
1.736768e+00
7.103987e-02
4.090507e-01
1.736768e+00
7.103987e-02
5.555512e-01
1.736653e+00
6.842519e-02
-9.948181e-01
0.000000e+00
1.016709e-01
1.876260e-01
1.160038e+00
7.234098e-02
1.873693e-01
5.861811e-01
6.842519e-02
1.878251e-01
1.158968e+00
7.363465e-02
-9.961947e-01
0.000000e+00
8.715575e-02
1.878251e-01
1.158968e+00
7.363465e-02
1.873693e-01
5.861811e-01
6.842519e-02
1.874835e-01
5.860670e-01
7.103987e-02
-9.894404e-01
0.000000e+00
1.449400e-01
1.878251e-01
1.158968e+00
7.363465e-02
1.874835e-01
5.860670e-01
7.103987e-02
1.878251e-01
5.857254e-01
7.363465e-02
-9.968006e-01
0.000000e+00
7.992867e-02
1.876260e-01
1.160038e+00
7.234098e-02
1.875477e-01
1.160459e+00
7.169121e-02
1.873693e-01
5.861811e-01
6.842519e-02
-9.978582e-01
0.000000e+00
6.541350e-02
1.873693e-01
5.861811e-01
6.842519e-02
1.875477e-01
1.160459e+00
7.169121e-02
1.874835e-01
1.160804e+00
7.103987e-02
-9.987044e-01
0.000000e+00
5.088793e-02
1.873693e-01
5.861811e-01
6.842519e-02
1.874835e-01
1.160804e+00
7.103987e-02
1.874336e-01
1.161072e+00
7.038729e-02
-9.993390e-01
0.000000e+00
3.635429e-02
1.874336e-01
1.161072e+00
7.038729e-02
1.873979e-01
1.161264e+00
6.973378e-02
1.873693e-01
5.861811e-01
6.842519e-02
-9.997620e-01
0.000000e+00
2.181488e-02
1.873693e-01
5.861811e-01
6.842519e-02
1.873979e-01
1.161264e+00
6.973378e-02
1.873765e-01
1.161379e+00
6.907964e-02
-9.999736e-01
0.000000e+00
7.272013e-03
1.873693e-01
5.861811e-01
6.842519e-02
1.873765e-01
1.161379e+00
6.907964e-02
1.873693e-01
1.161417e+00
6.842519e-02
-9.659258e-01
0.000000e+00
2.588190e-01
1.891785e-01
1.151696e+00
7.868581e-02
1.883916e-01
1.155925e+00
7.618977e-02
1.878251e-01
5.857254e-01
7.363465e-02
-9.762960e-01
0.000000e+00
2.164396e-01
1.878251e-01
5.857254e-01
7.363465e-02
1.883916e-01
1.155925e+00
7.618977e-02
1.880804e-01
1.157596e+00
7.491838e-02
-9.821783e-01
0.000000e+00
1.879517e-01
1.878251e-01
5.857254e-01
7.363465e-02
1.880804e-01
1.157596e+00
7.491838e-02
1.878251e-01
1.158968e+00
7.363465e-02
-9.659258e-01
0.000000e+00
2.588190e-01
1.878251e-01
5.857254e-01
7.363465e-02
1.883916e-01
5.851589e-01
7.618977e-02
1.891785e-01
1.151696e+00
7.868581e-02
-9.492401e-01
0.000000e+00
3.145525e-01
1.891785e-01
1.151696e+00
7.868581e-02
1.883916e-01
5.851589e-01
7.618977e-02
1.891785e-01
5.843719e-01
7.868581e-02
-9.182422e-01
0.000000e+00
3.960194e-01
1.891785e-01
1.151696e+00
7.868581e-02
1.891785e-01
5.843719e-01
7.868581e-02
1.913886e-01
1.139821e+00
8.342520e-02
-9.063078e-01
0.000000e+00
4.226182e-01
1.891785e-01
5.843719e-01
7.868581e-02
1.901801e-01
5.833703e-01
8.110374e-02
1.913886e-01
1.139821e+00
8.342520e-02
-8.801975e-01
0.000000e+00
4.746076e-01
1.913886e-01
1.139821e+00
8.342520e-02
1.901801e-01
5.833703e-01
8.110374e-02
1.913886e-01
5.821618e-01
8.342520e-02
-8.355240e-01
0.000000e+00
5.494540e-01
1.913886e-01
1.139821e+00
8.342520e-02
1.913886e-01
5.821618e-01
8.342520e-02
1.943880e-01
1.123705e+00
8.770882e-02
-8.191521e-01
0.000000e+00
5.735765e-01
1.913886e-01
5.821618e-01
8.342520e-02
1.927948e-01
5.807557e-01
8.563249e-02
1.943880e-01
1.123705e+00
8.770882e-02
-7.844105e-01
0.000000e+00
6.202420e-01
1.943880e-01
1.123705e+00
8.770882e-02
1.927948e-01
5.807557e-01
8.563249e-02
1.943880e-01
5.791625e-01
8.770882e-02
-7.274188e-01
0.000000e+00
6.861938e-01
1.943880e-01
1.123705e+00
8.770882e-02
1.943880e-01
5.791625e-01
8.770882e-02
1.980857e-01
1.103836e+00
9.140653e-02
-6.861938e-01
0.000000e+00
7.274188e-01
1.980857e-01
1.103836e+00
9.140653e-02
1.943880e-01
5.791625e-01
8.770882e-02
1.980857e-01
5.754647e-01
9.140653e-02
-5.972114e-01
0.000000e+00
8.020838e-01
1.980857e-01
1.103836e+00
9.140653e-02
1.980857e-01
5.754647e-01
9.140653e-02
2.023693e-01
1.080819e+00
9.440596e-02
-5.494540e-01
0.000000e+00
8.355240e-01
2.023693e-01
1.080819e+00
9.440596e-02
1.980857e-01
5.754647e-01
9.140653e-02
2.023693e-01
5.711811e-01
9.440596e-02
-4.488580e-01
0.000000e+00
8.936031e-01
2.023693e-01
1.080819e+00
9.440596e-02
2.023693e-01
5.711811e-01
9.440596e-02
2.071087e-01
1.055354e+00
9.661597e-02
-3.960194e-01
0.000000e+00
9.182422e-01
2.071087e-01
1.055354e+00
9.661597e-02
2.023693e-01
5.711811e-01
9.440596e-02
2.071087e-01
5.664417e-01
9.661597e-02
-2.868663e-01
0.000000e+00
9.579706e-01
2.071087e-01
1.055354e+00
9.661597e-02
2.071087e-01
5.664417e-01
9.661597e-02
2.121599e-01
1.028213e+00
9.796944e-02
-2.305519e-01
0.000000e+00
9.730600e-01
2.121599e-01
1.028213e+00
9.796944e-02
2.071087e-01
5.664417e-01
9.661597e-02
2.121599e-01
5.613905e-01
9.796944e-02
-1.161583e-01
0.000000e+00
9.932307e-01
2.121599e-01
1.028213e+00
9.796944e-02
2.121599e-01
5.613905e-01
9.796944e-02
2.173693e-01
1.000221e+00
9.842519e-02
-5.807913e-02
0.000000e+00
9.983119e-01
2.173693e-01
1.000221e+00
9.842519e-02
2.121599e-01
5.613905e-01
9.796944e-02
2.173693e-01
5.561811e-01
9.842519e-02
-9.492401e-01
0.000000e+00
3.145525e-01
5.565734e-01
5.851589e-01
7.618977e-02
5.573604e-01
5.843719e-01
7.868581e-02
5.573604e-01
1.738463e+00
7.868581e-02
-8.801975e-01
0.000000e+00
4.746076e-01
5.583619e-01
5.833703e-01
8.110374e-02
5.595704e-01
5.821618e-01
8.342520e-02
5.595704e-01
1.740673e+00
8.342520e-02
-5.807913e-02
0.000000e+00
9.983119e-01
5.855512e-01
5.561811e-01
9.842519e-02
5.855512e-01
1.766654e+00
9.842519e-02
5.803418e-01
1.761444e+00
9.796944e-02
-1.161583e-01
0.000000e+00
9.932307e-01
5.855512e-01
5.561811e-01
9.842519e-02
5.803418e-01
1.761444e+00
9.796944e-02
5.803418e-01
5.613905e-01
9.796944e-02
-2.305519e-01
0.000000e+00
9.730600e-01
5.803418e-01
5.613905e-01
9.796944e-02
5.803418e-01
1.761444e+00
9.796944e-02
5.752906e-01
1.756393e+00
9.661597e-02
-2.868663e-01
0.000000e+00
9.579706e-01
5.803418e-01
5.613905e-01
9.796944e-02
5.752906e-01
1.756393e+00
9.661597e-02
5.752906e-01
5.664417e-01
9.661597e-02
-3.960194e-01
0.000000e+00
9.182422e-01
5.752906e-01
5.664417e-01
9.661597e-02
5.752906e-01
1.756393e+00
9.661597e-02
5.705512e-01
1.751654e+00
9.440596e-02
-4.488580e-01
0.000000e+00
8.936031e-01
5.752906e-01
5.664417e-01
9.661597e-02
5.705512e-01
1.751654e+00
9.440596e-02
5.705512e-01
5.711811e-01
9.440596e-02
-5.494540e-01
0.000000e+00
8.355240e-01
5.705512e-01
5.711811e-01
9.440596e-02
5.705512e-01
1.751654e+00
9.440596e-02
5.662675e-01
1.747370e+00
9.140653e-02
-5.972114e-01
0.000000e+00
8.020838e-01
5.705512e-01
5.711811e-01
9.440596e-02
5.662675e-01
1.747370e+00
9.140653e-02
5.662675e-01
5.754647e-01
9.140653e-02
-6.861938e-01
0.000000e+00
7.274188e-01
5.662675e-01
5.754647e-01
9.140653e-02
5.662675e-01
1.747370e+00
9.140653e-02
5.625699e-01
1.743672e+00
8.770882e-02
-7.274188e-01
0.000000e+00
6.861938e-01
5.662675e-01
5.754647e-01
9.140653e-02
5.625699e-01
1.743672e+00
8.770882e-02
5.625699e-01
5.791625e-01
8.770882e-02
-8.511210e-01
0.000000e+00
5.249696e-01
5.595704e-01
1.740673e+00
8.342520e-02
5.595704e-01
5.821618e-01
8.342520e-02
5.609766e-01
1.742079e+00
8.563249e-02
-8.191521e-01
0.000000e+00
5.735765e-01
5.609766e-01
1.742079e+00
8.563249e-02
5.595704e-01
5.821618e-01
8.342520e-02
5.625699e-01
1.743672e+00
8.770882e-02
-8.191521e-01
0.000000e+00
5.735765e-01
5.625699e-01
1.743672e+00
8.770882e-02
5.595704e-01
5.821618e-01
8.342520e-02
5.609766e-01
5.807557e-01
8.563249e-02
-7.844105e-01
0.000000e+00
6.202420e-01
5.625699e-01
1.743672e+00
8.770882e-02
5.609766e-01
5.807557e-01
8.563249e-02
5.625699e-01
5.791625e-01
8.770882e-02
-9.063078e-01
0.000000e+00
4.226183e-01
5.583619e-01
5.833703e-01
8.110374e-02
5.595704e-01
1.740673e+00
8.342520e-02
5.573604e-01
5.843719e-01
7.868581e-02
-9.063078e-01
0.000000e+00
4.226183e-01
5.573604e-01
5.843719e-01
7.868581e-02
5.595704e-01
1.740673e+00
8.342520e-02
5.583619e-01
1.739464e+00
8.110374e-02
-9.293506e-01
0.000000e+00
3.691985e-01
5.573604e-01
5.843719e-01
7.868581e-02
5.583619e-01
1.739464e+00
8.110374e-02
5.573604e-01
1.738463e+00
7.868581e-02
-9.659258e-01
0.000000e+00
2.588190e-01
5.565734e-01
5.851589e-01
7.618977e-02
5.573604e-01
1.738463e+00
7.868581e-02
5.560070e-01
5.857254e-01
7.363465e-02
-9.659258e-01
0.000000e+00
2.588190e-01
5.560070e-01
5.857254e-01
7.363465e-02
5.573604e-01
1.738463e+00
7.868581e-02
5.565734e-01
1.737676e+00
7.618977e-02
-9.793423e-01
0.000000e+00
2.022095e-01
5.560070e-01
5.857254e-01
7.363465e-02
5.565734e-01
1.737676e+00
7.618977e-02
5.560070e-01
1.737109e+00
7.363465e-02
-9.995772e-01
0.000000e+00
2.907651e-02
5.556653e-01
1.736768e+00
7.103987e-02
5.555512e-01
1.736653e+00
6.842519e-02
5.555512e-01
5.861811e-01
6.842519e-02
-9.961947e-01
0.000000e+00
8.715575e-02
5.556653e-01
1.736768e+00
7.103987e-02
5.555512e-01
5.861811e-01
6.842519e-02
5.560070e-01
1.737109e+00
7.363465e-02
-9.961947e-01
0.000000e+00
8.715575e-02
5.560070e-01
1.737109e+00
7.363465e-02
5.555512e-01
5.861811e-01
6.842519e-02
5.556653e-01
5.860670e-01
7.103987e-02
-9.894404e-01
0.000000e+00
1.449400e-01
5.560070e-01
1.737109e+00
7.363465e-02
5.556653e-01
5.860670e-01
7.103987e-02
5.560070e-01
5.857254e-01
7.363465e-02
9.326514e-01
3.596052e-01
2.907651e-02
4.090866e-01
5.860670e-01
7.103987e-02
4.091649e-01
5.861811e-01
6.842519e-02
1.873693e-01
1.161417e+00
6.842519e-02
9.300622e-01
3.586068e-01
7.990909e-02
1.874336e-01
1.161072e+00
7.038729e-02
1.874835e-01
1.160804e+00
7.103987e-02
4.090866e-01
5.860670e-01
7.103987e-02
9.324294e-01
3.595196e-01
3.634853e-02
1.873693e-01
1.161417e+00
6.842519e-02
1.873765e-01
1.161379e+00
6.907964e-02
4.090866e-01
5.860670e-01
7.103987e-02
9.318373e-01
3.592913e-01
5.088217e-02
4.090866e-01
5.860670e-01
7.103987e-02
1.873765e-01
1.161379e+00
6.907964e-02
1.873979e-01
1.161264e+00
6.973378e-02
9.310482e-01
3.589871e-01
6.540313e-02
4.090866e-01
5.860670e-01
7.103987e-02
1.873979e-01
1.161264e+00
6.973378e-02
1.874336e-01
1.161072e+00
7.038729e-02
9.288794e-01
3.581508e-01
9.439779e-02
1.874835e-01
1.160804e+00
7.103987e-02
1.875477e-01
1.160459e+00
7.169121e-02
4.090866e-01
5.860670e-01
7.103987e-02
9.275002e-01
3.576190e-01
1.088669e-01
4.090866e-01
5.860670e-01
7.103987e-02
1.875477e-01
1.160459e+00
7.169121e-02
1.876260e-01
1.160038e+00
7.234098e-02
9.250636e-01
3.566795e-01
1.305262e-01
4.090866e-01
5.860670e-01
7.103987e-02
1.876260e-01
1.160038e+00
7.234098e-02
4.088522e-01
5.857254e-01
7.363465e-02
9.211299e-01
3.551628e-01
1.593079e-01
4.088522e-01
5.857254e-01
7.363465e-02
1.876260e-01
1.160038e+00
7.234098e-02
1.878251e-01
1.158968e+00
7.363465e-02
9.137713e-01
3.523256e-01
2.022095e-01
4.088522e-01
5.857254e-01
7.363465e-02
1.878251e-01
1.158968e+00
7.363465e-02
4.084634e-01
5.851589e-01
7.618977e-02
9.109290e-01
3.512296e-01
2.164396e-01
1.878251e-01
1.158968e+00
7.363465e-02
1.880804e-01
1.157596e+00
7.491838e-02
4.084634e-01
5.851589e-01
7.618977e-02
9.046698e-01
3.488162e-01
2.447443e-01
4.084634e-01
5.851589e-01
7.618977e-02
1.880804e-01
1.157596e+00
7.491838e-02
1.883916e-01
1.155925e+00
7.618977e-02
8.938504e-01
3.446445e-01
2.867954e-01
4.084634e-01
5.851589e-01
7.618977e-02
1.883916e-01
1.155925e+00
7.618977e-02
4.079234e-01
5.843719e-01
7.868581e-02
8.856845e-01
3.414961e-01
3.145526e-01
4.079234e-01
5.843719e-01
7.868581e-02
1.883916e-01
1.155925e+00
7.618977e-02
1.891785e-01
1.151696e+00
7.868581e-02
8.671267e-01
3.343407e-01
3.691985e-01
4.079234e-01
5.843719e-01
7.868581e-02
1.891785e-01
1.151696e+00
7.868581e-02
4.072362e-01
5.833703e-01
8.110374e-02
8.456268e-01
3.260508e-01
4.226182e-01
4.072362e-01
5.833703e-01
8.110374e-02
1.891785e-01
1.151696e+00
7.868581e-02
4.064070e-01
5.821618e-01
8.342520e-02
8.337727e-01
3.214802e-01
4.488580e-01
4.064070e-01
5.821618e-01
8.342520e-02
1.891785e-01
1.151696e+00
7.868581e-02
1.913886e-01
1.139821e+00
8.342520e-02
7.941350e-01
3.061970e-01
5.249696e-01
4.064070e-01
5.821618e-01
8.342520e-02
1.913886e-01
1.139821e+00
8.342520e-02
4.054420e-01
5.807557e-01
8.563249e-02
7.643064e-01
2.946959e-01
5.735765e-01
4.054420e-01
5.807557e-01
8.563249e-02
1.913886e-01
1.139821e+00
8.342520e-02
1.943880e-01
1.123705e+00
8.770882e-02
7.318910e-01
2.821974e-01
6.202419e-01
4.054420e-01
5.807557e-01
8.563249e-02
1.943880e-01
1.123705e+00
8.770882e-02
4.043488e-01
5.791625e-01
8.770882e-02
6.787152e-01
2.616942e-01
6.861938e-01
4.043488e-01
5.791625e-01
8.770882e-02
1.943880e-01
1.123705e+00
8.770882e-02
1.980857e-01
1.103836e+00
9.140653e-02
6.402503e-01
2.468632e-01
7.274188e-01
4.043488e-01
5.791625e-01
8.770882e-02
1.980857e-01
1.103836e+00
9.140653e-02
4.018115e-01
5.754647e-01
9.140653e-02
5.572256e-01
2.148512e-01
8.020839e-01
4.018115e-01
5.754647e-01
9.140653e-02
1.980857e-01
1.103836e+00
9.140653e-02
2.023693e-01
1.080819e+00
9.440596e-02
5.126658e-01
1.976701e-01
8.355240e-01
4.018115e-01
5.754647e-01
9.140653e-02
2.023693e-01
1.080819e+00
9.440596e-02
3.988721e-01
5.711811e-01
9.440596e-02
4.188051e-01
1.614799e-01
8.936031e-01
3.988721e-01
5.711811e-01
9.440596e-02
2.023693e-01
1.080819e+00
9.440596e-02
2.071087e-01
1.055354e+00
9.661597e-02
3.695043e-01
1.424709e-01
9.182422e-01
3.988721e-01
5.711811e-01
9.440596e-02
2.071087e-01
1.055354e+00
9.661597e-02
3.956200e-01
5.664417e-01
9.661597e-02
2.676594e-01
1.032022e-01
9.579706e-01
3.956200e-01
5.664417e-01
9.661597e-02
2.071087e-01
1.055354e+00
9.661597e-02
2.121599e-01
1.028213e+00
9.796944e-02
2.151155e-01
8.294272e-02
9.730600e-01
3.956200e-01
5.664417e-01
9.661597e-02
2.121599e-01
1.028213e+00
9.796944e-02
3.921540e-01
5.613905e-01
9.796944e-02
1.083810e-01
4.178879e-02
9.932307e-01
3.921540e-01
5.613905e-01
9.796944e-02
2.121599e-01
1.028213e+00
9.796944e-02
2.173693e-01
1.000221e+00
9.842519e-02
5.419050e-02
2.089439e-02
9.983119e-01
3.921540e-01
5.613905e-01
9.796944e-02
2.173693e-01
1.000221e+00
9.842519e-02
3.885793e-01
5.561811e-01
9.842519e-02
0.000000e+00
8.354833e-01
5.495159e-01
4.064070e-01
5.821618e-01
8.342520e-02
4.054420e-01
5.807557e-01
8.563249e-02
5.609766e-01
5.807557e-01
8.563249e-02
0.000000e+00
8.021281e-01
5.971520e-01
5.609766e-01
5.807557e-01
8.563249e-02
4.054420e-01
5.807557e-01
8.563249e-02
4.043488e-01
5.791625e-01
8.770882e-02
0.000000e+00
7.844105e-01
6.202420e-01
5.609766e-01
5.807557e-01
8.563249e-02
4.043488e-01
5.791625e-01
8.770882e-02
5.625699e-01
5.791625e-01
8.770882e-02
0.000000e+00
7.274188e-01
6.861938e-01
5.625699e-01
5.791625e-01
8.770882e-02
4.043488e-01
5.791625e-01
8.770882e-02
4.018115e-01
5.754647e-01
9.140653e-02
0.000000e+00
6.861938e-01
7.274188e-01
5.625699e-01
5.791625e-01
8.770882e-02
4.018115e-01
5.754647e-01
9.140653e-02
5.662675e-01
5.754647e-01
9.140653e-02
0.000000e+00
5.972114e-01
8.020838e-01
5.662675e-01
5.754647e-01
9.140653e-02
4.018115e-01
5.754647e-01
9.140653e-02
3.988721e-01
5.711811e-01
9.440596e-02
0.000000e+00
5.494540e-01
8.355240e-01
5.662675e-01
5.754647e-01
9.140653e-02
3.988721e-01
5.711811e-01
9.440596e-02
5.705512e-01
5.711811e-01
9.440596e-02
0.000000e+00
4.488580e-01
8.936031e-01
5.705512e-01
5.711811e-01
9.440596e-02
3.988721e-01
5.711811e-01
9.440596e-02
3.956200e-01
5.664417e-01
9.661597e-02
0.000000e+00
3.960194e-01
9.182422e-01
5.705512e-01
5.711811e-01
9.440596e-02
3.956200e-01
5.664417e-01
9.661597e-02
5.752906e-01
5.664417e-01
9.661597e-02
0.000000e+00
2.868663e-01
9.579706e-01
5.752906e-01
5.664417e-01
9.661597e-02
3.956200e-01
5.664417e-01
9.661597e-02
3.921540e-01
5.613905e-01
9.796944e-02
0.000000e+00
2.305519e-01
9.730600e-01
5.752906e-01
5.664417e-01
9.661597e-02
3.921540e-01
5.613905e-01
9.796944e-02
5.803418e-01
5.613905e-01
9.796944e-02
0.000000e+00
1.161583e-01
9.932307e-01
5.803418e-01
5.613905e-01
9.796944e-02
3.921540e-01
5.613905e-01
9.796944e-02
3.885793e-01
5.561811e-01
9.842519e-02
0.000000e+00
5.807913e-02
9.983119e-01
5.803418e-01
5.613905e-01
9.796944e-02
3.885793e-01
5.561811e-01
9.842519e-02
5.855512e-01
5.561811e-01
9.842519e-02
0.000000e+00
8.511210e-01
5.249696e-01
5.609766e-01
5.807557e-01
8.563249e-02
5.595704e-01
5.821618e-01
8.342520e-02
4.064070e-01
5.821618e-01
8.342520e-02
0.000000e+00
8.801975e-01
4.746076e-01
4.064070e-01
5.821618e-01
8.342520e-02
5.595704e-01
5.821618e-01
8.342520e-02
5.583619e-01
5.833703e-01
8.110374e-02
0.000000e+00
8.936363e-01
4.487919e-01
4.064070e-01
5.821618e-01
8.342520e-02
5.583619e-01
5.833703e-01
8.110374e-02
4.072362e-01
5.833703e-01
8.110374e-02
0.000000e+00
9.182128e-01
3.960873e-01
4.072362e-01
5.833703e-01
8.110374e-02
5.583619e-01
5.833703e-01
8.110374e-02
4.079234e-01
5.843719e-01
7.868581e-02
0.000000e+00
9.293506e-01
3.691985e-01
5.583619e-01
5.833703e-01
8.110374e-02
5.573604e-01
5.843719e-01
7.868581e-02
4.079234e-01
5.843719e-01
7.868581e-02
0.000000e+00
9.492401e-01
3.145525e-01
4.079234e-01
5.843719e-01
7.868581e-02
5.573604e-01
5.843719e-01
7.868581e-02
5.565734e-01
5.851589e-01
7.618977e-02
0.000000e+00
9.579919e-01
2.867954e-01
4.079234e-01
5.843719e-01
7.868581e-02
5.565734e-01
5.851589e-01
7.618977e-02
4.084634e-01
5.851589e-01
7.618977e-02
0.000000e+00
9.730430e-01
2.306239e-01
4.084634e-01
5.851589e-01
7.618977e-02
5.565734e-01
5.851589e-01
7.618977e-02
4.088522e-01
5.857254e-01
7.363465e-02
0.000000e+00
9.995772e-01
2.907651e-02
5.556653e-01
5.860670e-01
7.103987e-02
5.555512e-01
5.861811e-01
6.842519e-02
4.091649e-01
5.861811e-01
6.842519e-02
0.000000e+00
9.793423e-01
2.022095e-01
5.565734e-01
5.851589e-01
7.618977e-02
5.560070e-01
5.857254e-01
7.363465e-02
4.088522e-01
5.857254e-01
7.363465e-02
0.000000e+00
9.894404e-01
1.449400e-01
4.088522e-01
5.857254e-01
7.363465e-02
5.560070e-01
5.857254e-01
7.363465e-02
5.556653e-01
5.860670e-01
7.103987e-02
0.000000e+00
9.932393e-01
1.160848e-01
4.088522e-01
5.857254e-01
7.363465e-02
5.556653e-01
5.860670e-01
7.103987e-02
4.090866e-01
5.860670e-01
7.103987e-02
0.000000e+00
9.983077e-01
5.815303e-02
4.090866e-01
5.860670e-01
7.103987e-02
5.556653e-01
5.860670e-01
7.103987e-02
4.091649e-01
5.861811e-01
6.842519e-02
