-1.000000e+00
0.000000e+00
0.000000e+00
0.000000e+00
0.000000e+00
9.842519e-02
0.000000e+00
1.771654e+00
9.842519e-02
0.000000e+00
0.000000e+00
0.000000e+00
-1.000000e+00
0.000000e+00
0.000000e+00
0.000000e+00
0.000000e+00
0.000000e+00
0.000000e+00
1.771654e+00
9.842519e-02
0.000000e+00
1.771654e+00
0.000000e+00
0.000000e+00
-1.000000e+00
0.000000e+00
5.905512e-01
0.000000e+00
9.842519e-02
0.000000e+00
0.000000e+00
9.842519e-02
5.905512e-01
0.000000e+00
0.000000e+00
0.000000e+00
-1.000000e+00
0.000000e+00
5.905512e-01
0.000000e+00
0.000000e+00
0.000000e+00
0.000000e+00
9.842519e-02
0.000000e+00
0.000000e+00
0.000000e+00
1.000000e+00
0.000000e+00
0.000000e+00
5.905512e-01
1.771654e+00
9.842519e-02
5.905512e-01
0.000000e+00
9.842519e-02
5.905512e-01
1.771654e+00
0.000000e+00
1.000000e+00
0.000000e+00
0.000000e+00
5.905512e-01
1.771654e+00
0.000000e+00
5.905512e-01
0.000000e+00
9.842519e-02
5.905512e-01
0.000000e+00
0.000000e+00
0.000000e+00
1.000000e+00
0.000000e+00
0.000000e+00
1.771654e+00
9.842519e-02
5.905512e-01
1.771654e+00
9.842519e-02
0.000000e+00
1.771654e+00
0.000000e+00
0.000000e+00
1.000000e+00
0.000000e+00
0.000000e+00
1.771654e+00
0.000000e+00
5.905512e-01
1.771654e+00
9.842519e-02
5.905512e-01
1.771654e+00
0.000000e+00
0.000000e+00
0.000000e+00
1.000000e+00
3.761221e-01
6.075525e-01
9.842519e-02
3.550177e-01
5.964399e-01
9.842519e-02
5.905512e-01
0.000000e+00
9.842519e-02
0.000000e+00
0.000000e+00
1.000000e+00
3.550177e-01
5.964399e-01
9.842519e-02
3.361793e-01
5.897393e-01
9.842519e-02
5.905512e-01
0.000000e+00
9.842519e-02
0.000000e+00
0.000000e+00
1.000000e+00
5.905512e-01
0.000000e+00
9.842519e-02
3.361793e-01
5.897393e-01
9.842519e-02
3.174175e-01
5.861811e-01
9.842519e-02
0.000000e+00
0.000000e+00
1.000000e+00
5.905512e-01
0.000000e+00
9.842519e-02
3.174175e-01
5.861811e-01
9.842519e-02
0.000000e+00
0.000000e+00
9.842519e-02
0.000000e+00
0.000000e+00
1.000000e+00
0.000000e+00
0.000000e+00
9.842519e-02
3.174175e-01
5.861811e-01
9.842519e-02
2.952756e-01
5.861811e-01
9.842519e-02
0.000000e+00
0.000000e+00
1.000000e+00
3.183481e-01
1.735146e+00
9.842519e-02
3.409196e-01
1.729702e+00
9.842519e-02
5.905512e-01
1.771654e+00
9.842519e-02
0.000000e+00
0.000000e+00
1.000000e+00
5.905512e-01
1.771654e+00
9.842519e-02
3.409196e-01
1.729702e+00
9.842519e-02
3.676551e-01
1.718761e+00
9.842519e-02
0.000000e+00
0.000000e+00
1.000000e+00
4.535393e-01
6.811448e-01
9.842519e-02
4.258269e-01
6.486450e-01
9.842519e-02
5.905512e-01
0.000000e+00
9.842519e-02
0.000000e+00
0.000000e+00
1.000000e+00
5.905512e-01
0.000000e+00
9.842519e-02
4.258269e-01
6.486450e-01
9.842519e-02
4.003384e-01
6.249326e-01
9.842519e-02
0.000000e+00
0.000000e+00
1.000000e+00
5.905512e-01
0.000000e+00
9.842519e-02
4.003384e-01
6.249326e-01
9.842519e-02
3.761221e-01
6.075525e-01
9.842519e-02
0.000000e+00
0.000000e+00
1.000000e+00
2.952756e-01
5.861811e-01
9.842519e-02
2.818787e-01
5.884808e-01
9.842519e-02
0.000000e+00
0.000000e+00
9.842519e-02
0.000000e+00
0.000000e+00
1.000000e+00
0.000000e+00
0.000000e+00
9.842519e-02
2.818787e-01
5.884808e-01
9.842519e-02
2.633817e-01
5.943571e-01
9.842519e-02
0.000000e+00
0.000000e+00
1.000000e+00
0.000000e+00
0.000000e+00
9.842519e-02
2.633817e-01
5.943571e-01
9.842519e-02
2.400499e-01
6.058961e-01
9.842519e-02
0.000000e+00
0.000000e+00
1.000000e+00
5.384673e-01
8.520818e-01
9.842519e-02
5.230483e-01
8.059800e-01
9.842519e-02
5.905512e-01
0.000000e+00
9.842519e-02
0.000000e+00
0.000000e+00
1.000000e+00
1.943524e-01
1.687083e+00
9.842519e-02
2.181815e-01
1.707246e+00
9.842519e-02
0.000000e+00
1.771654e+00
9.842519e-02
0.000000e+00
0.000000e+00
1.000000e+00
0.000000e+00
1.771654e+00
9.842519e-02
2.181815e-01
1.707246e+00
9.842519e-02
2.393509e-01
1.720698e+00
9.842519e-02
0.000000e+00
0.000000e+00
1.000000e+00
0.000000e+00
1.771654e+00
9.842519e-02
2.393509e-01
1.720698e+00
9.842519e-02
2.586215e-01
1.729384e+00
9.842519e-02
0.000000e+00
0.000000e+00
1.000000e+00
2.586215e-01
1.729384e+00
9.842519e-02
2.768061e-01
1.734504e+00
9.842519e-02
0.000000e+00
1.771654e+00
9.842519e-02
0.000000e+00
0.000000e+00
1.000000e+00
0.000000e+00
1.771654e+00
9.842519e-02
2.768061e-01
1.734504e+00
9.842519e-02
2.952756e-01
1.736653e+00
9.842519e-02
0.000000e+00
0.000000e+00
1.000000e+00
0.000000e+00
1.771654e+00
9.842519e-02
2.952756e-01
1.736653e+00
9.842519e-02
5.905512e-01
1.771654e+00
9.842519e-02
0.000000e+00
0.000000e+00
1.000000e+00
5.905512e-01
1.771654e+00
9.842519e-02
2.952756e-01
1.736653e+00
9.842519e-02
3.027298e-01
1.736653e+00
9.842519e-02
0.000000e+00
0.000000e+00
1.000000e+00
5.905512e-01
1.771654e+00
9.842519e-02
3.027298e-01
1.736653e+00
9.842519e-02
3.183481e-01
1.735146e+00
9.842519e-02
0.000000e+00
0.000000e+00
1.000000e+00
5.384673e-01
8.520818e-01
9.842519e-02
5.905512e-01
0.000000e+00
9.842519e-02
5.488586e-01
8.972246e-01
9.842519e-02
0.000000e+00
0.000000e+00
1.000000e+00
3.676551e-01
1.718761e+00
9.842519e-02
3.959961e-01
1.702219e+00
9.842519e-02
5.905512e-01
1.771654e+00
9.842519e-02
0.000000e+00
0.000000e+00
1.000000e+00
5.905512e-01
1.771654e+00
9.842519e-02
3.959961e-01
1.702219e+00
9.842519e-02
4.250158e-01
1.680026e+00
9.842519e-02
0.000000e+00
0.000000e+00
1.000000e+00
5.905512e-01
1.771654e+00
9.842519e-02
4.250158e-01
1.680026e+00
9.842519e-02
4.504850e-01
1.655717e+00
9.842519e-02
0.000000e+00
0.000000e+00
1.000000e+00
4.504850e-01
1.655717e+00
9.842519e-02
4.776977e-01
1.623319e+00
9.842519e-02
5.905512e-01
1.771654e+00
9.842519e-02
0.000000e+00
0.000000e+00
1.000000e+00
5.905512e-01
1.771654e+00
9.842519e-02
4.776977e-01
1.623319e+00
9.842519e-02
5.009006e-01
1.587530e+00
9.842519e-02
0.000000e+00
0.000000e+00
1.000000e+00
5.905512e-01
1.771654e+00
9.842519e-02
5.009006e-01
1.587530e+00
9.842519e-02
5.182180e-01
1.552324e+00
9.842519e-02
0.000000e+00
0.000000e+00
1.000000e+00
5.230483e-01
8.059800e-01
9.842519e-02
5.026362e-01
7.602347e-01
9.842519e-02
5.905512e-01
0.000000e+00
9.842519e-02
0.000000e+00
0.000000e+00
1.000000e+00
5.905512e-01
0.000000e+00
9.842519e-02
5.026362e-01
7.602347e-01
9.842519e-02
4.788905e-01
7.179163e-01
9.842519e-02
0.000000e+00
0.000000e+00
1.000000e+00
5.905512e-01
0.000000e+00
9.842519e-02
4.788905e-01
7.179163e-01
9.842519e-02
4.535393e-01
6.811448e-01
9.842519e-02
0.000000e+00
0.000000e+00
1.000000e+00
5.182180e-01
1.552324e+00
9.842519e-02
5.322552e-01
1.513780e+00
9.842519e-02
5.905512e-01
1.771654e+00
9.842519e-02
0.000000e+00
0.000000e+00
1.000000e+00
5.905512e-01
1.771654e+00
9.842519e-02
5.322552e-01
1.513780e+00
9.842519e-02
5.427335e-01
1.472826e+00
9.842519e-02
0.000000e+00
0.000000e+00
1.000000e+00
5.905512e-01
1.771654e+00
9.842519e-02
5.427335e-01
1.472826e+00
9.842519e-02
5.505335e-01
1.424891e+00
9.842519e-02
0.000000e+00
0.000000e+00
1.000000e+00
2.400499e-01
6.058961e-01
9.842519e-02
2.141374e-01
6.237364e-01
9.842519e-02
0.000000e+00
0.000000e+00
9.842519e-02
0.000000e+00
0.000000e+00
1.000000e+00
0.000000e+00
0.000000e+00
9.842519e-02
2.141374e-01
6.237364e-01
9.842519e-02
1.867646e-01
6.481025e-01
9.842519e-02
0.000000e+00
0.000000e+00
1.000000e+00
0.000000e+00
0.000000e+00
9.842519e-02
1.867646e-01
6.481025e-01
9.842519e-02
1.565206e-01
6.817876e-01
9.842519e-02
0.000000e+00
0.000000e+00
1.000000e+00
1.197421e-01
1.585411e+00
9.842519e-02
1.436312e-01
1.625061e+00
9.842519e-02
0.000000e+00
1.771654e+00
9.842519e-02
0.000000e+00
0.000000e+00
1.000000e+00
0.000000e+00
1.771654e+00
9.842519e-02
1.436312e-01
1.625061e+00
9.842519e-02
1.701300e-01
1.660882e+00
9.842519e-02
0.000000e+00
0.000000e+00
1.000000e+00
0.000000e+00
1.771654e+00
9.842519e-02
1.701300e-01
1.660882e+00
9.842519e-02
1.943524e-01
1.687083e+00
9.842519e-02
0.000000e+00
0.000000e+00
1.000000e+00
5.505335e-01
1.424891e+00
9.842519e-02
5.551336e-01
1.369920e+00
9.842519e-02
5.905512e-01
1.771654e+00
9.842519e-02
0.000000e+00
0.000000e+00
1.000000e+00
5.905512e-01
1.771654e+00
9.842519e-02
5.551336e-01
1.369920e+00
9.842519e-02
5.566528e-01
1.298894e+00
9.842519e-02
0.000000e+00
0.000000e+00
1.000000e+00
5.905512e-01
1.771654e+00
9.842519e-02
5.566528e-01
1.298894e+00
9.842519e-02
5.554667e-01
1.175468e+00
9.842519e-02
0.000000e+00
0.000000e+00
1.000000e+00
5.554667e-01
1.175468e+00
9.842519e-02
5.579966e-01
1.068118e+00
9.842519e-02
5.905512e-01
1.771654e+00
9.842519e-02
0.000000e+00
0.000000e+00
1.000000e+00
5.905512e-01
1.771654e+00
9.842519e-02
5.579966e-01
1.068118e+00
9.842519e-02
5.583649e-01
9.947948e-01
9.842519e-02
0.000000e+00
0.000000e+00
1.000000e+00
5.905512e-01
1.771654e+00
9.842519e-02
5.583649e-01
9.947948e-01
9.842519e-02
5.905512e-01
0.000000e+00
9.842519e-02
0.000000e+00
0.000000e+00
1.000000e+00
5.905512e-01
0.000000e+00
9.842519e-02
5.583649e-01
9.947948e-01
9.842519e-02
5.553445e-01
9.441647e-01
9.842519e-02
0.000000e+00
0.000000e+00
1.000000e+00
5.905512e-01
0.000000e+00
9.842519e-02
5.553445e-01
9.441647e-01
9.842519e-02
5.488586e-01
8.972246e-01
9.842519e-02
0.000000e+00
0.000000e+00
1.000000e+00
1.565206e-01
6.817876e-01
9.842519e-02
1.273372e-01
7.221704e-01
9.842519e-02
0.000000e+00
0.000000e+00
9.842519e-02
0.000000e+00
0.000000e+00
1.000000e+00
0.000000e+00
0.000000e+00
9.842519e-02
1.273372e-01
7.221704e-01
9.842519e-02
1.021912e-01
7.660934e-01
9.842519e-02
0.000000e+00
0.000000e+00
1.000000e+00
0.000000e+00
0.000000e+00
9.842519e-02
1.021912e-01
7.660934e-01
9.842519e-02
8.308973e-02
8.087981e-01
9.842519e-02
0.000000e+00
0.000000e+00
1.000000e+00
3.862445e-02
1.295829e+00
9.842519e-02
4.473537e-02
1.354323e+00
9.842519e-02
0.000000e+00
1.771654e+00
9.842519e-02
0.000000e+00
0.000000e+00
1.000000e+00
0.000000e+00
1.771654e+00
9.842519e-02
4.473537e-02
1.354323e+00
9.842519e-02
5.432438e-02
1.408844e+00
9.842519e-02
0.000000e+00
0.000000e+00
1.000000e+00
0.000000e+00
1.771654e+00
9.842519e-02
5.432438e-02
1.408844e+00
9.842519e-02
6.802817e-02
1.461927e+00
9.842519e-02
0.000000e+00
0.000000e+00
1.000000e+00
6.802817e-02
1.461927e+00
9.842519e-02
7.738004e-02
1.490436e+00
9.842519e-02
0.000000e+00
1.771654e+00
9.842519e-02
0.000000e+00
0.000000e+00
1.000000e+00
0.000000e+00
1.771654e+00
9.842519e-02
7.738004e-02
1.490436e+00
9.842519e-02
9.715864e-02
1.539853e+00
9.842519e-02
0.000000e+00
0.000000e+00
1.000000e+00
0.000000e+00
1.771654e+00
9.842519e-02
9.715864e-02
1.539853e+00
9.842519e-02
1.197421e-01
1.585411e+00
9.842519e-02
0.000000e+00
0.000000e+00
1.000000e+00
8.308973e-02
8.087981e-01
9.842519e-02
6.622864e-02
8.585348e-01
9.842519e-02
0.000000e+00
0.000000e+00
9.842519e-02
0.000000e+00
0.000000e+00
1.000000e+00
0.000000e+00
0.000000e+00
9.842519e-02
6.622864e-02
8.585348e-01
9.842519e-02
5.382001e-02
9.094329e-01
9.842519e-02
0.000000e+00
0.000000e+00
1.000000e+00
0.000000e+00
0.000000e+00
9.842519e-02
5.382001e-02
9.094329e-01
9.842519e-02
4.458557e-02
9.659130e-01
9.842519e-02
0.000000e+00
0.000000e+00
1.000000e+00
4.458557e-02
9.659130e-01
9.842519e-02
3.852406e-02
1.029737e+00
9.842519e-02
0.000000e+00
0.000000e+00
9.842519e-02
0.000000e+00
0.000000e+00
1.000000e+00
0.000000e+00
0.000000e+00
9.842519e-02
3.852406e-02
1.029737e+00
9.842519e-02
3.558181e-02
1.101434e+00
9.842519e-02
0.000000e+00
0.000000e+00
1.000000e+00
0.000000e+00
0.000000e+00
9.842519e-02
3.558181e-02
1.101434e+00
9.842519e-02
0.000000e+00
1.771654e+00
9.842519e-02
0.000000e+00
0.000000e+00
1.000000e+00
0.000000e+00
1.771654e+00
9.842519e-02
3.558181e-02
1.101434e+00
9.842519e-02
3.534409e-02
1.218169e+00
9.842519e-02
0.000000e+00
0.000000e+00
1.000000e+00
0.000000e+00
1.771654e+00
9.842519e-02
3.534409e-02
1.218169e+00
9.842519e-02
3.862445e-02
1.295829e+00
9.842519e-02
0.000000e+00
0.000000e+00
-1.000000e+00
2.400499e-01
6.058961e-01
0.000000e+00
2.633817e-01
5.943571e-01
0.000000e+00
0.000000e+00
0.000000e+00
0.000000e+00
0.000000e+00
0.000000e+00
-1.000000e+00
2.633817e-01
5.943571e-01
0.000000e+00
2.818787e-01
5.884808e-01
0.000000e+00
0.000000e+00
0.000000e+00
0.000000e+00
0.000000e+00
0.000000e+00
-1.000000e+00
0.000000e+00
0.000000e+00
0.000000e+00
2.818787e-01
5.884808e-01
0.000000e+00
2.952756e-01
5.861811e-01
0.000000e+00
0.000000e+00
0.000000e+00
-1.000000e+00
0.000000e+00
0.000000e+00
0.000000e+00
2.952756e-01
5.861811e-01
0.000000e+00
5.905512e-01
0.000000e+00
0.000000e+00
0.000000e+00
0.000000e+00
-1.000000e+00
2.952756e-01
5.861811e-01
0.000000e+00
3.174175e-01
5.861811e-01
0.000000e+00
5.905512e-01
0.000000e+00
0.000000e+00
0.000000e+00
0.000000e+00
-1.000000e+00
5.905512e-01
0.000000e+00
0.000000e+00
3.174175e-01
5.861811e-01
0.000000e+00
3.361793e-01
5.897393e-01
0.000000e+00
0.000000e+00
0.000000e+00
-1.000000e+00
5.905512e-01
0.000000e+00
0.000000e+00
3.361793e-01
5.897393e-01
0.000000e+00
3.550177e-01
5.964399e-01
0.000000e+00
0.000000e+00
0.000000e+00
-1.000000e+00
3.676551e-01
1.718761e+00
0.000000e+00
3.409196e-01
1.729702e+00
0.000000e+00
5.905512e-01
1.771654e+00
0.000000e+00
0.000000e+00
0.000000e+00
-1.000000e+00
5.905512e-01
1.771654e+00
0.000000e+00
3.409196e-01
1.729702e+00
0.000000e+00
3.183481e-01
1.735146e+00
0.000000e+00
0.000000e+00
0.000000e+00
-1.000000e+00
1.565206e-01
6.817876e-01
0.000000e+00
1.867646e-01
6.481025e-01
0.000000e+00
0.000000e+00
0.000000e+00
0.000000e+00
0.000000e+00
0.000000e+00
-1.000000e+00
0.000000e+00
0.000000e+00
0.000000e+00
1.867646e-01
6.481025e-01
0.000000e+00
2.141374e-01
6.237364e-01
0.000000e+00
0.000000e+00
0.000000e+00
-1.000000e+00
0.000000e+00
0.000000e+00
0.000000e+00
2.141374e-01
6.237364e-01
0.000000e+00
2.400499e-01
6.058961e-01
0.000000e+00
0.000000e+00
0.000000e+00
-1.000000e+00
2.586215e-01
1.729384e+00
0.000000e+00
2.393509e-01
1.720698e+00
0.000000e+00
0.000000e+00
1.771654e+00
0.000000e+00
0.000000e+00
0.000000e+00
-1.000000e+00
0.000000e+00
1.771654e+00
0.000000e+00
2.393509e-01
1.720698e+00
0.000000e+00
2.181815e-01
1.707246e+00
0.000000e+00
0.000000e+00
0.000000e+00
-1.000000e+00
0.000000e+00
1.771654e+00
0.000000e+00
2.181815e-01
1.707246e+00
0.000000e+00
1.943524e-01
1.687083e+00
0.000000e+00
0.000000e+00
0.000000e+00
-1.000000e+00
3.183481e-01
1.735146e+00
0.000000e+00
3.027298e-01
1.736653e+00
0.000000e+00
5.905512e-01
1.771654e+00
0.000000e+00
0.000000e+00
0.000000e+00
-1.000000e+00
5.905512e-01
1.771654e+00
0.000000e+00
3.027298e-01
1.736653e+00
0.000000e+00
2.952756e-01
1.736653e+00
0.000000e+00
0.000000e+00
0.000000e+00
-1.000000e+00
5.905512e-01
1.771654e+00
0.000000e+00
2.952756e-01
1.736653e+00
0.000000e+00
0.000000e+00
1.771654e+00
0.000000e+00
0.000000e+00
0.000000e+00
-1.000000e+00
0.000000e+00
1.771654e+00
0.000000e+00
2.952756e-01
1.736653e+00
0.000000e+00
2.768061e-01
1.734504e+00
0.000000e+00
0.000000e+00
0.000000e+00
-1.000000e+00
0.000000e+00
1.771654e+00
0.000000e+00
2.768061e-01
1.734504e+00
0.000000e+00
2.586215e-01
1.729384e+00
0.000000e+00
0.000000e+00
0.000000e+00
-1.000000e+00
8.308973e-02
8.087981e-01
0.000000e+00
1.021912e-01
7.660934e-01
0.000000e+00
0.000000e+00
0.000000e+00
0.000000e+00
0.000000e+00
0.000000e+00
-1.000000e+00
0.000000e+00
0.000000e+00
0.000000e+00
1.021912e-01
7.660934e-01
0.000000e+00
1.273372e-01
7.221704e-01
0.000000e+00
0.000000e+00
0.000000e+00
-1.000000e+00
0.000000e+00
0.000000e+00
0.000000e+00
1.273372e-01
7.221704e-01
0.000000e+00
1.565206e-01
6.817876e-01
0.000000e+00
0.000000e+00
0.000000e+00
-1.000000e+00
1.943524e-01
1.687083e+00
0.000000e+00
1.701300e-01
1.660882e+00
0.000000e+00
0.000000e+00
1.771654e+00
0.000000e+00
0.000000e+00
0.000000e+00
-1.000000e+00
0.000000e+00
1.771654e+00
0.000000e+00
1.701300e-01
1.660882e+00
0.000000e+00
1.436312e-01
1.625061e+00
0.000000e+00
0.000000e+00
0.000000e+00
-1.000000e+00
0.000000e+00
1.771654e+00
0.000000e+00
1.436312e-01
1.625061e+00
0.000000e+00
1.197421e-01
1.585411e+00
0.000000e+00
0.000000e+00
0.000000e+00
-1.000000e+00
5.009006e-01
1.587530e+00
0.000000e+00
4.776977e-01
1.623319e+00
0.000000e+00
5.905512e-01
1.771654e+00
0.000000e+00
0.000000e+00
0.000000e+00
-1.000000e+00
5.905512e-01
1.771654e+00
0.000000e+00
4.776977e-01
1.623319e+00
0.000000e+00
4.504850e-01
1.655717e+00
0.000000e+00
0.000000e+00
0.000000e+00
-1.000000e+00
4.458557e-02
9.659130e-01
0.000000e+00
5.382001e-02
9.094329e-01
0.000000e+00
0.000000e+00
0.000000e+00
0.000000e+00
0.000000e+00
0.000000e+00
-1.000000e+00
0.000000e+00
0.000000e+00
0.000000e+00
5.382001e-02
9.094329e-01
0.000000e+00
6.622864e-02
8.585348e-01
0.000000e+00
0.000000e+00
0.000000e+00
-1.000000e+00
0.000000e+00
0.000000e+00
0.000000e+00
6.622864e-02
8.585348e-01
0.000000e+00
8.308973e-02
8.087981e-01
0.000000e+00
0.000000e+00
0.000000e+00
-1.000000e+00
3.550177e-01
5.964399e-01
0.000000e+00
3.761221e-01
6.075525e-01
0.000000e+00
5.905512e-01
0.000000e+00
0.000000e+00
0.000000e+00
0.000000e+00
-1.000000e+00
5.905512e-01
0.000000e+00
0.000000e+00
3.761221e-01
6.075525e-01
0.000000e+00
4.003384e-01
6.249326e-01
0.000000e+00
0.000000e+00
0.000000e+00
-1.000000e+00
5.905512e-01
0.000000e+00
0.000000e+00
4.003384e-01
6.249326e-01
0.000000e+00
4.258269e-01
6.486450e-01
0.000000e+00
0.000000e+00
0.000000e+00
-1.000000e+00
4.504850e-01
1.655717e+00
0.000000e+00
4.250158e-01
1.680026e+00
0.000000e+00
5.905512e-01
1.771654e+00
0.000000e+00
0.000000e+00
0.000000e+00
-1.000000e+00
5.905512e-01
1.771654e+00
0.000000e+00
4.250158e-01
1.680026e+00
0.000000e+00
3.959961e-01
1.702219e+00
0.000000e+00
0.000000e+00
0.000000e+00
-1.000000e+00
5.905512e-01
1.771654e+00
0.000000e+00
3.959961e-01
1.702219e+00
0.000000e+00
3.676551e-01
1.718761e+00
0.000000e+00
0.000000e+00
0.000000e+00
-1.000000e+00
1.197421e-01
1.585411e+00
0.000000e+00
9.715864e-02
1.539853e+00
0.000000e+00
0.000000e+00
1.771654e+00
0.000000e+00
0.000000e+00
0.000000e+00
-1.000000e+00
0.000000e+00
1.771654e+00
0.000000e+00
9.715864e-02
1.539853e+00
0.000000e+00
7.738004e-02
1.490436e+00
0.000000e+00
0.000000e+00
0.000000e+00
-1.000000e+00
0.000000e+00
1.771654e+00
0.000000e+00
7.738004e-02
1.490436e+00
0.000000e+00
6.802817e-02
1.461927e+00
0.000000e+00
0.000000e+00
0.000000e+00
-1.000000e+00
6.802817e-02
1.461927e+00
0.000000e+00
5.432438e-02
1.408844e+00
0.000000e+00
0.000000e+00
1.771654e+00
0.000000e+00
0.000000e+00
0.000000e+00
-1.000000e+00
0.000000e+00
1.771654e+00
0.000000e+00
5.432438e-02
1.408844e+00
0.000000e+00
4.473537e-02
1.354323e+00
0.000000e+00
0.000000e+00
0.000000e+00
-1.000000e+00
0.000000e+00
1.771654e+00
0.000000e+00
4.473537e-02
1.354323e+00
0.000000e+00
3.862445e-02
1.295829e+00
0.000000e+00
0.000000e+00
0.000000e+00
-1.000000e+00
5.427335e-01
1.472826e+00
0.000000e+00
5.322552e-01
1.513780e+00
0.000000e+00
5.905512e-01
1.771654e+00
0.000000e+00
0.000000e+00
0.000000e+00
-1.000000e+00
5.905512e-01
1.771654e+00
0.000000e+00
5.322552e-01
1.513780e+00
0.000000e+00
5.182180e-01
1.552324e+00
0.000000e+00
0.000000e+00
0.000000e+00
-1.000000e+00
5.905512e-01
1.771654e+00
0.000000e+00
5.182180e-01
1.552324e+00
0.000000e+00
5.009006e-01
1.587530e+00
0.000000e+00
0.000000e+00
0.000000e+00
-1.000000e+00
3.862445e-02
1.295829e+00
0.000000e+00
3.534409e-02
1.218169e+00
0.000000e+00
0.000000e+00
1.771654e+00
0.000000e+00
0.000000e+00
0.000000e+00
-1.000000e+00
0.000000e+00
1.771654e+00
0.000000e+00
3.534409e-02
1.218169e+00
0.000000e+00
3.558181e-02
1.101434e+00
0.000000e+00
0.000000e+00
0.000000e+00
-1.000000e+00
0.000000e+00
1.771654e+00
0.000000e+00
3.558181e-02
1.101434e+00
0.000000e+00
0.000000e+00
0.000000e+00
0.000000e+00
0.000000e+00
0.000000e+00
-1.000000e+00
0.000000e+00
0.000000e+00
0.000000e+00
3.558181e-02
1.101434e+00
0.000000e+00
3.852406e-02
1.029737e+00
0.000000e+00
0.000000e+00
0.000000e+00
-1.000000e+00
0.000000e+00
0.000000e+00
0.000000e+00
3.852406e-02
1.029737e+00
0.000000e+00
4.458557e-02
9.659130e-01
0.000000e+00
0.000000e+00
0.000000e+00
-1.000000e+00
4.258269e-01
6.486450e-01
0.000000e+00
4.535393e-01
6.811448e-01
0.000000e+00
5.905512e-01
0.000000e+00
0.000000e+00
0.000000e+00
0.000000e+00
-1.000000e+00
5.905512e-01
0.000000e+00
0.000000e+00
4.535393e-01
6.811448e-01
0.000000e+00
4.788905e-01
7.179163e-01
0.000000e+00
0.000000e+00
0.000000e+00
-1.000000e+00
5.905512e-01
0.000000e+00
0.000000e+00
4.788905e-01
7.179163e-01
0.000000e+00
5.026362e-01
7.602347e-01
0.000000e+00
0.000000e+00
0.000000e+00
-1.000000e+00
5.026362e-01
7.602347e-01
0.000000e+00
5.230483e-01
8.059800e-01
0.000000e+00
5.905512e-01
0.000000e+00
0.000000e+00
0.000000e+00
0.000000e+00
-1.000000e+00
5.905512e-01
0.000000e+00
0.000000e+00
5.230483e-01
8.059800e-01
0.000000e+00
5.384673e-01
8.520818e-01
0.000000e+00
0.000000e+00
0.000000e+00
-1.000000e+00
5.905512e-01
0.000000e+00
0.000000e+00
5.384673e-01
8.520818e-01
0.000000e+00
5.488586e-01
8.972246e-01
0.000000e+00
0.000000e+00
0.000000e+00
-1.000000e+00
5.566528e-01
1.298894e+00
0.000000e+00
5.551336e-01
1.369920e+00
0.000000e+00
5.905512e-01
1.771654e+00
0.000000e+00
0.000000e+00
0.000000e+00
-1.000000e+00
5.905512e-01
1.771654e+00
0.000000e+00
5.551336e-01
1.369920e+00
0.000000e+00
5.505335e-01
1.424891e+00
0.000000e+00
0.000000e+00
0.000000e+00
-1.000000e+00
5.905512e-01
1.771654e+00
0.000000e+00
5.505335e-01
1.424891e+00
0.000000e+00
5.427335e-01
1.472826e+00
0.000000e+00
0.000000e+00
0.000000e+00
-1.000000e+00
5.488586e-01
8.972246e-01
0.000000e+00
5.553445e-01
9.441647e-01
0.000000e+00
5.905512e-01
0.000000e+00
0.000000e+00
0.000000e+00
0.000000e+00
-1.000000e+00
5.905512e-01
0.000000e+00
0.000000e+00
5.553445e-01
9.441647e-01
0.000000e+00
5.583649e-01
9.947948e-01
0.000000e+00
0.000000e+00
0.000000e+00
-1.000000e+00
5.905512e-01
0.000000e+00
0.000000e+00
5.583649e-01
9.947948e-01
0.000000e+00
5.905512e-01
1.771654e+00
0.000000e+00
0.000000e+00
0.000000e+00
-1.000000e+00
5.905512e-01
1.771654e+00
0.000000e+00
5.583649e-01
9.947948e-01
0.000000e+00
5.579966e-01
1.068118e+00
0.000000e+00
0.000000e+00
0.000000e+00
-1.000000e+00
5.905512e-01
1.771654e+00
0.000000e+00
5.579966e-01
1.068118e+00
0.000000e+00
5.566528e-01
1.298894e+00
0.000000e+00
0.000000e+00
0.000000e+00
-1.000000e+00
5.566528e-01
1.298894e+00
0.000000e+00
5.579966e-01
1.068118e+00
0.000000e+00
5.554667e-01
1.175468e+00
0.000000e+00
-1.576836e-01
9.874896e-01
0.000000e+00
3.174175e-01
5.861811e-01
-2.667820e-19
3.174175e-01
5.861811e-01
9.842519e-02
3.361793e-01
5.897393e-01
9.842519e-02
-2.111663e-01
9.774501e-01
0.000000e+00
3.174175e-01
5.861811e-01
-2.667820e-19
3.361793e-01
5.897393e-01
9.842519e-02
3.361793e-01
5.897393e-01
-2.667820e-19
-3.101054e-01
9.507022e-01
0.000000e+00
3.361793e-01
5.897393e-01
-2.667820e-19
3.361793e-01
5.897393e-01
9.842519e-02
3.550177e-01
5.964399e-01
9.842519e-02
-3.557250e-01
9.345906e-01
0.000000e+00
3.361793e-01
5.897393e-01
-2.667820e-19
3.550177e-01
5.964399e-01
9.842519e-02
3.550177e-01
5.964399e-01
0.000000e+00
-4.426604e-01
8.966894e-01
0.000000e+00
3.550177e-01
5.964399e-01
0.000000e+00
3.550177e-01
5.964399e-01
9.842519e-02
3.761221e-01
6.075525e-01
9.842519e-02
-4.840401e-01
8.750458e-01
0.000000e+00
3.550177e-01
5.964399e-01
0.000000e+00
3.761221e-01
6.075525e-01
9.842519e-02
3.761221e-01
6.075525e-01
-2.667820e-19
-5.620347e-01
8.271136e-01
0.000000e+00
3.761221e-01
6.075525e-01
-2.667820e-19
3.761221e-01
6.075525e-01
9.842519e-02
4.003384e-01
6.249326e-01
9.842519e-02
-5.987283e-01
8.009522e-01
0.000000e+00
3.761221e-01
6.075525e-01
-2.667820e-19
4.003384e-01
6.249326e-01
9.842519e-02
4.003384e-01
6.249326e-01
-2.667820e-19
-6.643816e-01
7.473935e-01
0.000000e+00
4.003384e-01
6.249326e-01
-2.667820e-19
4.003384e-01
6.249326e-01
9.842519e-02
4.258269e-01
6.486450e-01
9.842519e-02
-6.936224e-01
7.203388e-01
0.000000e+00
4.003384e-01
6.249326e-01
-2.667820e-19
4.258269e-01
6.486450e-01
9.842519e-02
4.258269e-01
6.486450e-01
-2.667820e-19
-7.470787e-01
6.647356e-01
0.000000e+00
4.258269e-01
6.486450e-01
-2.667820e-19
4.258269e-01
6.486450e-01
9.842519e-02
4.535393e-01
6.811448e-01
9.842519e-02
-7.714284e-01
6.363160e-01
0.000000e+00
4.258269e-01
6.486450e-01
-2.667820e-19
4.535393e-01
6.811448e-01
9.842519e-02
4.535393e-01
6.811448e-01
-2.667820e-19
-8.134482e-01
5.816373e-01
0.000000e+00
4.535393e-01
6.811448e-01
-2.667820e-19
4.535393e-01
6.811448e-01
9.842519e-02
4.788905e-01
7.179163e-01
9.842519e-02
-8.314357e-01
5.556209e-01
0.000000e+00
4.535393e-01
6.811448e-01
-2.667820e-19
4.788905e-01
7.179163e-01
9.842519e-02
4.788905e-01
7.179163e-01
-2.667820e-19
-8.642768e-01
5.030165e-01
0.000000e+00
4.788905e-01
7.179163e-01
-2.667820e-19
4.788905e-01
7.179163e-01
9.842519e-02
5.026362e-01
7.602347e-01
9.842519e-02
-8.791922e-01
4.764673e-01
0.000000e+00
4.788905e-01
7.179163e-01
-2.667820e-19
5.026362e-01
7.602347e-01
9.842519e-02
5.026362e-01
7.602347e-01
0.000000e+00
-9.069353e-01
4.212700e-01
0.000000e+00
5.026362e-01
7.602347e-01
0.000000e+00
5.026362e-01
7.602347e-01
9.842519e-02
5.230483e-01
8.059800e-01
9.842519e-02
-9.197111e-01
3.925960e-01
0.000000e+00
5.026362e-01
7.602347e-01
0.000000e+00
5.230483e-01
8.059800e-01
9.842519e-02
5.230483e-01
8.059800e-01
-5.335641e-19
-9.430665e-01
3.326043e-01
0.000000e+00
5.230483e-01
8.059800e-01
-5.335641e-19
5.230483e-01
8.059800e-01
9.842519e-02
5.384673e-01
8.520818e-01
9.842519e-02
-9.535459e-01
3.012476e-01
0.000000e+00
5.230483e-01
8.059800e-01
-5.335641e-19
5.384673e-01
8.520818e-01
9.842519e-02
5.384673e-01
8.520818e-01
-5.335641e-19
-9.708192e-01
2.398126e-01
0.000000e+00
5.384673e-01
8.520818e-01
-5.335641e-19
5.384673e-01
8.520818e-01
9.842519e-02
5.488586e-01
8.972246e-01
9.842519e-02
-9.777502e-01
2.097727e-01
0.000000e+00
5.384673e-01
8.520818e-01
-5.335641e-19
5.488586e-01
8.972246e-01
9.842519e-02
5.488586e-01
8.972246e-01
-2.667820e-19
-9.883884e-01
1.519483e-01
0.000000e+00
5.488586e-01
8.972246e-01
-2.667820e-19
5.488586e-01
8.972246e-01
9.842519e-02
5.553445e-01
9.441647e-01
9.842519e-02
-9.922580e-01
1.241934e-01
0.000000e+00
5.488586e-01
8.972246e-01
-2.667820e-19
5.553445e-01
9.441647e-01
9.842519e-02
5.553445e-01
9.441647e-01
-2.667820e-19
-9.973187e-01
7.318079e-02
0.000000e+00
5.553445e-01
9.441647e-01
-2.667820e-19
5.553445e-01
9.441647e-01
9.842519e-02
5.583649e-01
9.947948e-01
9.842519e-02
-9.987519e-01
4.994658e-02
0.000000e+00
5.553445e-01
9.441647e-01
-2.667820e-19
5.583649e-01
9.947948e-01
9.842519e-02
5.583649e-01
9.947948e-01
-2.667820e-19
-9.999609e-01
8.843475e-03
0.000000e+00
5.583649e-01
9.947948e-01
-2.667820e-19
5.583649e-01
9.947948e-01
9.842519e-02
5.579966e-01
1.068118e+00
9.842519e-02
-9.999593e-01
-9.019473e-03
0.000000e+00
5.583649e-01
9.947948e-01
-2.667820e-19
5.579966e-01
1.068118e+00
9.842519e-02
5.579966e-01
1.068118e+00
-2.667820e-19
-9.998272e-01
-1.859133e-02
0.000000e+00
5.579966e-01
1.068118e+00
-2.667820e-19
5.579966e-01
1.068118e+00
9.842519e-02
5.554667e-01
1.175468e+00
9.842519e-02
-9.999469e-01
-1.030698e-02
0.000000e+00
5.579966e-01
1.068118e+00
-2.667820e-19
5.554667e-01
1.175468e+00
9.842519e-02
5.554667e-01
1.175468e+00
-2.667820e-19
-9.999996e-01
-9.235187e-04
0.000000e+00
5.554667e-01
1.175468e+00
-2.667820e-19
5.554667e-01
1.175468e+00
9.842519e-02
5.566528e-01
1.298894e+00
9.842519e-02
-1.000000e+00
1.754489e-04
0.000000e+00
5.554667e-01
1.175468e+00
-2.667820e-19
5.566528e-01
1.298894e+00
9.842519e-02
5.566528e-01
1.298894e+00
-2.667820e-19
-9.998706e-01
-1.608478e-02
0.000000e+00
5.566528e-01
1.298894e+00
-2.667820e-19
5.566528e-01
1.298894e+00
9.842519e-02
5.551336e-01
1.369920e+00
9.842519e-02
-9.994406e-01
-3.344437e-02
0.000000e+00
5.566528e-01
1.298894e+00
-2.667820e-19
5.551336e-01
1.369920e+00
9.842519e-02
5.551336e-01
1.369920e+00
-2.667820e-19
-9.972555e-01
-7.403672e-02
0.000000e+00
5.551336e-01
1.369920e+00
-2.667820e-19
5.551336e-01
1.369920e+00
9.842519e-02
5.505335e-01
1.424891e+00
9.842519e-02
-9.952593e-01
-9.725723e-02
0.000000e+00
5.551336e-01
1.369920e+00
-2.667820e-19
5.505335e-01
1.424891e+00
9.842519e-02
5.505335e-01
1.424891e+00
-2.667820e-19
-9.889162e-01
-1.484751e-01
0.000000e+00
5.505335e-01
1.424891e+00
-2.667820e-19
5.505335e-01
1.424891e+00
9.842519e-02
5.427335e-01
1.472826e+00
9.842519e-02
-9.843112e-01
-1.764412e-01
0.000000e+00
5.505335e-01
1.424891e+00
-2.667820e-19
5.427335e-01
1.472826e+00
9.842519e-02
5.427335e-01
1.472826e+00
-2.667820e-19
-9.721703e-01
-2.342752e-01
0.000000e+00
5.427335e-01
1.472826e+00
-2.667820e-19
5.427335e-01
1.472826e+00
9.842519e-02
5.322552e-01
1.513780e+00
9.842519e-02
-9.644917e-01
-2.641134e-01
0.000000e+00
5.427335e-01
1.472826e+00
-2.667820e-19
5.322552e-01
1.513780e+00
9.842519e-02
5.322552e-01
1.513780e+00
-2.667820e-19
-9.450945e-01
-3.267972e-01
0.000000e+00
5.322552e-01
1.513780e+00
-2.667820e-19
5.322552e-01
1.513780e+00
9.842519e-02
5.182180e-01
1.552324e+00
9.842519e-02
-9.331203e-01
-3.595644e-01
0.000000e+00
5.322552e-01
1.513780e+00
-2.667820e-19
5.182180e-01
1.552324e+00
9.842519e-02
5.182180e-01
1.552324e+00
-2.667820e-19
-9.050159e-01
-4.253778e-01
0.000000e+00
5.182180e-01
1.552324e+00
-2.667820e-19
5.182180e-01
1.552324e+00
9.842519e-02
5.009006e-01
1.587530e+00
9.842519e-02
-8.887609e-01
-4.583710e-01
0.000000e+00
5.182180e-01
1.552324e+00
-2.667820e-19
5.009006e-01
1.587530e+00
9.842519e-02
5.009006e-01
1.587530e+00
-2.667820e-19
-8.501710e-01
-5.265067e-01
0.000000e+00
5.009006e-01
1.587530e+00
-2.667820e-19
5.009006e-01
1.587530e+00
9.842519e-02
4.776977e-01
1.623319e+00
9.842519e-02
-8.275028e-01
-5.614616e-01
0.000000e+00
5.009006e-01
1.587530e+00
-2.667820e-19
4.776977e-01
1.623319e+00
9.842519e-02
4.776977e-01
1.623319e+00
0.000000e+00
-7.788488e-01
-6.272117e-01
0.000000e+00
4.776977e-01
1.623319e+00
0.000000e+00
4.776977e-01
1.623319e+00
9.842519e-02
4.504850e-01
1.655717e+00
9.842519e-02
-7.529533e-01
-6.580740e-01
0.000000e+00
4.776977e-01
1.623319e+00
0.000000e+00
4.504850e-01
1.655717e+00
9.842519e-02
4.504850e-01
1.655717e+00
-2.667820e-19
-7.021831e-01
-7.119964e-01
0.000000e+00
4.504850e-01
1.655717e+00
-2.667820e-19
4.504850e-01
1.655717e+00
9.842519e-02
4.250158e-01
1.680026e+00
9.842519e-02
-6.776522e-01
-7.353826e-01
0.000000e+00
4.504850e-01
1.655717e+00
-2.667820e-19
4.250158e-01
1.680026e+00
9.842519e-02
4.250158e-01
1.680026e+00
-2.667820e-19
-6.217899e-01
-7.831841e-01
0.000000e+00
4.250158e-01
1.680026e+00
-2.667820e-19
4.250158e-01
1.680026e+00
9.842519e-02
3.959961e-01
1.702219e+00
9.842519e-02
-5.901777e-01
-8.072734e-01
0.000000e+00
4.250158e-01
1.680026e+00
-2.667820e-19
3.959961e-01
1.702219e+00
9.842519e-02
3.959961e-01
1.702219e+00
-2.667820e-19
-5.207260e-01
-8.537239e-01
0.000000e+00
3.959961e-01
1.702219e+00
-2.667820e-19
3.959961e-01
1.702219e+00
9.842519e-02
3.676551e-01
1.718761e+00
9.842519e-02
-4.826894e-01
-8.757917e-01
0.000000e+00
3.959961e-01
1.702219e+00
-2.667820e-19
3.676551e-01
1.718761e+00
9.842519e-02
3.676551e-01
1.718761e+00
-2.667820e-19
-3.987093e-01
-9.170774e-01
0.000000e+00
3.676551e-01
1.718761e+00
-2.667820e-19
3.676551e-01
1.718761e+00
9.842519e-02
3.409196e-01
1.729702e+00
9.842519e-02
-3.525223e-01
-9.358034e-01
0.000000e+00
3.676551e-01
1.718761e+00
-2.667820e-19
3.409196e-01
1.729702e+00
9.842519e-02
3.409196e-01
1.729702e+00
-2.667820e-19
-2.565276e-01
-9.665369e-01
0.000000e+00
3.409196e-01
1.729702e+00
-2.667820e-19
3.409196e-01
1.729702e+00
9.842519e-02
3.183481e-01
1.735146e+00
9.842519e-02
-2.066766e-01
-9.784093e-01
0.000000e+00
3.409196e-01
1.729702e+00
-2.667820e-19
3.183481e-01
1.735146e+00
9.842519e-02
3.183481e-01
1.735146e+00
-2.667820e-19
-1.152649e-01
-9.933348e-01
0.000000e+00
3.183481e-01
1.735146e+00
-2.667820e-19
3.183481e-01
1.735146e+00
9.842519e-02
3.027298e-01
1.736653e+00
9.842519e-02
-7.384386e-02
-9.972698e-01
0.000000e+00
3.183481e-01
1.735146e+00
-2.667820e-19
3.027298e-01
1.736653e+00
9.842519e-02
3.027298e-01
1.736653e+00
-2.667820e-19
0.000000e+00
1.000000e+00
0.000000e+00
2.952756e-01
5.861811e-01
9.842519e-02
3.174175e-01
5.861811e-01
9.842519e-02
2.952756e-01
5.861811e-01
0.000000e+00
0.000000e+00
1.000000e+00
0.000000e+00
2.952756e-01
5.861811e-01
0.000000e+00
3.174175e-01
5.861811e-01
9.842519e-02
3.174175e-01
5.861811e-01
0.000000e+00
8.752687e-02
-9.961622e-01
0.000000e+00
2.952756e-01
1.736653e+00
-2.667820e-19
2.952756e-01
1.736653e+00
9.842519e-02
2.768061e-01
1.734504e+00
9.842519e-02
1.419424e-01
-9.898750e-01
0.000000e+00
2.952756e-01
1.736653e+00
-2.667820e-19
2.768061e-01
1.734504e+00
9.842519e-02
2.768061e-01
1.734504e+00
0.000000e+00
2.450234e-01
-9.695172e-01
0.000000e+00
2.768061e-01
1.734504e+00
0.000000e+00
2.768061e-01
1.734504e+00
9.842519e-02
2.586215e-01
1.729384e+00
9.842519e-02
2.937743e-01
-9.558748e-01
0.000000e+00
2.768061e-01
1.734504e+00
0.000000e+00
2.586215e-01
1.729384e+00
9.842519e-02
2.586215e-01
1.729384e+00
0.000000e+00
3.866603e-01
-9.222222e-01
0.000000e+00
2.586215e-01
1.729384e+00
0.000000e+00
2.586215e-01
1.729384e+00
9.842519e-02
2.393509e-01
1.720698e+00
9.842519e-02
4.308691e-01
-9.024144e-01
0.000000e+00
2.586215e-01
1.729384e+00
0.000000e+00
2.393509e-01
1.720698e+00
9.842519e-02
2.393509e-01
1.720698e+00
0.000000e+00
5.142138e-01
-8.576621e-01
0.000000e+00
2.393509e-01
1.720698e+00
0.000000e+00
2.393509e-01
1.720698e+00
9.842519e-02
2.181815e-01
1.707246e+00
9.842519e-02
5.534415e-01
-8.328880e-01
0.000000e+00
2.393509e-01
1.720698e+00
0.000000e+00
2.181815e-01
1.707246e+00
9.842519e-02
2.181815e-01
1.707246e+00
0.000000e+00
6.264029e-01
-7.794995e-01
0.000000e+00
2.181815e-01
1.707246e+00
0.000000e+00
2.181815e-01
1.707246e+00
9.842519e-02
1.943524e-01
1.687083e+00
9.842519e-02
6.602527e-01
-7.510436e-01
0.000000e+00
2.181815e-01
1.707246e+00
0.000000e+00
1.943524e-01
1.687083e+00
9.842519e-02
1.943524e-01
1.687083e+00
0.000000e+00
7.194493e-01
-6.945449e-01
0.000000e+00
1.943524e-01
1.687083e+00
0.000000e+00
1.943524e-01
1.687083e+00
9.842519e-02
1.701300e-01
1.660882e+00
9.842519e-02
7.451622e-01
-6.668832e-01
0.000000e+00
1.943524e-01
1.687083e+00
0.000000e+00
1.701300e-01
1.660882e+00
9.842519e-02
1.701300e-01
1.660882e+00
0.000000e+00
7.917855e-01
-6.107993e-01
0.000000e+00
1.701300e-01
1.660882e+00
0.000000e+00
1.701300e-01
1.660882e+00
9.842519e-02
1.436312e-01
1.625061e+00
9.842519e-02
8.128359e-01
-5.824928e-01
0.000000e+00
1.701300e-01
1.660882e+00
0.000000e+00
1.436312e-01
1.625061e+00
9.842519e-02
1.436312e-01
1.625061e+00
0.000000e+00
8.483065e-01
-5.295054e-01
0.000000e+00
1.436312e-01
1.625061e+00
0.000000e+00
1.436312e-01
1.625061e+00
9.842519e-02
1.197421e-01
1.585411e+00
9.842519e-02
8.630834e-01
-5.050614e-01
0.000000e+00
1.436312e-01
1.625061e+00
0.000000e+00
1.197421e-01
1.585411e+00
9.842519e-02
1.197421e-01
1.585411e+00
2.667820e-19
8.896233e-01
-4.566951e-01
0.000000e+00
1.197421e-01
1.585411e+00
2.667820e-19
1.197421e-01
1.585411e+00
9.842519e-02
9.715864e-02
1.539853e+00
9.842519e-02
9.014787e-01
-4.328234e-01
0.000000e+00
1.197421e-01
1.585411e+00
2.667820e-19
9.715864e-02
1.539853e+00
9.842519e-02
9.715864e-02
1.539853e+00
2.667820e-19
9.233767e-01
-3.838951e-01
0.000000e+00
9.715864e-02
1.539853e+00
2.667820e-19
9.715864e-02
1.539853e+00
9.842519e-02
7.738004e-02
1.490436e+00
9.842519e-02
9.334026e-01
-3.588309e-01
0.000000e+00
9.715864e-02
1.539853e+00
2.667820e-19
7.738004e-02
1.490436e+00
9.842519e-02
7.738004e-02
1.490436e+00
0.000000e+00
9.477542e-01
-3.190014e-01
0.000000e+00
7.738004e-02
1.490436e+00
0.000000e+00
7.738004e-02
1.490436e+00
9.842519e-02
6.802817e-02
1.461927e+00
9.842519e-02
9.525442e-01
-3.044004e-01
0.000000e+00
7.738004e-02
1.490436e+00
0.000000e+00
6.802817e-02
1.461927e+00
9.842519e-02
6.802817e-02
1.461927e+00
0.000000e+00
9.646442e-01
-2.635557e-01
0.000000e+00
6.802817e-02
1.461927e+00
0.000000e+00
6.802817e-02
1.461927e+00
9.842519e-02
5.432438e-02
1.408844e+00
9.842519e-02
9.714693e-01
-2.371653e-01
0.000000e+00
6.802817e-02
1.461927e+00
0.000000e+00
5.432438e-02
1.408844e+00
9.842519e-02
5.432438e-02
1.408844e+00
0.000000e+00
9.824900e-01
-1.863151e-01
0.000000e+00
5.432438e-02
1.408844e+00
0.000000e+00
5.432438e-02
1.408844e+00
9.842519e-02
4.473537e-02
1.354323e+00
9.842519e-02
9.868101e-01
-1.618823e-01
0.000000e+00
5.432438e-02
1.408844e+00
0.000000e+00
4.473537e-02
1.354323e+00
9.842519e-02
4.473537e-02
1.354323e+00
0.000000e+00
9.932458e-01
-1.160289e-01
0.000000e+00
4.473537e-02
1.354323e+00
0.000000e+00
4.473537e-02
1.354323e+00
9.842519e-02
3.862445e-02
1.295829e+00
9.842519e-02
9.955125e-01
-9.462937e-02
0.000000e+00
4.473537e-02
1.354323e+00
0.000000e+00
3.862445e-02
1.295829e+00
9.842519e-02
3.862445e-02
1.295829e+00
0.000000e+00
9.985146e-01
-5.448429e-02
0.000000e+00
3.862445e-02
1.295829e+00
0.000000e+00
3.862445e-02
1.295829e+00
9.842519e-02
3.534409e-02
1.218169e+00
9.842519e-02
9.993609e-01
-3.574689e-02
0.000000e+00
3.862445e-02
1.295829e+00
0.000000e+00
3.534409e-02
1.218169e+00
9.842519e-02
3.534409e-02
1.218169e+00
0.000000e+00
9.999899e-01
-4.493649e-03
0.000000e+00
3.534409e-02
1.218169e+00
0.000000e+00
3.534409e-02
1.218169e+00
9.842519e-02
3.558181e-02
1.101434e+00
9.842519e-02
9.999679e-01
8.018890e-03
0.000000e+00
3.534409e-02
1.218169e+00
0.000000e+00
3.558181e-02
1.101434e+00
9.842519e-02
3.558181e-02
1.101434e+00
0.000000e+00
9.993680e-01
3.554976e-02
0.000000e+00
3.558181e-02
1.101434e+00
0.000000e+00
3.558181e-02
1.101434e+00
9.842519e-02
3.852406e-02
1.029737e+00
9.842519e-02
9.987206e-01
5.056665e-02
0.000000e+00
3.558181e-02
1.101434e+00
0.000000e+00
3.852406e-02
1.029737e+00
9.842519e-02
3.852406e-02
1.029737e+00
0.000000e+00
9.962927e-01
8.602770e-02
0.000000e+00
3.852406e-02
1.029737e+00
0.000000e+00
3.852406e-02
1.029737e+00
9.842519e-02
4.458557e-02
9.659130e-01
9.842519e-02
9.943171e-01
1.064591e-01
0.000000e+00
3.852406e-02
1.029737e+00
0.000000e+00
4.458557e-02
9.659130e-01
9.842519e-02
4.458557e-02
9.659130e-01
0.000000e+00
9.885660e-01
1.507884e-01
0.000000e+00
4.458557e-02
9.659130e-01
0.000000e+00
4.458557e-02
9.659130e-01
9.842519e-02
5.382001e-02
9.094329e-01
9.842519e-02
9.846278e-01
1.746656e-01
0.000000e+00
4.458557e-02
9.659130e-01
0.000000e+00
5.382001e-02
9.094329e-01
9.842519e-02
5.382001e-02
9.094329e-01
0.000000e+00
9.744012e-01
2.248163e-01
0.000000e+00
5.382001e-02
9.094329e-01
0.000000e+00
5.382001e-02
9.094329e-01
9.842519e-02
6.622864e-02
8.585348e-01
9.842519e-02
9.679712e-01
2.510612e-01
0.000000e+00
5.382001e-02
9.094329e-01
0.000000e+00
6.622864e-02
8.585348e-01
9.842519e-02
6.622864e-02
8.585348e-01
0.000000e+00
9.516782e-01
3.070970e-01
0.000000e+00
6.622864e-02
8.585348e-01
0.000000e+00
6.622864e-02
8.585348e-01
9.842519e-02
8.308973e-02
8.087981e-01
9.842519e-02
9.415700e-01
3.368173e-01
0.000000e+00
6.622864e-02
8.585348e-01
0.000000e+00
8.308973e-02
8.087981e-01
9.842519e-02
8.308973e-02
8.087981e-01
0.000000e+00
9.188142e-01
3.946903e-01
0.000000e+00
8.308973e-02
8.087981e-01
0.000000e+00
8.308973e-02
8.087981e-01
9.842519e-02
1.021912e-01
7.660934e-01
9.842519e-02
9.061972e-01
4.228552e-01
0.000000e+00
8.308973e-02
8.087981e-01
0.000000e+00
1.021912e-01
7.660934e-01
9.842519e-02
1.021912e-01
7.660934e-01
-2.667820e-19
8.763202e-01
4.817291e-01
0.000000e+00
1.021912e-01
7.660934e-01
-2.667820e-19
1.021912e-01
7.660934e-01
9.842519e-02
1.273372e-01
7.221704e-01
9.842519e-02
8.588018e-01
5.123079e-01
0.000000e+00
1.021912e-01
7.660934e-01
-2.667820e-19
1.273372e-01
7.221704e-01
9.842519e-02
1.273372e-01
7.221704e-01
0.000000e+00
8.206121e-01
5.714856e-01
0.000000e+00
1.273372e-01
7.221704e-01
0.000000e+00
1.273372e-01
7.221704e-01
9.842519e-02
1.565206e-01
6.817876e-01
9.842519e-02
7.999380e-01
6.000826e-01
0.000000e+00
1.273372e-01
7.221704e-01
0.000000e+00
1.565206e-01
6.817876e-01
9.842519e-02
1.565206e-01
6.817876e-01
0.000000e+00
7.548407e-01
6.559082e-01
0.000000e+00
1.565206e-01
6.817876e-01
0.000000e+00
1.565206e-01
6.817876e-01
9.842519e-02
1.867646e-01
6.481025e-01
9.842519e-02
7.303451e-01
6.830784e-01
0.000000e+00
1.565206e-01
6.817876e-01
0.000000e+00
1.867646e-01
6.481025e-01
9.842519e-02
1.867646e-01
6.481025e-01
0.000000e+00
6.771055e-01
7.358859e-01
0.000000e+00
1.867646e-01
6.481025e-01
0.000000e+00
1.867646e-01
6.481025e-01
9.842519e-02
2.141374e-01
6.237364e-01
9.842519e-02
6.482588e-01
7.614200e-01
0.000000e+00
1.867646e-01
6.481025e-01
0.000000e+00
2.141374e-01
6.237364e-01
9.842519e-02
2.141374e-01
6.237364e-01
0.000000e+00
5.825575e-01
8.127895e-01
0.000000e+00
2.141374e-01
6.237364e-01
0.000000e+00
2.141374e-01
6.237364e-01
9.842519e-02
2.400499e-01
6.058961e-01
9.842519e-02
5.453663e-01
8.381977e-01
0.000000e+00
2.141374e-01
6.237364e-01
0.000000e+00
2.400499e-01
6.058961e-01
9.842519e-02
2.400499e-01
6.058961e-01
0.000000e+00
4.626324e-01
8.865502e-01
0.000000e+00
2.400499e-01
6.058961e-01
0.000000e+00
2.400499e-01
6.058961e-01
9.842519e-02
2.633817e-01
5.943571e-01
9.842519e-02
4.167981e-01
9.089991e-01
0.000000e+00
2.400499e-01
6.058961e-01
0.000000e+00
2.633817e-01
5.943571e-01
9.842519e-02
2.633817e-01
5.943571e-01
0.000000e+00
3.236700e-01
9.461700e-01
0.000000e+00
2.633817e-01
5.943571e-01
0.000000e+00
2.633817e-01
5.943571e-01
9.842519e-02
2.818787e-01
5.884808e-01
9.842519e-02
2.764325e-01
9.610334e-01
0.000000e+00
2.633817e-01
5.943571e-01
0.000000e+00
2.818787e-01
5.884808e-01
9.842519e-02
2.818787e-01
5.884808e-01
0.000000e+00
1.881897e-01
9.821327e-01
0.000000e+00
2.818787e-01
5.884808e-01
0.000000e+00
2.818787e-01
5.884808e-01
9.842519e-02
2.952756e-01
5.861811e-01
9.842519e-02
1.473524e-01
9.890841e-01
0.000000e+00
2.818787e-01
5.884808e-01
0.000000e+00
2.952756e-01
5.861811e-01
9.842519e-02
2.952756e-01
5.861811e-01
0.000000e+00
0.000000e+00
-1.000000e+00
0.000000e+00
2.952756e-01
1.736653e+00
9.842519e-02
2.952756e-01
1.736653e+00
0.000000e+00
3.027298e-01
1.736653e+00
9.842519e-02
0.000000e+00
-1.000000e+00
0.000000e+00
3.027298e-01
1.736653e+00
9.842519e-02
2.952756e-01
1.736653e+00
0.000000e+00
3.027298e-01
1.736653e+00
0.000000e+00
