0.000000e+00
0.000000e+00
1.000000e+00
5.805512e-01
1.559117e+00
9.842519e-02
3.952756e-01
1.559117e+00
9.842519e-02
3.952756e-01
5.611811e-01
9.842519e-02
0.000000e+00
0.000000e+00
1.000000e+00
5.905512e-01
1.771654e+00
9.842519e-02
5.805512e-01
1.559117e+00
9.842519e-02
5.905512e-01
0.000000e+00
9.842519e-02
0.000000e+00
0.000000e+00
1.000000e+00
5.905512e-01
0.000000e+00
9.842519e-02
5.805512e-01
1.559117e+00
9.842519e-02
3.952756e-01
5.611811e-01
9.842519e-02
0.000000e+00
0.000000e+00
1.000000e+00
5.905512e-01
0.000000e+00
9.842519e-02
3.952756e-01
5.611811e-01
9.842519e-02
0.000000e+00
0.000000e+00
9.842519e-02
0.000000e+00
0.000000e+00
1.000000e+00
0.000000e+00
0.000000e+00
9.842519e-02
3.952756e-01
5.611811e-01
9.842519e-02
1.952756e-01
5.611811e-01
9.842519e-02
0.000000e+00
0.000000e+00
1.000000e+00
1.952756e-01
5.611811e-01
9.842519e-02
1.952756e-01
1.559117e+00
9.842519e-02
0.000000e+00
0.000000e+00
9.842519e-02
0.000000e+00
0.000000e+00
1.000000e+00
0.000000e+00
0.000000e+00
9.842519e-02
1.952756e-01
1.559117e+00
9.842519e-02
1.000000e-02
1.559117e+00
9.842519e-02
0.000000e+00
0.000000e+00
1.000000e+00
0.000000e+00
0.000000e+00
9.842519e-02
1.000000e-02
1.559117e+00
9.842519e-02
0.000000e+00
1.771654e+00
9.842519e-02
0.000000e+00
0.000000e+00
1.000000e+00
0.000000e+00
1.771654e+00
9.842519e-02
1.000000e-02
1.559117e+00
9.842519e-02
1.000000e-02
1.761654e+00
9.842519e-02
0.000000e+00
0.000000e+00
1.000000e+00
0.000000e+00
1.771654e+00
9.842519e-02
1.000000e-02
1.761654e+00
9.842519e-02
5.905512e-01
1.771654e+00
9.842519e-02
0.000000e+00
0.000000e+00
1.000000e+00
5.905512e-01
1.771654e+00
9.842519e-02
1.000000e-02
1.761654e+00
9.842519e-02
5.805512e-01
1.761654e+00
9.842519e-02
0.000000e+00
0.000000e+00
1.000000e+00
5.905512e-01
1.771654e+00
9.842519e-02
5.805512e-01
1.761654e+00
9.842519e-02
5.805512e-01
1.559117e+00
9.842519e-02
0.000000e+00
0.000000e+00
-1.000000e+00
3.500000e-02
1.584117e+00
0.000000e+00
0.000000e+00
0.000000e+00
0.000000e+00
0.000000e+00
1.771654e+00
0.000000e+00
0.000000e+00
0.000000e+00
-1.000000e+00
3.702756e-01
5.861811e-01
0.000000e+00
5.905512e-01
0.000000e+00
0.000000e+00
2.202756e-01
5.861811e-01
0.000000e+00
0.000000e+00
0.000000e+00
-1.000000e+00
2.202756e-01
5.861811e-01
0.000000e+00
5.905512e-01
0.000000e+00
0.000000e+00
0.000000e+00
0.000000e+00
0.000000e+00
0.000000e+00
0.000000e+00
-1.000000e+00
2.202756e-01
5.861811e-01
0.000000e+00
0.000000e+00
0.000000e+00
0.000000e+00
2.202756e-01
1.584117e+00
0.000000e+00
0.000000e+00
0.000000e+00
-1.000000e+00
2.202756e-01
1.584117e+00
0.000000e+00
0.000000e+00
0.000000e+00
0.000000e+00
3.500000e-02
1.584117e+00
0.000000e+00
0.000000e+00
0.000000e+00
-1.000000e+00
3.702756e-01
5.861811e-01
0.000000e+00
3.702756e-01
1.584117e+00
0.000000e+00
5.905512e-01
0.000000e+00
0.000000e+00
0.000000e+00
0.000000e+00
-1.000000e+00
5.905512e-01
0.000000e+00
0.000000e+00
3.702756e-01
1.584117e+00
0.000000e+00
5.555512e-01
1.584117e+00
0.000000e+00
0.000000e+00
0.000000e+00
-1.000000e+00
5.905512e-01
0.000000e+00
0.000000e+00
5.555512e-01
1.584117e+00
0.000000e+00
5.905512e-01
1.771654e+00
0.000000e+00
0.000000e+00
0.000000e+00
-1.000000e+00
5.905512e-01
1.771654e+00
0.000000e+00
5.555512e-01
1.584117e+00
0.000000e+00
5.555512e-01
1.736653e+00
0.000000e+00
0.000000e+00
0.000000e+00
-1.000000e+00
5.905512e-01
1.771654e+00
0.000000e+00
5.555512e-01
1.736653e+00
0.000000e+00
0.000000e+00
1.771654e+00
0.000000e+00
0.000000e+00
0.000000e+00
-1.000000e+00
0.000000e+00
1.771654e+00
0.000000e+00
5.555512e-01
1.736653e+00
0.000000e+00
3.500000e-02
1.736653e+00
0.000000e+00
0.000000e+00
0.000000e+00
-1.000000e+00
0.000000e+00
1.771654e+00
0.000000e+00
3.500000e-02
1.736653e+00
0.000000e+00
3.500000e-02
1.584117e+00
0.000000e+00
-1.000000e+00
0.000000e+00
0.000000e+00
0.000000e+00
0.000000e+00
9.842519e-02
0.000000e+00
1.771654e+00
9.842519e-02
0.000000e+00
0.000000e+00
0.000000e+00
-1.000000e+00
0.000000e+00
0.000000e+00
0.000000e+00
0.000000e+00
0.000000e+00
0.000000e+00
1.771654e+00
9.842519e-02
0.000000e+00
1.771654e+00
0.000000e+00
0.000000e+00
-1.000000e+00
0.000000e+00
5.905512e-01
0.000000e+00
9.842519e-02
0.000000e+00
0.000000e+00
9.842519e-02
5.905512e-01
0.000000e+00
0.000000e+00
0.000000e+00
-1.000000e+00
0.000000e+00
5.905512e-01
0.000000e+00
0.000000e+00
0.000000e+00
0.000000e+00
9.842519e-02
0.000000e+00
0.000000e+00
0.000000e+00
1.000000e+00
0.000000e+00
0.000000e+00
5.905512e-01
1.771654e+00
9.842519e-02
5.905512e-01
0.000000e+00
9.842519e-02
5.905512e-01
1.771654e+00
0.000000e+00
1.000000e+00
0.000000e+00
0.000000e+00
5.905512e-01
1.771654e+00
0.000000e+00
5.905512e-01
0.000000e+00
9.842519e-02
5.905512e-01
0.000000e+00
0.000000e+00
0.000000e+00
1.000000e+00
0.000000e+00
0.000000e+00
1.771654e+00
9.842519e-02
5.905512e-01
1.771654e+00
9.842519e-02
0.000000e+00
1.771654e+00
0.000000e+00
0.000000e+00
1.000000e+00
0.000000e+00
0.000000e+00
1.771654e+00
0.000000e+00
5.905512e-01
1.771654e+00
9.842519e-02
5.905512e-01
1.771654e+00
0.000000e+00
-1.000000e+00
0.000000e+00
0.000000e+00
3.702756e-01
1.584117e+00
7.342520e-02
3.702756e-01
1.584117e+00
0.000000e+00
3.702756e-01
5.861811e-01
7.342520e-02
-1.000000e+00
0.000000e+00
0.000000e+00
3.702756e-01
5.861811e-01
7.342520e-02
3.702756e-01
1.584117e+00
0.000000e+00
3.702756e-01
5.861811e-01
0.000000e+00
0.000000e+00
1.000000e+00
0.000000e+00
3.702756e-01
5.861811e-01
7.342520e-02
3.702756e-01
5.861811e-01
0.000000e+00
2.202756e-01
5.861811e-01
7.342520e-02
0.000000e+00
1.000000e+00
0.000000e+00
2.202756e-01
5.861811e-01
7.342520e-02
3.702756e-01
5.861811e-01
0.000000e+00
2.202756e-01
5.861811e-01
0.000000e+00
1.000000e+00
0.000000e+00
0.000000e+00
2.202756e-01
5.861811e-01
7.342520e-02
2.202756e-01
5.861811e-01
0.000000e+00
2.202756e-01
1.584117e+00
7.342520e-02
1.000000e+00
0.000000e+00
0.000000e+00
2.202756e-01
1.584117e+00
7.342520e-02
2.202756e-01
5.861811e-01
0.000000e+00
2.202756e-01
1.584117e+00
0.000000e+00
0.000000e+00
1.000000e+00
0.000000e+00
2.202756e-01
1.584117e+00
7.342520e-02
2.202756e-01
1.584117e+00
0.000000e+00
3.500000e-02
1.584117e+00
7.342520e-02
0.000000e+00
1.000000e+00
0.000000e+00
3.500000e-02
1.584117e+00
7.342520e-02
2.202756e-01
1.584117e+00
0.000000e+00
3.500000e-02
1.584117e+00
0.000000e+00
1.000000e+00
0.000000e+00
0.000000e+00
3.500000e-02
1.584117e+00
7.342520e-02
3.500000e-02
1.584117e+00
0.000000e+00
3.500000e-02
1.736653e+00
7.342520e-02
1.000000e+00
0.000000e+00
0.000000e+00
3.500000e-02
1.736653e+00
7.342520e-02
3.500000e-02
1.584117e+00
0.000000e+00
3.500000e-02
1.736653e+00
0.000000e+00
0.000000e+00
-1.000000e+00
0.000000e+00
3.500000e-02
1.736653e+00
7.342520e-02
3.500000e-02
1.736653e+00
0.000000e+00
5.555512e-01
1.736653e+00
7.342520e-02
0.000000e+00
-1.000000e+00
0.000000e+00
5.555512e-01
1.736653e+00
7.342520e-02
3.500000e-02
1.736653e+00
0.000000e+00
5.555512e-01
1.736653e+00
0.000000e+00
-1.000000e+00
0.000000e+00
0.000000e+00
5.555512e-01
1.736653e+00
7.342520e-02
5.555512e-01
1.736653e+00
0.000000e+00
5.555512e-01
1.584117e+00
7.342520e-02
-1.000000e+00
0.000000e+00
0.000000e+00
5.555512e-01
1.584117e+00
7.342520e-02
5.555512e-01
1.736653e+00
0.000000e+00
5.555512e-01
1.584117e+00
0.000000e+00
0.000000e+00
1.000000e+00
0.000000e+00
5.555512e-01
1.584117e+00
7.342520e-02
5.555512e-01
1.584117e+00
0.000000e+00
3.702756e-01
1.584117e+00
7.342520e-02
0.000000e+00
1.000000e+00
0.000000e+00
3.702756e-01
1.584117e+00
7.342520e-02
5.555512e-01
1.584117e+00
0.000000e+00
3.702756e-01
1.584117e+00
0.000000e+00
0.000000e+00
8.191521e-01
5.735765e-01
3.165064e-02
1.580768e+00
8.592520e-02
3.047880e-02
1.579596e+00
8.776461e-02
2.144267e-01
1.578269e+00
8.949488e-02
0.000000e+00
9.995772e-01
2.907651e-02
2.202756e-01
1.584117e+00
7.342520e-02
3.500000e-02
1.584117e+00
7.342520e-02
2.201805e-01
1.584022e+00
7.560409e-02
0.000000e+00
9.983077e-01
5.815303e-02
2.201805e-01
1.584022e+00
7.560409e-02
3.500000e-02
1.584117e+00
7.342520e-02
3.490487e-02
1.584022e+00
7.560409e-02
0.000000e+00
9.932393e-01
1.160848e-01
2.201805e-01
1.584022e+00
7.560409e-02
3.490487e-02
1.584022e+00
7.560409e-02
2.198958e-01
1.583737e+00
7.776640e-02
0.000000e+00
9.894404e-01
1.449400e-01
2.198958e-01
1.583737e+00
7.776640e-02
3.490487e-02
1.584022e+00
7.560409e-02
3.462019e-02
1.583737e+00
7.776640e-02
0.000000e+00
9.793423e-01
2.022095e-01
2.198958e-01
1.583737e+00
7.776640e-02
3.462019e-02
1.583737e+00
7.776640e-02
2.194237e-01
1.583266e+00
7.989567e-02
0.000000e+00
9.730430e-01
2.306239e-01
2.194237e-01
1.583266e+00
7.989567e-02
3.462019e-02
1.583737e+00
7.776640e-02
3.414815e-02
1.583266e+00
7.989567e-02
0.000000e+00
9.579919e-01
2.867954e-01
2.194237e-01
1.583266e+00
7.989567e-02
3.414815e-02
1.583266e+00
7.989567e-02
2.187679e-01
1.582610e+00
8.197570e-02
0.000000e+00
9.492401e-01
3.145525e-01
2.187679e-01
1.582610e+00
8.197570e-02
3.414815e-02
1.583266e+00
7.989567e-02
3.349232e-02
1.582610e+00
8.197570e-02
0.000000e+00
9.293506e-01
3.691985e-01
2.187679e-01
1.582610e+00
8.197570e-02
3.349232e-02
1.582610e+00
8.197570e-02
2.179333e-01
1.581775e+00
8.399066e-02
0.000000e+00
9.182128e-01
3.960873e-01
2.179333e-01
1.581775e+00
8.399066e-02
3.349232e-02
1.582610e+00
8.197570e-02
3.265769e-02
1.581775e+00
8.399066e-02
0.000000e+00
8.936363e-01
4.487918e-01
2.179333e-01
1.581775e+00
8.399066e-02
3.265769e-02
1.581775e+00
8.399066e-02
2.169262e-01
1.580768e+00
8.592520e-02
0.000000e+00
8.801975e-01
4.746076e-01
2.169262e-01
1.580768e+00
8.592520e-02
3.265769e-02
1.581775e+00
8.399066e-02
3.165064e-02
1.580768e+00
8.592520e-02
0.000000e+00
8.511210e-01
5.249696e-01
2.169262e-01
1.580768e+00
8.592520e-02
3.165064e-02
1.580768e+00
8.592520e-02
2.157544e-01
1.579596e+00
8.776461e-02
0.000000e+00
8.191521e-01
5.735765e-01
2.157544e-01
1.579596e+00
8.776461e-02
3.165064e-02
1.580768e+00
8.592520e-02
2.144267e-01
1.578269e+00
8.949488e-02
0.000000e+00
7.844105e-01
6.202420e-01
3.047880e-02
1.579596e+00
8.776461e-02
2.915111e-02
1.578269e+00
8.949488e-02
2.144267e-01
1.578269e+00
8.949488e-02
0.000000e+00
7.274188e-01
6.861938e-01
2.144267e-01
1.578269e+00
8.949488e-02
2.915111e-02
1.578269e+00
8.949488e-02
2.606969e-02
1.575187e+00
9.257630e-02
0.000000e+00
6.861938e-01
7.274188e-01
2.144267e-01
1.578269e+00
8.949488e-02
2.606969e-02
1.575187e+00
9.257630e-02
2.113453e-01
1.575187e+00
9.257630e-02
0.000000e+00
5.972114e-01
8.020838e-01
2.113453e-01
1.575187e+00
9.257630e-02
2.606969e-02
1.575187e+00
9.257630e-02
2.250000e-02
1.571617e+00
9.507584e-02
0.000000e+00
5.494540e-01
8.355240e-01
2.113453e-01
1.575187e+00
9.257630e-02
2.250000e-02
1.571617e+00
9.507584e-02
2.077756e-01
1.571617e+00
9.507584e-02
0.000000e+00
4.488580e-01
8.936031e-01
2.077756e-01
1.571617e+00
9.507584e-02
2.250000e-02
1.571617e+00
9.507584e-02
1.855050e-02
1.567668e+00
9.691752e-02
0.000000e+00
3.960194e-01
9.182422e-01
2.077756e-01
1.571617e+00
9.507584e-02
1.855050e-02
1.567668e+00
9.691752e-02
2.038261e-01
1.567668e+00
9.691752e-02
0.000000e+00
2.868663e-01
9.579706e-01
2.038261e-01
1.567668e+00
9.691752e-02
1.855050e-02
1.567668e+00
9.691752e-02
1.434120e-02
1.563459e+00
9.804539e-02
0.000000e+00
2.305519e-01
9.730600e-01
2.038261e-01
1.567668e+00
9.691752e-02
1.434120e-02
1.563459e+00
9.804539e-02
1.996168e-01
1.563459e+00
9.804539e-02
0.000000e+00
1.161583e-01
9.932307e-01
1.996168e-01
1.563459e+00
9.804539e-02
1.434120e-02
1.563459e+00
9.804539e-02
1.000000e-02
1.559117e+00
9.842519e-02
0.000000e+00
5.807913e-02
9.983119e-01
1.996168e-01
1.563459e+00
9.804539e-02
1.000000e-02
1.559117e+00
9.842519e-02
1.952756e-01
1.559117e+00
9.842519e-02
9.995772e-01
0.000000e+00
2.907651e-02
2.202756e-01
5.861811e-01
7.342520e-02
2.202756e-01
1.584117e+00
7.342520e-02
2.201805e-01
5.860860e-01
7.560409e-02
9.983077e-01
0.000000e+00
5.815303e-02
2.201805e-01
5.860860e-01
7.560409e-02
2.202756e-01
1.584117e+00
7.342520e-02
2.201805e-01
1.584022e+00
7.560409e-02
9.932393e-01
0.000000e+00
1.160848e-01
2.201805e-01
5.860860e-01
7.560409e-02
2.201805e-01
1.584022e+00
7.560409e-02
2.198958e-01
5.858013e-01
7.776640e-02
9.894404e-01
0.000000e+00
1.449400e-01
2.198958e-01
5.858013e-01
7.776640e-02
2.201805e-01
1.584022e+00
7.560409e-02
2.198958e-01
1.583737e+00
7.776640e-02
9.793423e-01
0.000000e+00
2.022095e-01
2.198958e-01
5.858013e-01
7.776640e-02
2.198958e-01
1.583737e+00
7.776640e-02
2.194237e-01
5.853292e-01
7.989567e-02
9.730430e-01
0.000000e+00
2.306239e-01
2.194237e-01
5.853292e-01
7.989567e-02
2.198958e-01
1.583737e+00
7.776640e-02
2.194237e-01
1.583266e+00
7.989567e-02
9.579919e-01
0.000000e+00
2.867954e-01
2.194237e-01
5.853292e-01
7.989567e-02
2.194237e-01
1.583266e+00
7.989567e-02
2.187679e-01
5.846734e-01
8.197570e-02
9.492401e-01
0.000000e+00
3.145525e-01
2.187679e-01
5.846734e-01
8.197570e-02
2.194237e-01
1.583266e+00
7.989567e-02
2.187679e-01
1.582610e+00
8.197570e-02
9.293506e-01
0.000000e+00
3.691985e-01
2.187679e-01
5.846734e-01
8.197570e-02
2.187679e-01
1.582610e+00
8.197570e-02
2.179333e-01
5.838388e-01
8.399066e-02
9.182128e-01
0.000000e+00
3.960873e-01
2.179333e-01
5.838388e-01
8.399066e-02
2.187679e-01
1.582610e+00
8.197570e-02
2.179333e-01
1.581775e+00
8.399066e-02
8.936363e-01
0.000000e+00
4.487918e-01
2.179333e-01
5.838388e-01
8.399066e-02
2.179333e-01
1.581775e+00
8.399066e-02
2.169262e-01
5.828317e-01
8.592520e-02
8.801975e-01
0.000000e+00
4.746076e-01
2.169262e-01
5.828317e-01
8.592520e-02
2.179333e-01
1.581775e+00
8.399066e-02
2.169262e-01
1.580768e+00
8.592520e-02
8.511210e-01
0.000000e+00
5.249696e-01
2.169262e-01
5.828317e-01
8.592520e-02
2.169262e-01
1.580768e+00
8.592520e-02
2.157544e-01
5.816599e-01
8.776461e-02
8.354833e-01
0.000000e+00
5.495159e-01
2.157544e-01
5.816599e-01
8.776461e-02
2.169262e-01
1.580768e+00
8.592520e-02
2.157544e-01
1.579596e+00
8.776461e-02
8.021281e-01
0.000000e+00
5.971520e-01
2.157544e-01
5.816599e-01
8.776461e-02
2.157544e-01
1.579596e+00
8.776461e-02
2.144267e-01
5.803322e-01
8.949488e-02
7.844105e-01
0.000000e+00
6.202420e-01
2.157544e-01
1.579596e+00
8.776461e-02
2.144267e-01
1.578269e+00
8.949488e-02
2.144267e-01
5.803322e-01
8.949488e-02
7.274188e-01
0.000000e+00
6.861938e-01
2.144267e-01
5.803322e-01
8.949488e-02
2.144267e-01
1.578269e+00
8.949488e-02
2.113453e-01
1.575187e+00
9.257630e-02
6.861938e-01
0.000000e+00
7.274188e-01
2.144267e-01
5.803322e-01
8.949488e-02
2.113453e-01
1.575187e+00
9.257630e-02
2.113453e-01
5.772508e-01
9.257630e-02
5.972114e-01
0.000000e+00
8.020838e-01
2.113453e-01
5.772508e-01
9.257630e-02
2.113453e-01
1.575187e+00
9.257630e-02
2.077756e-01
1.571617e+00
9.507584e-02
5.494540e-01
0.000000e+00
8.355240e-01
2.113453e-01
5.772508e-01
9.257630e-02
2.077756e-01
1.571617e+00
9.507584e-02
2.077756e-01
5.736811e-01
9.507584e-02
4.488580e-01
0.000000e+00
8.936031e-01
2.077756e-01
5.736811e-01
9.507584e-02
2.077756e-01
1.571617e+00
9.507584e-02
2.038261e-01
1.567668e+00
9.691752e-02
3.960194e-01
0.000000e+00
9.182422e-01
2.077756e-01
5.736811e-01
9.507584e-02
2.038261e-01
1.567668e+00
9.691752e-02
2.038261e-01
5.697316e-01
9.691752e-02
2.868663e-01
0.000000e+00
9.579706e-01
2.038261e-01
5.697316e-01
9.691752e-02
2.038261e-01
1.567668e+00
9.691752e-02
1.996168e-01
1.563459e+00
9.804539e-02
2.305519e-01
0.000000e+00
9.730600e-01
2.038261e-01
5.697316e-01
9.691752e-02
1.996168e-01
1.563459e+00
9.804539e-02
1.996168e-01
5.655223e-01
9.804539e-02
1.161583e-01
0.000000e+00
9.932307e-01
1.996168e-01
5.655223e-01
9.804539e-02
1.996168e-01
1.563459e+00
9.804539e-02
1.952756e-01
1.559117e+00
9.842519e-02
5.807913e-02
0.000000e+00
9.983119e-01
1.996168e-01
5.655223e-01
9.804539e-02
1.952756e-01
1.559117e+00
9.842519e-02
1.952756e-01
5.611811e-01
9.842519e-02
5.807913e-02
0.000000e+00
9.983119e-01
1.000000e-02
1.761654e+00
9.842519e-02
1.000000e-02
1.559117e+00
9.842519e-02
1.434120e-02
1.563459e+00
9.804539e-02
1.161583e-01
0.000000e+00
9.932307e-01
1.000000e-02
1.761654e+00
9.842519e-02
1.434120e-02
1.563459e+00
9.804539e-02
1.434120e-02
1.757312e+00
9.804539e-02
2.305519e-01
0.000000e+00
9.730600e-01
1.434120e-02
1.757312e+00
9.804539e-02
1.434120e-02
1.563459e+00
9.804539e-02
1.855050e-02
1.567668e+00
9.691752e-02
2.868663e-01
0.000000e+00
9.579706e-01
1.434120e-02
1.757312e+00
9.804539e-02
1.855050e-02
1.567668e+00
9.691752e-02
1.855050e-02
1.753103e+00
9.691752e-02
3.960194e-01
0.000000e+00
9.182422e-01
1.855050e-02
1.753103e+00
9.691752e-02
1.855050e-02
1.567668e+00
9.691752e-02
2.250000e-02
1.571617e+00
9.507584e-02
4.488580e-01
0.000000e+00
8.936031e-01
1.855050e-02
1.753103e+00
9.691752e-02
2.250000e-02
1.571617e+00
9.507584e-02
2.250000e-02
1.749154e+00
9.507584e-02
5.494540e-01
0.000000e+00
8.355240e-01
2.250000e-02
1.749154e+00
9.507584e-02
2.250000e-02
1.571617e+00
9.507584e-02
2.606969e-02
1.575187e+00
9.257630e-02
5.972114e-01
0.000000e+00
8.020838e-01
2.250000e-02
1.749154e+00
9.507584e-02
2.606969e-02
1.575187e+00
9.257630e-02
2.606969e-02
1.745584e+00
9.257630e-02
6.861938e-01
0.000000e+00
7.274188e-01
2.606969e-02
1.745584e+00
9.257630e-02
2.606969e-02
1.575187e+00
9.257630e-02
2.915111e-02
1.578269e+00
8.949488e-02
7.274188e-01
0.000000e+00
6.861938e-01
2.606969e-02
1.745584e+00
9.257630e-02
2.915111e-02
1.578269e+00
8.949488e-02
2.915111e-02
1.742502e+00
8.949488e-02
7.844105e-01
0.000000e+00
6.202419e-01
2.915111e-02
1.742502e+00
8.949488e-02
2.915111e-02
1.578269e+00
8.949488e-02
3.047880e-02
1.579596e+00
8.776461e-02
8.021281e-01
0.000000e+00
5.971520e-01
2.915111e-02
1.742502e+00
8.949488e-02
3.047880e-02
1.579596e+00
8.776461e-02
3.047880e-02
1.741175e+00
8.776461e-02
8.354833e-01
0.000000e+00
5.495159e-01
3.047880e-02
1.741175e+00
8.776461e-02
3.047880e-02
1.579596e+00
8.776461e-02
3.165064e-02
1.740003e+00
8.592520e-02
8.511210e-01
0.000000e+00
5.249696e-01
3.165064e-02
1.740003e+00
8.592520e-02
3.047880e-02
1.579596e+00
8.776461e-02
3.165064e-02
1.580768e+00
8.592520e-02
8.801975e-01
0.000000e+00
4.746076e-01
3.165064e-02
1.740003e+00
8.592520e-02
3.165064e-02
1.580768e+00
8.592520e-02
3.265769e-02
1.738996e+00
8.399066e-02
8.936363e-01
0.000000e+00
4.487919e-01
3.265769e-02
1.738996e+00
8.399066e-02
3.165064e-02
1.580768e+00
8.592520e-02
3.265769e-02
1.581775e+00
8.399066e-02
9.182128e-01
0.000000e+00
3.960873e-01
3.265769e-02
1.738996e+00
8.399066e-02
3.265769e-02
1.581775e+00
8.399066e-02
3.349232e-02
1.738161e+00
8.197570e-02
9.293506e-01
0.000000e+00
3.691985e-01
3.349232e-02
1.738161e+00
8.197570e-02
3.265769e-02
1.581775e+00
8.399066e-02
3.349232e-02
1.582610e+00
8.197570e-02
9.492401e-01
0.000000e+00
3.145525e-01
3.349232e-02
1.738161e+00
8.197570e-02
3.349232e-02
1.582610e+00
8.197570e-02
3.414815e-02
1.737505e+00
7.989567e-02
9.579919e-01
0.000000e+00
2.867954e-01
3.414815e-02
1.737505e+00
7.989567e-02
3.349232e-02
1.582610e+00
8.197570e-02
3.414815e-02
1.583266e+00
7.989567e-02
9.730430e-01
0.000000e+00
2.306239e-01
3.414815e-02
1.737505e+00
7.989567e-02
3.414815e-02
1.583266e+00
7.989567e-02
3.462019e-02
1.737033e+00
7.776640e-02
9.995772e-01
0.000000e+00
2.907651e-02
3.490487e-02
1.584022e+00
7.560409e-02
3.500000e-02
1.584117e+00
7.342520e-02
3.500000e-02
1.736653e+00
7.342520e-02
9.793423e-01
0.000000e+00
2.022095e-01
3.414815e-02
1.583266e+00
7.989567e-02
3.462019e-02
1.583737e+00
7.776640e-02
3.462019e-02
1.737033e+00
7.776640e-02
9.894404e-01
0.000000e+00
1.449400e-01
3.462019e-02
1.737033e+00
7.776640e-02
3.462019e-02
1.583737e+00
7.776640e-02
3.490487e-02
1.584022e+00
7.560409e-02
9.932393e-01
0.000000e+00
1.160848e-01
3.462019e-02
1.737033e+00
7.776640e-02
3.490487e-02
1.584022e+00
7.560409e-02
3.490487e-02
1.736749e+00
7.560409e-02
9.983077e-01
0.000000e+00
5.815303e-02
3.490487e-02
1.736749e+00
7.560409e-02
3.490487e-02
1.584022e+00
7.560409e-02
3.500000e-02
1.736653e+00
7.342520e-02
0.000000e+00
9.492401e-01
3.145525e-01
2.187679e-01
5.846734e-01
8.197570e-02
3.717833e-01
5.846734e-01
8.197570e-02
3.711275e-01
5.853292e-01
7.989567e-02
0.000000e+00
9.995772e-01
2.907651e-02
3.702756e-01
5.861811e-01
7.342520e-02
2.202756e-01
5.861811e-01
7.342520e-02
3.703707e-01
5.860860e-01
7.560409e-02
0.000000e+00
9.983077e-01
5.815303e-02
3.703707e-01
5.860860e-01
7.560409e-02
2.202756e-01
5.861811e-01
7.342520e-02
2.201805e-01
5.860860e-01
7.560409e-02
0.000000e+00
9.932393e-01
1.160848e-01
3.703707e-01
5.860860e-01
7.560409e-02
2.201805e-01
5.860860e-01
7.560409e-02
3.706554e-01
5.858013e-01
7.776640e-02
0.000000e+00
9.894404e-01
1.449400e-01
3.706554e-01
5.858013e-01
7.776640e-02
2.201805e-01
5.860860e-01
7.560409e-02
2.198958e-01
5.858013e-01
7.776640e-02
0.000000e+00
9.793423e-01
2.022095e-01
3.706554e-01
5.858013e-01
7.776640e-02
2.198958e-01
5.858013e-01
7.776640e-02
3.711275e-01
5.853292e-01
7.989567e-02
0.000000e+00
9.730430e-01
2.306239e-01
3.711275e-01
5.853292e-01
7.989567e-02
2.198958e-01
5.858013e-01
7.776640e-02
2.194237e-01
5.853292e-01
7.989567e-02
0.000000e+00
9.579919e-01
2.867954e-01
3.711275e-01
5.853292e-01
7.989567e-02
2.194237e-01
5.853292e-01
7.989567e-02
2.187679e-01
5.846734e-01
8.197570e-02
0.000000e+00
9.293506e-01
3.691985e-01
3.717833e-01
5.846734e-01
8.197570e-02
2.187679e-01
5.846734e-01
8.197570e-02
3.726179e-01
5.838388e-01
8.399066e-02
0.000000e+00
9.182128e-01
3.960873e-01
3.726179e-01
5.838388e-01
8.399066e-02
2.187679e-01
5.846734e-01
8.197570e-02
2.179333e-01
5.838388e-01
8.399066e-02
0.000000e+00
8.936363e-01
4.487918e-01
3.726179e-01
5.838388e-01
8.399066e-02
2.179333e-01
5.838388e-01
8.399066e-02
3.736250e-01
5.828317e-01
8.592520e-02
0.000000e+00
8.801975e-01
4.746076e-01
3.736250e-01
5.828317e-01
8.592520e-02
2.179333e-01
5.838388e-01
8.399066e-02
2.169262e-01
5.828317e-01
8.592520e-02
0.000000e+00
8.511210e-01
5.249696e-01
3.736250e-01
5.828317e-01
8.592520e-02
2.169262e-01
5.828317e-01
8.592520e-02
3.747968e-01
5.816599e-01
8.776461e-02
0.000000e+00
8.354833e-01
5.495159e-01
3.747968e-01
5.816599e-01
8.776461e-02
2.169262e-01
5.828317e-01
8.592520e-02
2.157544e-01
5.816599e-01
8.776461e-02
0.000000e+00
8.021281e-01
5.971520e-01
3.747968e-01
5.816599e-01
8.776461e-02
2.157544e-01
5.816599e-01
8.776461e-02
3.761245e-01
5.803322e-01
8.949488e-02
0.000000e+00
7.844105e-01
6.202420e-01
2.157544e-01
5.816599e-01
8.776461e-02
2.144267e-01
5.803322e-01
8.949488e-02
3.761245e-01
5.803322e-01
8.949488e-02
0.000000e+00
7.274188e-01
6.861938e-01
3.761245e-01
5.803322e-01
8.949488e-02
2.144267e-01
5.803322e-01
8.949488e-02
2.113453e-01
5.772508e-01
9.257630e-02
0.000000e+00
6.861938e-01
7.274188e-01
3.761245e-01
5.803322e-01
8.949488e-02
2.113453e-01
5.772508e-01
9.257630e-02
3.792059e-01
5.772508e-01
9.257630e-02
0.000000e+00
5.972114e-01
8.020838e-01
3.792059e-01
5.772508e-01
9.257630e-02
2.113453e-01
5.772508e-01
9.257630e-02
2.077756e-01
5.736811e-01
9.507584e-02
0.000000e+00
5.494540e-01
8.355240e-01
3.792059e-01
5.772508e-01
9.257630e-02
2.077756e-01
5.736811e-01
9.507584e-02
3.827756e-01
5.736811e-01
9.507584e-02
0.000000e+00
4.488580e-01
8.936031e-01
3.827756e-01
5.736811e-01
9.507584e-02
2.077756e-01
5.736811e-01
9.507584e-02
2.038261e-01
5.697316e-01
9.691752e-02
0.000000e+00
3.960194e-01
9.182422e-01
3.827756e-01
5.736811e-01
9.507584e-02
2.038261e-01
5.697316e-01
9.691752e-02
3.867251e-01
5.697316e-01
9.691752e-02
0.000000e+00
2.868663e-01
9.579706e-01
3.867251e-01
5.697316e-01
9.691752e-02
2.038261e-01
5.697316e-01
9.691752e-02
1.996168e-01
5.655223e-01
9.804539e-02
0.000000e+00
2.305519e-01
9.730600e-01
3.867251e-01
5.697316e-01
9.691752e-02
1.996168e-01
5.655223e-01
9.804539e-02
3.909344e-01
5.655223e-01
9.804539e-02
0.000000e+00
1.161583e-01
9.932307e-01
3.909344e-01
5.655223e-01
9.804539e-02
1.996168e-01
5.655223e-01
9.804539e-02
1.952756e-01
5.611811e-01
9.842519e-02
0.000000e+00
5.807913e-02
9.983119e-01
3.909344e-01
5.655223e-01
9.804539e-02
1.952756e-01
5.611811e-01
9.842519e-02
3.952756e-01
5.611811e-01
9.842519e-02
0.000000e+00
-9.492401e-01
3.145525e-01
5.564030e-01
1.737505e+00
7.989567e-02
5.570589e-01
1.738161e+00
8.197570e-02
3.349232e-02
1.738161e+00
8.197570e-02
0.000000e+00
-8.801975e-01
4.746076e-01
5.578935e-01
1.738996e+00
8.399066e-02
5.589005e-01
1.740003e+00
8.592520e-02
3.165064e-02
1.740003e+00
8.592520e-02
0.000000e+00
-5.807913e-02
9.983119e-01
5.805512e-01
1.761654e+00
9.842519e-02
1.000000e-02
1.761654e+00
9.842519e-02
1.434120e-02
1.757312e+00
9.804539e-02
0.000000e+00
-1.161583e-01
9.932307e-01
5.805512e-01
1.761654e+00
9.842519e-02
1.434120e-02
1.757312e+00
9.804539e-02
5.762100e-01
1.757312e+00
9.804539e-02
0.000000e+00
-2.305519e-01
9.730600e-01
5.762100e-01
1.757312e+00
9.804539e-02
1.434120e-02
1.757312e+00
9.804539e-02
1.855050e-02
1.753103e+00
9.691752e-02
0.000000e+00
-2.868663e-01
9.579706e-01
5.762100e-01
1.757312e+00
9.804539e-02
1.855050e-02
1.753103e+00
9.691752e-02
5.720007e-01
1.753103e+00
9.691752e-02
0.000000e+00
-3.960194e-01
9.182422e-01
5.720007e-01
1.753103e+00
9.691752e-02
1.855050e-02
1.753103e+00
9.691752e-02
2.250000e-02
1.749154e+00
9.507584e-02
0.000000e+00
-4.488580e-01
8.936031e-01
5.720007e-01
1.753103e+00
9.691752e-02
2.250000e-02
1.749154e+00
9.507584e-02
5.680512e-01
1.749154e+00
9.507584e-02
0.000000e+00
-5.494540e-01
8.355240e-01
5.680512e-01
1.749154e+00
9.507584e-02
2.250000e-02
1.749154e+00
9.507584e-02
2.606969e-02
1.745584e+00
9.257630e-02
0.000000e+00
-5.972114e-01
8.020838e-01
5.680512e-01
1.749154e+00
9.507584e-02
2.606969e-02
1.745584e+00
9.257630e-02
5.644815e-01
1.745584e+00
9.257630e-02
0.000000e+00
-6.861938e-01
7.274188e-01
5.644815e-01
1.745584e+00
9.257630e-02
2.606969e-02
1.745584e+00
9.257630e-02
2.915111e-02
1.742502e+00
8.949488e-02
0.000000e+00
-7.274188e-01
6.861938e-01
5.644815e-01
1.745584e+00
9.257630e-02
2.915111e-02
1.742502e+00
8.949488e-02
5.614001e-01
1.742502e+00
8.949488e-02
0.000000e+00
-8.511210e-01
5.249696e-01
3.165064e-02
1.740003e+00
8.592520e-02
5.589005e-01
1.740003e+00
8.592520e-02
3.047880e-02
1.741175e+00
8.776461e-02
0.000000e+00
-8.191521e-01
5.735765e-01
3.047880e-02
1.741175e+00
8.776461e-02
5.589005e-01
1.740003e+00
8.592520e-02
2.915111e-02
1.742502e+00
8.949488e-02
0.000000e+00
-8.191521e-01
5.735765e-01
2.915111e-02
1.742502e+00
8.949488e-02
5.589005e-01
1.740003e+00
8.592520e-02
5.600724e-01
1.741175e+00
8.776461e-02
0.000000e+00
-7.844105e-01
6.202420e-01
2.915111e-02
1.742502e+00
8.949488e-02
5.600724e-01
1.741175e+00
8.776461e-02
5.614001e-01
1.742502e+00
8.949488e-02
0.000000e+00
-9.063078e-01
4.226183e-01
5.578935e-01
1.738996e+00
8.399066e-02
3.165064e-02
1.740003e+00
8.592520e-02
5.570589e-01
1.738161e+00
8.197570e-02
0.000000e+00
-9.063078e-01
4.226183e-01
5.570589e-01
1.738161e+00
8.197570e-02
3.165064e-02
1.740003e+00
8.592520e-02
3.265769e-02
1.738996e+00
8.399066e-02
0.000000e+00
-9.293506e-01
3.691985e-01
5.570589e-01
1.738161e+00
8.197570e-02
3.265769e-02
1.738996e+00
8.399066e-02
3.349232e-02
1.738161e+00
8.197570e-02
0.000000e+00
-9.659258e-01
2.588190e-01
5.564030e-01
1.737505e+00
7.989567e-02
3.349232e-02
1.738161e+00
8.197570e-02
5.559310e-01
1.737033e+00
7.776640e-02
0.000000e+00
-9.659258e-01
2.588190e-01
5.559310e-01
1.737033e+00
7.776640e-02
3.349232e-02
1.738161e+00
8.197570e-02
3.414815e-02
1.737505e+00
7.989567e-02
0.000000e+00
-9.793423e-01
2.022095e-01
5.559310e-01
1.737033e+00
7.776640e-02
3.414815e-02
1.737505e+00
7.989567e-02
3.462019e-02
1.737033e+00
7.776640e-02
0.000000e+00
-9.995772e-01
2.907651e-02
3.490487e-02
1.736749e+00
7.560409e-02
3.500000e-02
1.736653e+00
7.342520e-02
5.555512e-01
1.736653e+00
7.342520e-02
0.000000e+00
-9.961947e-01
8.715575e-02
3.490487e-02
1.736749e+00
7.560409e-02
5.555512e-01
1.736653e+00
7.342520e-02
3.462019e-02
1.737033e+00
7.776640e-02
0.000000e+00
-9.961947e-01
8.715575e-02
3.462019e-02
1.737033e+00
7.776640e-02
5.555512e-01
1.736653e+00
7.342520e-02
5.556463e-01
1.736749e+00
7.560409e-02
0.000000e+00
-9.894404e-01
1.449400e-01
3.462019e-02
1.737033e+00
7.776640e-02
5.556463e-01
1.736749e+00
7.560409e-02
5.559310e-01
1.737033e+00
7.776640e-02
-8.191521e-01
0.000000e+00
5.735765e-01
3.736250e-01
5.828317e-01
8.592520e-02
3.747968e-01
5.816599e-01
8.776461e-02
3.761245e-01
1.578269e+00
8.949488e-02
-9.995772e-01
0.000000e+00
2.907651e-02
3.702756e-01
1.584117e+00
7.342520e-02
3.702756e-01
5.861811e-01
7.342520e-02
3.703707e-01
1.584022e+00
7.560409e-02
-9.983077e-01
0.000000e+00
5.815303e-02
3.703707e-01
1.584022e+00
7.560409e-02
3.702756e-01
5.861811e-01
7.342520e-02
3.703707e-01
5.860860e-01
7.560409e-02
-9.932393e-01
0.000000e+00
1.160848e-01
3.703707e-01
1.584022e+00
7.560409e-02
3.703707e-01
5.860860e-01
7.560409e-02
3.706554e-01
1.583737e+00
7.776640e-02
-9.894404e-01
0.000000e+00
1.449400e-01
3.706554e-01
1.583737e+00
7.776640e-02
3.703707e-01
5.860860e-01
7.560409e-02
3.706554e-01
5.858013e-01
7.776640e-02
-9.793423e-01
0.000000e+00
2.022095e-01
3.706554e-01
1.583737e+00
7.776640e-02
3.706554e-01
5.858013e-01
7.776640e-02
3.711275e-01
1.583266e+00
7.989567e-02
-9.730430e-01
0.000000e+00
2.306239e-01
3.711275e-01
1.583266e+00
7.989567e-02
3.706554e-01
5.858013e-01
7.776640e-02
3.711275e-01
5.853292e-01
7.989567e-02
-9.579919e-01
0.000000e+00
2.867954e-01
3.711275e-01
1.583266e+00
7.989567e-02
3.711275e-01
5.853292e-01
7.989567e-02
3.717833e-01
1.582610e+00
8.197570e-02
-9.492401e-01
0.000000e+00
3.145525e-01
3.717833e-01
1.582610e+00
8.197570e-02
3.711275e-01
5.853292e-01
7.989567e-02
3.717833e-01
5.846734e-01
8.197570e-02
-9.293506e-01
0.000000e+00
3.691985e-01
3.717833e-01
1.582610e+00
8.197570e-02
3.717833e-01
5.846734e-01
8.197570e-02
3.726179e-01
1.581775e+00
8.399066e-02
-9.182128e-01
0.000000e+00
3.960873e-01
3.726179e-01
1.581775e+00
8.399066e-02
3.717833e-01
5.846734e-01
8.197570e-02
3.726179e-01
5.838388e-01
8.399066e-02
-8.936363e-01
0.000000e+00
4.487918e-01
3.726179e-01
1.581775e+00
8.399066e-02
3.726179e-01
5.838388e-01
8.399066e-02
3.736250e-01
1.580768e+00
8.592520e-02
-8.801975e-01
0.000000e+00
4.746076e-01
3.736250e-01
1.580768e+00
8.592520e-02
3.726179e-01
5.838388e-01
8.399066e-02
3.736250e-01
5.828317e-01
8.592520e-02
-8.511210e-01
0.000000e+00
5.249696e-01
3.736250e-01
1.580768e+00
8.592520e-02
3.736250e-01
5.828317e-01
8.592520e-02
3.747968e-01
1.579596e+00
8.776461e-02
-8.191521e-01
0.000000e+00
5.735765e-01
3.747968e-01
1.579596e+00
8.776461e-02
3.736250e-01
5.828317e-01
8.592520e-02
3.761245e-01
1.578269e+00
8.949488e-02
-7.844105e-01
0.000000e+00
6.202420e-01
3.747968e-01
5.816599e-01
8.776461e-02
3.761245e-01
5.803322e-01
8.949488e-02
3.761245e-01
1.578269e+00
8.949488e-02
-7.274188e-01
0.000000e+00
6.861938e-01
3.761245e-01
1.578269e+00
8.949488e-02
3.761245e-01
5.803322e-01
8.949488e-02
3.792059e-01
5.772508e-01
9.257630e-02
-6.861938e-01
0.000000e+00
7.274188e-01
3.761245e-01
1.578269e+00
8.949488e-02
3.792059e-01
5.772508e-01
9.257630e-02
3.792059e-01
1.575187e+00
9.257630e-02
-5.972114e-01
0.000000e+00
8.020838e-01
3.792059e-01
1.575187e+00
9.257630e-02
3.792059e-01
5.772508e-01
9.257630e-02
3.827756e-01
5.736811e-01
9.507584e-02
-5.494540e-01
0.000000e+00
8.355240e-01
3.792059e-01
1.575187e+00
9.257630e-02
3.827756e-01
5.736811e-01
9.507584e-02
3.827756e-01
1.571617e+00
9.507584e-02
-4.488580e-01
0.000000e+00
8.936031e-01
3.827756e-01
1.571617e+00
9.507584e-02
3.827756e-01
5.736811e-01
9.507584e-02
3.867251e-01
5.697316e-01
9.691752e-02
-3.960194e-01
0.000000e+00
9.182422e-01
3.827756e-01
1.571617e+00
9.507584e-02
3.867251e-01
5.697316e-01
9.691752e-02
3.867251e-01
1.567668e+00
9.691752e-02
-2.868663e-01
0.000000e+00
9.579706e-01
3.867251e-01
1.567668e+00
9.691752e-02
3.867251e-01
5.697316e-01
9.691752e-02
3.909344e-01
5.655223e-01
9.804539e-02
-2.305519e-01
0.000000e+00
9.730600e-01
3.867251e-01
1.567668e+00
9.691752e-02
3.909344e-01
5.655223e-01
9.804539e-02
3.909344e-01
1.563459e+00
9.804539e-02
-1.161583e-01
0.000000e+00
9.932307e-01
3.909344e-01
1.563459e+00
9.804539e-02
3.909344e-01
5.655223e-01
9.804539e-02
3.952756e-01
5.611811e-01
9.842519e-02
-5.807913e-02
0.000000e+00
9.983119e-01
3.909344e-01
1.563459e+00
9.804539e-02
3.952756e-01
5.611811e-01
9.842519e-02
3.952756e-01
1.559117e+00
9.842519e-02
-8.936363e-01
0.000000e+00
4.487919e-01
5.578935e-01
1.581775e+00
8.399066e-02
5.589005e-01
1.580768e+00
8.592520e-02
5.578935e-01
1.738996e+00
8.399066e-02
-5.807913e-02
0.000000e+00
9.983119e-01
5.805512e-01
1.559117e+00
9.842519e-02
5.805512e-01
1.761654e+00
9.842519e-02
5.762100e-01
1.757312e+00
9.804539e-02
-1.161583e-01
0.000000e+00
9.932307e-01
5.805512e-01
1.559117e+00
9.842519e-02
5.762100e-01
1.757312e+00
9.804539e-02
5.762100e-01
1.563459e+00
9.804539e-02
-2.305519e-01
0.000000e+00
9.730600e-01
5.762100e-01
1.563459e+00
9.804539e-02
5.762100e-01
1.757312e+00
9.804539e-02
5.720007e-01
1.753103e+00
9.691752e-02
-2.868663e-01
0.000000e+00
9.579706e-01
5.762100e-01
1.563459e+00
9.804539e-02
5.720007e-01
1.753103e+00
9.691752e-02
5.720007e-01
1.567668e+00
9.691752e-02
-3.960194e-01
0.000000e+00
9.182422e-01
5.720007e-01
1.567668e+00
9.691752e-02
5.720007e-01
1.753103e+00
9.691752e-02
5.680512e-01
1.749154e+00
9.507584e-02
-4.488580e-01
0.000000e+00
8.936031e-01
5.720007e-01
1.567668e+00
9.691752e-02
5.680512e-01
1.749154e+00
9.507584e-02
5.680512e-01
1.571617e+00
9.507584e-02
-5.494540e-01
0.000000e+00
8.355240e-01
5.680512e-01
1.571617e+00
9.507584e-02
5.680512e-01
1.749154e+00
9.507584e-02
5.644815e-01
1.745584e+00
9.257630e-02
-5.972114e-01
0.000000e+00
8.020838e-01
5.680512e-01
1.571617e+00
9.507584e-02
5.644815e-01
1.745584e+00
9.257630e-02
5.644815e-01
1.575187e+00
9.257630e-02
-6.861938e-01
0.000000e+00
7.274188e-01
5.644815e-01
1.575187e+00
9.257630e-02
5.644815e-01
1.745584e+00
9.257630e-02
5.614001e-01
1.742502e+00
8.949488e-02
-7.274188e-01
0.000000e+00
6.861938e-01
5.644815e-01
1.575187e+00
9.257630e-02
5.614001e-01
1.742502e+00
8.949488e-02
5.614001e-01
1.578269e+00
8.949488e-02
-7.844105e-01
0.000000e+00
6.202419e-01
5.614001e-01
1.578269e+00
8.949488e-02
5.614001e-01
1.742502e+00
8.949488e-02
5.600724e-01
1.741175e+00
8.776461e-02
-8.021281e-01
0.000000e+00
5.971520e-01
5.614001e-01
1.578269e+00
8.949488e-02
5.600724e-01
1.741175e+00
8.776461e-02
5.600724e-01
1.579596e+00
8.776461e-02
-8.354833e-01
0.000000e+00
5.495159e-01
5.600724e-01
1.579596e+00
8.776461e-02
5.600724e-01
1.741175e+00
8.776461e-02
5.589005e-01
1.580768e+00
8.592520e-02
-8.511210e-01
0.000000e+00
5.249696e-01
5.589005e-01
1.580768e+00
8.592520e-02
5.600724e-01
1.741175e+00
8.776461e-02
5.589005e-01
1.740003e+00
8.592520e-02
-8.801975e-01
0.000000e+00
4.746076e-01
5.589005e-01
1.580768e+00
8.592520e-02
5.589005e-01
1.740003e+00
8.592520e-02
5.578935e-01
1.738996e+00
8.399066e-02
-9.182128e-01
0.000000e+00
3.960873e-01
5.578935e-01
1.581775e+00
8.399066e-02
5.578935e-01
1.738996e+00
8.399066e-02
5.570589e-01
1.582610e+00
8.197570e-02
-9.293506e-01
0.000000e+00
3.691985e-01
5.570589e-01
1.582610e+00
8.197570e-02
5.578935e-01
1.738996e+00
8.399066e-02
5.570589e-01
1.738161e+00
8.197570e-02
-9.492401e-01
0.000000e+00
3.145525e-01
5.570589e-01
1.582610e+00
8.197570e-02
5.570589e-01
1.738161e+00
8.197570e-02
5.564030e-01
1.737505e+00
7.989567e-02
-9.995772e-01
0.000000e+00
2.907651e-02
5.555512e-01
1.736653e+00
7.342520e-02
5.555512e-01
1.584117e+00
7.342520e-02
5.556463e-01
1.736749e+00
7.560409e-02
-9.983077e-01
0.000000e+00
5.815303e-02
5.556463e-01
1.736749e+00
7.560409e-02
5.555512e-01
1.584117e+00
7.342520e-02
5.556463e-01
1.584022e+00
7.560409e-02
-9.932393e-01
0.000000e+00
1.160848e-01
5.556463e-01
1.736749e+00
7.560409e-02
5.556463e-01
1.584022e+00
7.560409e-02
5.559310e-01
1.737033e+00
7.776640e-02
-9.894404e-01
0.000000e+00
1.449400e-01
5.559310e-01
1.737033e+00
7.776640e-02
5.556463e-01
1.584022e+00
7.560409e-02
5.559310e-01
1.583737e+00
7.776640e-02
-9.793423e-01
0.000000e+00
2.022095e-01
5.559310e-01
1.737033e+00
7.776640e-02
5.559310e-01
1.583737e+00
7.776640e-02
5.564030e-01
1.737505e+00
7.989567e-02
-9.730430e-01
0.000000e+00
2.306239e-01
5.564030e-01
1.737505e+00
7.989567e-02
5.559310e-01
1.583737e+00
7.776640e-02
5.564030e-01
1.583266e+00
7.989567e-02
-9.579919e-01
0.000000e+00
2.867954e-01
5.564030e-01
1.737505e+00
7.989567e-02
5.564030e-01
1.583266e+00
7.989567e-02
5.570589e-01
1.582610e+00
8.197570e-02
0.000000e+00
9.995772e-01
2.907651e-02
5.555512e-01
1.584117e+00
7.342520e-02
3.702756e-01
1.584117e+00
7.342520e-02
3.703707e-01
1.584022e+00
7.560409e-02
0.000000e+00
9.983077e-01
5.815303e-02
5.555512e-01
1.584117e+00
7.342520e-02
3.703707e-01
1.584022e+00
7.560409e-02
5.556463e-01
1.584022e+00
7.560409e-02
0.000000e+00
9.932393e-01
1.160848e-01
5.556463e-01
1.584022e+00
7.560409e-02
3.703707e-01
1.584022e+00
7.560409e-02
3.706554e-01
1.583737e+00
7.776640e-02
0.000000e+00
9.894404e-01
1.449400e-01
5.556463e-01
1.584022e+00
7.560409e-02
3.706554e-01
1.583737e+00
7.776640e-02
5.559310e-01
1.583737e+00
7.776640e-02
0.000000e+00
9.793423e-01
2.022095e-01
5.559310e-01
1.583737e+00
7.776640e-02
3.706554e-01
1.583737e+00
7.776640e-02
3.711275e-01
1.583266e+00
7.989567e-02
0.000000e+00
9.730430e-01
2.306239e-01
5.559310e-01
1.583737e+00
7.776640e-02
3.711275e-01
1.583266e+00
7.989567e-02
5.564030e-01
1.583266e+00
7.989567e-02
0.000000e+00
9.579919e-01
2.867954e-01
5.564030e-01
1.583266e+00
7.989567e-02
3.711275e-01
1.583266e+00
7.989567e-02
3.717833e-01
1.582610e+00
8.197570e-02
0.000000e+00
9.492401e-01
3.145525e-01
5.564030e-01
1.583266e+00
7.989567e-02
3.717833e-01
1.582610e+00
8.197570e-02
5.570589e-01
1.582610e+00
8.197570e-02
0.000000e+00
9.293506e-01
3.691985e-01
5.570589e-01
1.582610e+00
8.197570e-02
3.717833e-01
1.582610e+00
8.197570e-02
3.726179e-01
1.581775e+00
8.399066e-02
0.000000e+00
9.182128e-01
3.960873e-01
5.570589e-01
1.582610e+00
8.197570e-02
3.726179e-01
1.581775e+00
8.399066e-02
5.578935e-01
1.581775e+00
8.399066e-02
0.000000e+00
8.936363e-01
4.487918e-01
5.578935e-01
1.581775e+00
8.399066e-02
3.726179e-01
1.581775e+00
8.399066e-02
3.736250e-01
1.580768e+00
8.592520e-02
0.000000e+00
8.801975e-01
4.746076e-01
5.578935e-01
1.581775e+00
8.399066e-02
3.736250e-01
1.580768e+00
8.592520e-02
5.589005e-01
1.580768e+00
8.592520e-02
0.000000e+00
8.511210e-01
5.249696e-01
5.589005e-01
1.580768e+00
8.592520e-02
3.736250e-01
1.580768e+00
8.592520e-02
3.747968e-01
1.579596e+00
8.776461e-02
0.000000e+00
8.354833e-01
5.495159e-01
5.589005e-01
1.580768e+00
8.592520e-02
3.747968e-01
1.579596e+00
8.776461e-02
5.600724e-01
1.579596e+00
8.776461e-02
0.000000e+00
8.021281e-01
5.971520e-01
5.600724e-01
1.579596e+00
8.776461e-02
3.747968e-01
1.579596e+00
8.776461e-02
3.761245e-01
1.578269e+00
8.949488e-02
0.000000e+00
7.844105e-01
6.202420e-01
5.600724e-01
1.579596e+00
8.776461e-02
3.761245e-01
1.578269e+00
8.949488e-02
5.614001e-01
1.578269e+00
8.949488e-02
0.000000e+00
7.274188e-01
6.861938e-01
5.614001e-01
1.578269e+00
8.949488e-02
3.761245e-01
1.578269e+00
8.949488e-02
3.792059e-01
1.575187e+00
9.257630e-02
0.000000e+00
6.861938e-01
7.274188e-01
5.614001e-01
1.578269e+00
8.949488e-02
3.792059e-01
1.575187e+00
9.257630e-02
5.644815e-01
1.575187e+00
9.257630e-02
0.000000e+00
5.972114e-01
8.020838e-01
5.644815e-01
1.575187e+00
9.257630e-02
3.792059e-01
1.575187e+00
9.257630e-02
3.827756e-01
1.571617e+00
9.507584e-02
0.000000e+00
5.494540e-01
8.355240e-01
5.644815e-01
1.575187e+00
9.257630e-02
3.827756e-01
1.571617e+00
9.507584e-02
5.680512e-01
1.571617e+00
9.507584e-02
0.000000e+00
4.488580e-01
8.936031e-01
5.680512e-01
1.571617e+00
9.507584e-02
3.827756e-01
1.571617e+00
9.507584e-02
3.867251e-01
1.567668e+00
9.691752e-02
0.000000e+00
3.960194e-01
9.182422e-01
5.680512e-01
1.571617e+00
9.507584e-02
3.867251e-01
1.567668e+00
9.691752e-02
5.720007e-01
1.567668e+00
9.691752e-02
0.000000e+00
2.868663e-01
9.579706e-01
5.720007e-01
1.567668e+00
9.691752e-02
3.867251e-01
1.567668e+00
9.691752e-02
3.909344e-01
1.563459e+00
9.804539e-02
0.000000e+00
2.305519e-01
9.730600e-01
5.720007e-01
1.567668e+00
9.691752e-02
3.909344e-01
1.563459e+00
9.804539e-02
5.762100e-01
1.563459e+00
9.804539e-02
0.000000e+00
1.161583e-01
9.932307e-01
5.762100e-01
1.563459e+00
9.804539e-02
3.909344e-01
1.563459e+00
9.804539e-02
3.952756e-01
1.559117e+00
9.842519e-02
0.000000e+00
5.807913e-02
9.983119e-01
5.762100e-01
1.563459e+00
9.804539e-02
3.952756e-01
1.559117e+00
9.842519e-02
5.805512e-01
1.559117e+00
9.842519e-02
