0.000000e+00
0.000000e+00
1.000000e+00
2.127834e-01
1.766654e+00
9.842519e-02
2.951999e-01
1.425306e+00
9.842519e-02
3.771896e-01
1.766654e+00
9.842519e-02
0.000000e+00
0.000000e+00
1.000000e+00
5.905512e-01
1.766654e+00
9.842519e-02
5.905512e-01
1.771654e+00
9.842519e-02
3.771896e-01
1.766654e+00
9.842519e-02
0.000000e+00
0.000000e+00
1.000000e+00
3.771896e-01
1.766654e+00
9.842519e-02
5.905512e-01
1.771654e+00
9.842519e-02
0.000000e+00
1.771654e+00
9.842519e-02
0.000000e+00
0.000000e+00
1.000000e+00
3.771896e-01
1.766654e+00
9.842519e-02
0.000000e+00
1.771654e+00
9.842519e-02
2.127834e-01
1.766654e+00
9.842519e-02
0.000000e+00
0.000000e+00
1.000000e+00
2.127834e-01
1.766654e+00
9.842519e-02
0.000000e+00
1.771654e+00
9.842519e-02
0.000000e+00
1.766654e+00
9.842519e-02
-1.000000e+00
0.000000e+00
0.000000e+00
0.000000e+00
1.766654e+00
9.842519e-02
0.000000e+00
1.771654e+00
9.842519e-02
0.000000e+00
1.771654e+00
0.000000e+00
-1.000000e+00
0.000000e+00
0.000000e+00
0.000000e+00
0.000000e+00
0.000000e+00
0.000000e+00
0.000000e+00
9.842519e-02
0.000000e+00
1.753792e+00
9.842519e-02
-1.000000e+00
0.000000e+00
0.000000e+00
0.000000e+00
0.000000e+00
0.000000e+00
0.000000e+00
1.753792e+00
9.842519e-02
0.000000e+00
1.771654e+00
0.000000e+00
-1.000000e+00
0.000000e+00
0.000000e+00
0.000000e+00
1.771654e+00
0.000000e+00
0.000000e+00
1.753792e+00
9.842519e-02
0.000000e+00
1.764209e+00
9.832541e-02
-1.000000e+00
0.000000e+00
0.000000e+00
0.000000e+00
1.771654e+00
0.000000e+00
0.000000e+00
1.764209e+00
9.832541e-02
0.000000e+00
1.766654e+00
9.842519e-02
0.000000e+00
-1.000000e+00
0.000000e+00
5.905512e-01
0.000000e+00
9.842519e-02
0.000000e+00
0.000000e+00
9.842519e-02
5.905512e-01
0.000000e+00
0.000000e+00
0.000000e+00
-1.000000e+00
0.000000e+00
5.905512e-01
0.000000e+00
0.000000e+00
0.000000e+00
0.000000e+00
9.842519e-02
0.000000e+00
0.000000e+00
0.000000e+00
1.000000e+00
0.000000e+00
0.000000e+00
5.905512e-01
1.771654e+00
0.000000e+00
5.905512e-01
1.771654e+00
9.842519e-02
5.905512e-01
1.766654e+00
9.842519e-02
1.000000e+00
0.000000e+00
0.000000e+00
5.905512e-01
0.000000e+00
9.842519e-02
5.905512e-01
0.000000e+00
0.000000e+00
5.905512e-01
1.757217e+00
9.842519e-02
1.000000e+00
0.000000e+00
0.000000e+00
5.905512e-01
1.757217e+00
9.842519e-02
5.905512e-01
0.000000e+00
0.000000e+00
5.905512e-01
1.771654e+00
0.000000e+00
1.000000e+00
0.000000e+00
0.000000e+00
5.905512e-01
1.757217e+00
9.842519e-02
5.905512e-01
1.771654e+00
0.000000e+00
5.905512e-01
1.765039e+00
9.838170e-02
1.000000e+00
0.000000e+00
0.000000e+00
5.905512e-01
1.765039e+00
9.838170e-02
5.905512e-01
1.771654e+00
0.000000e+00
5.905512e-01
1.766654e+00
9.842519e-02
0.000000e+00
1.000000e+00
0.000000e+00
0.000000e+00
1.771654e+00
9.842519e-02
5.905512e-01
1.771654e+00
9.842519e-02
0.000000e+00
1.771654e+00
0.000000e+00
0.000000e+00
1.000000e+00
0.000000e+00
0.000000e+00
1.771654e+00
0.000000e+00
5.905512e-01
1.771654e+00
9.842519e-02
5.905512e-01
1.771654e+00
0.000000e+00
0.000000e+00
0.000000e+00
1.000000e+00
0.000000e+00
1.753792e+00
9.842519e-02
0.000000e+00
0.000000e+00
9.842519e-02
3.147432e-01
4.502094e-01
9.842519e-02
0.000000e+00
0.000000e+00
1.000000e+00
3.147432e-01
4.502094e-01
9.842519e-02
0.000000e+00
0.000000e+00
9.842519e-02
5.905512e-01
0.000000e+00
9.842519e-02
0.000000e+00
0.000000e+00
1.000000e+00
3.147432e-01
4.502094e-01
9.842519e-02
5.905512e-01
0.000000e+00
9.842519e-02
5.905512e-01
1.757217e+00
9.842519e-02
0.000000e+00
0.000000e+00
-1.000000e+00
3.127756e-01
5.861811e-01
0.000000e+00
5.555512e-01
1.736653e+00
0.000000e+00
5.905512e-01
1.771654e+00
0.000000e+00
0.000000e+00
0.000000e+00
-1.000000e+00
5.905512e-01
1.771654e+00
0.000000e+00
5.555512e-01
1.736653e+00
0.000000e+00
4.008371e-01
1.736653e+00
0.000000e+00
0.000000e+00
0.000000e+00
-1.000000e+00
5.905512e-01
1.771654e+00
0.000000e+00
4.008371e-01
1.736653e+00
0.000000e+00
0.000000e+00
1.771654e+00
0.000000e+00
0.000000e+00
0.000000e+00
-1.000000e+00
5.905512e-01
1.771654e+00
0.000000e+00
5.905512e-01
0.000000e+00
0.000000e+00
3.127756e-01
5.861811e-01
0.000000e+00
0.000000e+00
0.000000e+00
-1.000000e+00
3.127756e-01
5.861811e-01
0.000000e+00
5.905512e-01
0.000000e+00
0.000000e+00
0.000000e+00
0.000000e+00
0.000000e+00
0.000000e+00
0.000000e+00
-1.000000e+00
3.127756e-01
5.861811e-01
0.000000e+00
0.000000e+00
0.000000e+00
0.000000e+00
3.500000e-02
1.736653e+00
0.000000e+00
0.000000e+00
0.000000e+00
-1.000000e+00
3.500000e-02
1.736653e+00
0.000000e+00
0.000000e+00
0.000000e+00
0.000000e+00
0.000000e+00
1.771654e+00
0.000000e+00
0.000000e+00
0.000000e+00
-1.000000e+00
3.500000e-02
1.736653e+00
0.000000e+00
0.000000e+00
1.771654e+00
0.000000e+00
1.891647e-01
1.736653e+00
0.000000e+00
0.000000e+00
0.000000e+00
-1.000000e+00
1.891647e-01
1.736653e+00
0.000000e+00
0.000000e+00
1.771654e+00
0.000000e+00
4.008371e-01
1.736653e+00
0.000000e+00
0.000000e+00
0.000000e+00
-1.000000e+00
1.891647e-01
1.736653e+00
0.000000e+00
4.008371e-01
1.736653e+00
0.000000e+00
2.952756e-01
1.297170e+00
0.000000e+00
-9.784518e-01
2.064754e-01
0.000000e+00
5.555512e-01
1.736653e+00
6.842519e-02
5.555512e-01
1.736653e+00
0.000000e+00
3.127756e-01
5.861811e-01
6.842519e-02
-9.784518e-01
2.064754e-01
0.000000e+00
3.127756e-01
5.861811e-01
6.842519e-02
5.555512e-01
1.736653e+00
0.000000e+00
3.127756e-01
5.861811e-01
0.000000e+00
9.720677e-01
2.347007e-01
0.000000e+00
3.127756e-01
5.861811e-01
6.842519e-02
3.127756e-01
5.861811e-01
5.335641e-19
3.500000e-02
1.736653e+00
6.842519e-02
9.720677e-01
2.347007e-01
0.000000e+00
3.500000e-02
1.736653e+00
6.842519e-02
3.127756e-01
5.861811e-01
5.335641e-19
3.500000e-02
1.736653e+00
5.335641e-19
0.000000e+00
-1.000000e+00
0.000000e+00
3.500000e-02
1.736653e+00
6.842519e-02
3.500000e-02
1.736653e+00
0.000000e+00
1.891647e-01
1.736653e+00
6.842519e-02
0.000000e+00
-1.000000e+00
0.000000e+00
1.891647e-01
1.736653e+00
6.842519e-02
3.500000e-02
1.736653e+00
0.000000e+00
1.891647e-01
1.736653e+00
0.000000e+00
-9.720677e-01
-2.347007e-01
0.000000e+00
1.891647e-01
1.736653e+00
6.842519e-02
1.891647e-01
1.736653e+00
5.335641e-19
2.952756e-01
1.297170e+00
6.842519e-02
-9.720677e-01
-2.347007e-01
0.000000e+00
2.952756e-01
1.297170e+00
6.842519e-02
1.891647e-01
1.736653e+00
5.335641e-19
2.952756e-01
1.297170e+00
5.335641e-19
9.723443e-01
-2.335518e-01
0.000000e+00
2.952756e-01
1.297170e+00
6.842519e-02
2.952756e-01
1.297170e+00
0.000000e+00
4.008371e-01
1.736653e+00
6.842519e-02
9.723443e-01
-2.335518e-01
0.000000e+00
4.008371e-01
1.736653e+00
6.842519e-02
2.952756e-01
1.297170e+00
0.000000e+00
4.008371e-01
1.736653e+00
0.000000e+00
0.000000e+00
-1.000000e+00
0.000000e+00
4.008371e-01
1.736653e+00
6.842519e-02
4.008371e-01
1.736653e+00
0.000000e+00
5.555512e-01
1.736653e+00
6.842519e-02
0.000000e+00
-1.000000e+00
0.000000e+00
5.555512e-01
1.736653e+00
6.842519e-02
4.008371e-01
1.736653e+00
0.000000e+00
5.555512e-01
1.736653e+00
0.000000e+00
5.082755e-02
1.227205e-02
9.986320e-01
1.689827e-16
1.753792e+00
9.842519e-02
3.147432e-01
4.502094e-01
9.842519e-02
3.144354e-01
4.714801e-01
9.805585e-02
7.714407e-02
1.862603e-02
9.968460e-01
-9.364049e-17
1.764209e+00
9.832541e-02
1.689827e-16
1.753792e+00
9.842519e-02
2.799878e-03
1.762004e+00
9.784329e-02
1.015459e-01
2.451772e-02
9.945287e-01
2.799878e-03
1.762004e+00
9.784329e-02
1.689827e-16
1.753792e+00
9.842519e-02
3.144354e-01
4.714801e-01
9.805585e-02
1.574547e-01
3.801661e-02
9.867942e-01
2.799878e-03
1.762004e+00
9.784329e-02
3.144354e-01
4.714801e-01
9.805585e-02
3.448094e-03
1.761494e+00
9.773167e-02
1.631246e-01
3.938558e-02
9.858190e-01
3.448094e-03
1.761494e+00
9.773167e-02
3.144354e-01
4.714801e-01
9.805585e-02
3.144020e-01
4.737851e-01
9.793375e-02
2.131226e-01
5.145735e-02
9.756694e-01
3.448094e-03
1.761494e+00
9.773167e-02
3.144020e-01
4.737851e-01
9.793375e-02
8.633834e-03
1.757411e+00
9.683872e-02
2.571638e-01
6.209086e-02
9.643710e-01
8.633834e-03
1.757411e+00
9.683872e-02
3.144020e-01
4.737851e-01
9.793375e-02
3.141352e-01
4.922270e-01
9.695689e-02
3.112196e-01
7.514237e-02
9.473627e-01
8.633834e-03
1.757411e+00
9.683872e-02
3.141352e-01
4.922270e-01
9.695689e-02
9.927420e-03
1.756393e+00
9.661597e-02
3.217970e-01
7.769621e-02
9.436154e-01
9.927420e-03
1.756393e+00
9.661597e-02
3.141352e-01
4.922270e-01
9.695689e-02
3.140718e-01
4.966073e-01
9.655658e-02
3.693680e-01
8.918196e-02
9.249940e-01
9.927420e-03
1.756393e+00
9.661597e-02
3.140718e-01
4.966073e-01
9.655658e-02
1.414189e-02
1.753075e+00
9.506876e-02
4.057091e-01
9.795635e-02
9.087380e-01
1.414189e-02
1.753075e+00
9.506876e-02
3.140718e-01
4.966073e-01
9.655658e-02
3.138499e-01
5.119393e-01
9.515539e-02
4.563825e-01
1.101912e-01
8.829343e-01
1.414189e-02
1.753075e+00
9.506876e-02
3.138499e-01
5.119393e-01
9.515539e-02
1.594730e-02
1.751654e+00
9.440596e-02
4.712146e-01
1.137723e-01
8.746501e-01
1.594730e-02
1.751654e+00
9.440596e-02
3.138499e-01
5.119393e-01
9.515539e-02
3.137642e-01
5.178627e-01
9.429038e-02
5.150672e-01
1.243603e-01
8.480804e-01
1.594730e-02
1.751654e+00
9.440596e-02
3.137642e-01
5.178627e-01
9.429038e-02
1.921221e-02
1.749083e+00
9.260613e-02
5.435918e-01
1.312474e-01
8.290249e-01
1.921221e-02
1.749083e+00
9.260613e-02
3.137642e-01
5.178627e-01
9.429038e-02
3.135927e-01
5.297122e-01
9.255993e-02
5.895646e-01
1.423473e-01
7.950791e-01
1.921221e-02
1.749083e+00
9.260613e-02
3.135927e-01
5.297122e-01
9.255993e-02
2.138828e-02
1.747370e+00
9.140653e-02
6.073818e-01
1.466492e-01
7.807569e-01
2.138828e-02
1.747370e+00
9.140653e-02
3.135927e-01
5.297122e-01
9.255993e-02
3.134784e-01
5.376104e-01
9.140653e-02
6.462206e-01
1.560266e-01
7.470305e-01
2.138828e-02
1.747370e+00
9.140653e-02
3.134784e-01
5.376104e-01
9.140653e-02
2.373666e-02
1.745521e+00
8.955768e-02
6.670791e-01
1.610628e-01
7.273681e-01
2.373666e-02
1.745521e+00
8.955768e-02
3.134784e-01
5.376104e-01
9.140653e-02
3.133572e-01
5.459900e-01
8.955768e-02
7.070509e-01
1.707138e-01
6.862476e-01
2.373666e-02
1.745521e+00
8.955768e-02
3.133572e-01
5.459900e-01
8.955768e-02
2.608503e-02
1.743672e+00
8.770882e-02
7.261642e-01
1.753286e-01
6.647897e-01
2.608503e-02
1.743672e+00
8.770882e-02
3.133572e-01
5.459900e-01
8.955768e-02
3.132359e-01
5.543697e-01
8.770882e-02
7.589821e-01
1.832523e-01
6.247918e-01
2.608503e-02
1.743672e+00
8.770882e-02
3.132359e-01
5.543697e-01
8.770882e-02
2.772252e-02
1.742383e+00
8.605875e-02
7.728799e-01
1.866078e-01
6.064932e-01
2.772252e-02
1.742383e+00
8.605875e-02
3.132359e-01
5.543697e-01
8.770882e-02
3.131603e-01
5.595970e-01
8.596637e-02
8.058418e-01
1.945663e-01
5.592521e-01
2.772252e-02
1.742383e+00
8.605875e-02
3.131603e-01
5.595970e-01
8.596637e-02
2.989485e-02
1.740673e+00
8.342520e-02
8.332049e-01
2.011730e-01
5.150718e-01
2.989485e-02
1.740673e+00
8.342520e-02
3.131603e-01
5.595970e-01
8.596637e-02
3.084676e-02
1.739923e+00
8.204491e-02
8.332384e-01
2.011811e-01
5.150146e-01
3.131603e-01
5.595970e-01
8.596637e-02
3.130468e-01
5.674410e-01
8.335164e-02
3.084676e-02
1.739923e+00
8.204491e-02
8.583161e-01
2.072359e-01
4.694112e-01
3.084676e-02
1.739923e+00
8.204491e-02
3.130468e-01
5.674410e-01
8.335164e-02
3.129901e-01
5.713611e-01
8.204491e-02
8.833585e-01
2.132823e-01
4.173590e-01
3.084676e-02
1.739923e+00
8.204491e-02
3.129901e-01
5.713611e-01
8.204491e-02
3.270197e-02
1.738463e+00
7.868581e-02
9.033991e-01
2.181210e-01
3.691792e-01
3.270197e-02
1.738463e+00
7.868581e-02
3.129901e-01
5.713611e-01
8.204491e-02
3.313499e-02
1.738122e+00
7.769570e-02
9.591990e-01
2.315936e-01
1.621779e-01
3.128055e-01
5.841154e-01
7.363465e-02
3.127998e-01
5.845070e-01
7.311823e-02
3.453086e-02
1.737023e+00
7.311823e-02
9.033991e-01
2.181210e-01
3.691792e-01
3.129901e-01
5.713611e-01
8.204491e-02
3.128943e-01
5.779810e-01
7.868581e-02
3.313499e-02
1.738122e+00
7.769570e-02
9.209338e-01
2.223547e-01
3.200614e-01
3.313499e-02
1.738122e+00
7.769570e-02
3.128943e-01
5.779810e-01
7.868581e-02
3.128719e-01
5.795262e-01
7.769570e-02
9.312294e-01
2.248405e-01
2.868072e-01
3.313499e-02
1.738122e+00
7.769570e-02
3.128719e-01
5.795262e-01
7.769570e-02
3.386811e-02
1.737545e+00
7.568286e-02
9.431943e-01
2.277294e-01
2.419169e-01
3.386811e-02
1.737545e+00
7.568286e-02
3.128719e-01
5.795262e-01
7.769570e-02
3.439835e-02
1.737127e+00
7.363101e-02
9.496430e-01
2.292864e-01
2.135555e-01
3.439835e-02
1.737127e+00
7.363101e-02
3.128719e-01
5.795262e-01
7.769570e-02
3.453086e-02
1.737023e+00
7.311823e-02
9.445439e-01
2.280552e-01
2.362787e-01
3.453086e-02
1.737023e+00
7.311823e-02
3.128719e-01
5.795262e-01
7.769570e-02
3.128341e-01
5.821422e-01
7.568286e-02
9.542090e-01
2.303888e-01
1.908038e-01
3.453086e-02
1.737023e+00
7.311823e-02
3.128341e-01
5.821422e-01
7.568286e-02
3.128055e-01
5.841154e-01
7.363465e-02
9.699859e-01
2.341980e-01
6.541059e-02
3.127892e-01
5.852386e-01
7.195132e-02
3.127816e-01
5.857620e-01
7.077897e-02
3.500000e-02
1.736653e+00
6.842519e-02
9.679875e-01
2.337155e-01
9.152772e-02
3.127892e-01
5.852386e-01
7.195132e-02
3.500000e-02
1.736653e+00
6.842519e-02
3.127998e-01
5.845070e-01
7.311823e-02
9.690711e-01
2.339772e-01
7.845909e-02
3.127998e-01
5.845070e-01
7.311823e-02
3.500000e-02
1.736653e+00
6.842519e-02
3.488253e-02
1.736746e+00
7.077897e-02
9.637507e-01
2.326926e-01
1.305321e-01
3.127998e-01
5.845070e-01
7.311823e-02
3.488253e-02
1.736746e+00
7.077897e-02
3.453086e-02
1.737023e+00
7.311823e-02
9.713183e-01
2.345197e-01
3.925982e-02
3.127816e-01
5.857620e-01
7.077897e-02
3.127771e-01
5.860763e-01
6.960300e-02
3.500000e-02
1.736653e+00
6.842519e-02
9.718803e-01
2.346555e-01
1.963369e-02
3.500000e-02
1.736653e+00
6.842519e-02
3.127771e-01
5.860763e-01
6.960300e-02
3.127760e-01
5.861549e-01
6.901421e-02
9.720469e-01
2.346957e-01
6.544845e-03
3.500000e-02
1.736653e+00
6.842519e-02
3.127760e-01
5.861549e-01
6.901421e-02
3.127756e-01
5.861811e-01
6.842519e-02
-7.439108e-02
1.569819e-02
9.971056e-01
5.905512e-01
1.757217e+00
9.842519e-02
5.905512e-01
1.765039e+00
9.838170e-02
5.861191e-01
1.761444e+00
9.796944e-02
-1.136388e-01
2.398033e-02
9.932327e-01
5.861191e-01
1.761444e+00
9.796944e-02
3.144020e-01
4.737851e-01
9.793375e-02
5.905512e-01
1.757217e+00
9.842519e-02
-1.079725e-01
2.278462e-02
9.938928e-01
5.905512e-01
1.757217e+00
9.842519e-02
3.144020e-01
4.737851e-01
9.793375e-02
3.144354e-01
4.714801e-01
9.805585e-02
-5.116136e-02
1.079620e-02
9.986320e-01
5.905512e-01
1.757217e+00
9.842519e-02
3.144354e-01
4.714801e-01
9.805585e-02
3.147432e-01
4.502094e-01
9.842519e-02
-2.806648e-01
5.922659e-02
9.579768e-01
5.798907e-01
1.756393e+00
9.661597e-02
3.140718e-01
4.966073e-01
9.655658e-02
5.861191e-01
1.761444e+00
9.796944e-02
-2.697179e-01
5.691656e-02
9.612558e-01
5.861191e-01
1.761444e+00
9.796944e-02
3.140718e-01
4.966073e-01
9.655658e-02
3.141352e-01
4.922270e-01
9.695689e-02
-2.145052e-01
4.526543e-02
9.756734e-01
5.861191e-01
1.761444e+00
9.796944e-02
3.141352e-01
4.922270e-01
9.695689e-02
3.144020e-01
4.737851e-01
9.793375e-02
-4.391296e-01
9.266622e-02
8.936321e-01
5.740469e-01
1.751654e+00
9.440596e-02
3.137642e-01
5.178627e-01
9.429038e-02
5.798907e-01
1.756393e+00
9.661597e-02
-4.237704e-01
8.942510e-02
9.013444e-01
5.798907e-01
1.756393e+00
9.661597e-02
3.137642e-01
5.178627e-01
9.429038e-02
3.138499e-01
5.119393e-01
9.515539e-02
-3.717665e-01
7.845110e-02
9.250055e-01
5.798907e-01
1.756393e+00
9.661597e-02
3.138499e-01
5.119393e-01
9.515539e-02
3.140718e-01
4.966073e-01
9.655658e-02
-5.843425e-01
1.233094e-01
8.020839e-01
5.687650e-01
1.747370e+00
9.140653e-02
3.134784e-01
5.376104e-01
9.140653e-02
5.740469e-01
1.751654e+00
9.440596e-02
-5.659262e-01
1.194232e-01
8.157607e-01
5.740469e-01
1.751654e+00
9.440596e-02
3.134784e-01
5.376104e-01
9.140653e-02
3.135927e-01
5.297122e-01
9.255993e-02
-5.184810e-01
1.094112e-01
8.480605e-01
5.740469e-01
1.751654e+00
9.440596e-02
3.135927e-01
5.297122e-01
9.255993e-02
3.137642e-01
5.178627e-01
9.429038e-02
-7.982191e-01
1.684422e-01
5.783369e-01
3.130468e-01
5.674410e-01
8.335164e-02
3.131603e-01
5.595970e-01
8.596637e-02
5.642055e-01
1.743672e+00
8.770882e-02
-7.639318e-01
1.612068e-01
6.248364e-01
5.642055e-01
1.743672e+00
8.770882e-02
3.131603e-01
5.595970e-01
8.596637e-02
3.132359e-01
5.543697e-01
8.770882e-02
-7.117442e-01
1.501941e-01
6.861938e-01
5.642055e-01
1.743672e+00
8.770882e-02
3.132359e-01
5.543697e-01
8.770882e-02
5.687650e-01
1.747370e+00
9.140653e-02
-6.918699e-01
1.460001e-01
7.071068e-01
5.687650e-01
1.747370e+00
9.140653e-02
3.132359e-01
5.543697e-01
8.770882e-02
3.133572e-01
5.459900e-01
8.955768e-02
-6.504648e-01
1.372627e-01
7.470305e-01
5.687650e-01
1.747370e+00
9.140653e-02
3.133572e-01
5.459900e-01
8.955768e-02
3.134784e-01
5.376104e-01
9.140653e-02
-8.015382e-01
1.691426e-01
5.735219e-01
5.642055e-01
1.743672e+00
8.770882e-02
5.622410e-01
1.742079e+00
8.563249e-02
3.130468e-01
5.674410e-01
8.335164e-02
-8.328151e-01
1.757427e-01
5.249128e-01
3.130468e-01
5.674410e-01
8.335164e-02
5.622410e-01
1.742079e+00
8.563249e-02
5.605071e-01
1.740673e+00
8.342520e-02
-8.558040e-01
1.805939e-01
4.847529e-01
3.130468e-01
5.674410e-01
8.335164e-02
5.605071e-01
1.740673e+00
8.342520e-02
3.129901e-01
5.713611e-01
8.204491e-02
-8.818948e-01
1.860996e-01
4.331610e-01
3.129901e-01
5.713611e-01
8.204491e-02
5.605071e-01
1.740673e+00
8.342520e-02
3.128943e-01
5.779810e-01
7.868581e-02
-9.465728e-01
1.997482e-01
2.531809e-01
3.128055e-01
5.841154e-01
7.363465e-02
3.128341e-01
5.821422e-01
7.568286e-02
5.577821e-01
1.738463e+00
7.868581e-02
-8.867785e-01
1.871302e-01
4.226183e-01
5.605071e-01
1.740673e+00
8.342520e-02
5.590170e-01
1.739464e+00
8.110374e-02
3.128943e-01
5.779810e-01
7.868581e-02
-9.093247e-01
1.918880e-01
3.691985e-01
3.128943e-01
5.779810e-01
7.868581e-02
5.590170e-01
1.739464e+00
8.110374e-02
5.577821e-01
1.738463e+00
7.868581e-02
-9.232753e-01
1.948319e-01
3.310639e-01
3.128943e-01
5.779810e-01
7.868581e-02
5.577821e-01
1.738463e+00
7.868581e-02
3.128719e-01
5.795262e-01
7.769570e-02
-9.340165e-01
1.970985e-01
2.979353e-01
3.128719e-01
5.795262e-01
7.769570e-02
5.577821e-01
1.738463e+00
7.868581e-02
3.128341e-01
5.821422e-01
7.568286e-02
-9.764065e-01
2.060438e-01
6.462403e-02
3.127760e-01
5.861549e-01
6.901421e-02
5.561132e-01
1.737109e+00
7.363465e-02
3.127756e-01
5.861811e-01
6.842519e-02
-9.747285e-01
2.056896e-01
8.715574e-02
3.127756e-01
5.861811e-01
6.842519e-02
5.561132e-01
1.737109e+00
7.363465e-02
5.556920e-01
1.736768e+00
7.103987e-02
-9.780381e-01
2.063881e-01
2.907651e-02
3.127756e-01
5.861811e-01
6.842519e-02
5.556920e-01
1.736768e+00
7.103987e-02
5.555512e-01
1.736653e+00
6.842519e-02
-9.754939e-01
2.058512e-01
7.769800e-02
3.127760e-01
5.861549e-01
6.901421e-02
3.127771e-01
5.860763e-01
6.960300e-02
5.561132e-01
1.737109e+00
7.363465e-02
-9.738111e-01
2.054961e-01
9.727932e-02
5.561132e-01
1.737109e+00
7.363465e-02
3.127771e-01
5.860763e-01
6.960300e-02
3.127816e-01
5.857620e-01
7.077897e-02
-9.709844e-01
2.048996e-01
1.233106e-01
5.561132e-01
1.737109e+00
7.363465e-02
3.127816e-01
5.857620e-01
7.077897e-02
3.127892e-01
5.852386e-01
7.195132e-02
-9.451119e-01
1.994399e-01
2.588191e-01
5.577821e-01
1.738463e+00
7.868581e-02
5.568116e-01
1.737676e+00
7.618977e-02
3.128055e-01
5.841154e-01
7.363465e-02
-9.582392e-01
2.022100e-01
2.022095e-01
3.128055e-01
5.841154e-01
7.363465e-02
5.568116e-01
1.737676e+00
7.618977e-02
5.561132e-01
1.737109e+00
7.363465e-02
-9.645591e-01
2.035437e-01
1.679160e-01
3.128055e-01
5.841154e-01
7.363465e-02
5.561132e-01
1.737109e+00
7.363465e-02
3.127998e-01
5.845070e-01
7.311823e-02
-9.674929e-01
2.041628e-01
1.492487e-01
3.127998e-01
5.845070e-01
7.311823e-02
5.561132e-01
1.737109e+00
7.363465e-02
3.127892e-01
5.852386e-01
7.195132e-02
0.000000e+00
-6.862476e-01
7.273681e-01
1.961460e-01
1.745521e+00
8.955768e-02
1.976016e-01
1.747370e+00
9.140653e-02
2.373666e-02
1.745521e+00
8.955768e-02
0.000000e+00
-5.592352e-01
8.290090e-01
1.989503e-01
1.749083e+00
9.260605e-02
2.009740e-01
1.751654e+00
9.440596e-02
1.921221e-02
1.749083e+00
9.260613e-02
0.000000e+00
-4.174165e-01
9.087152e-01
2.020929e-01
1.753075e+00
9.506865e-02
2.047053e-01
1.756393e+00
9.661597e-02
1.414189e-02
1.753075e+00
9.506876e-02
0.000000e+00
-2.718504e-02
9.996304e-01
0.000000e+00
1.766654e+00
9.842519e-02
0.000000e+00
1.764209e+00
9.832541e-02
2.127834e-01
1.766654e+00
9.842519e-02
0.000000e+00
-7.936081e-02
9.968460e-01
2.127834e-01
1.766654e+00
9.842519e-02
0.000000e+00
1.764209e+00
9.832541e-02
2.799878e-03
1.762004e+00
9.784329e-02
0.000000e+00
-1.044915e-01
9.945258e-01
2.127834e-01
1.766654e+00
9.842519e-02
2.799878e-03
1.762004e+00
9.784329e-02
2.090917e-01
1.761964e+00
9.801496e-02
0.000000e+00
-1.620940e-01
9.867753e-01
2.090917e-01
1.761964e+00
9.801496e-02
2.799878e-03
1.762004e+00
9.784329e-02
2.086821e-01
1.761444e+00
9.796944e-02
0.000000e+00
-1.677174e-01
9.858351e-01
2.086821e-01
1.761444e+00
9.796944e-02
2.799878e-03
1.762004e+00
9.784329e-02
3.448094e-03
1.761494e+00
9.773167e-02
0.000000e+00
-2.191957e-01
9.756809e-01
2.086821e-01
1.761444e+00
9.796944e-02
3.448094e-03
1.761494e+00
9.773167e-02
2.055001e-01
1.757402e+00
9.688646e-02
0.000000e+00
-2.645206e-01
9.643800e-01
2.055001e-01
1.757402e+00
9.688646e-02
3.448094e-03
1.761494e+00
9.773167e-02
8.633834e-03
1.757411e+00
9.683872e-02
0.000000e+00
-3.201980e-01
9.473507e-01
2.055001e-01
1.757402e+00
9.688646e-02
8.633834e-03
1.757411e+00
9.683872e-02
2.047053e-01
1.756393e+00
9.661597e-02
0.000000e+00
-3.311647e-01
9.435730e-01
2.047053e-01
1.756393e+00
9.661597e-02
8.633834e-03
1.757411e+00
9.683872e-02
9.927420e-03
1.756393e+00
9.661597e-02
0.000000e+00
-3.800015e-01
9.249859e-01
2.047053e-01
1.756393e+00
9.661597e-02
9.927420e-03
1.756393e+00
9.661597e-02
1.414189e-02
1.753075e+00
9.506876e-02
0.000000e+00
-4.695259e-01
8.829187e-01
2.020929e-01
1.753075e+00
9.506865e-02
1.414189e-02
1.753075e+00
9.506876e-02
2.009740e-01
1.751654e+00
9.440596e-02
0.000000e+00
-4.848376e-01
8.746042e-01
2.009740e-01
1.751654e+00
9.440596e-02
1.414189e-02
1.753075e+00
9.506876e-02
1.594730e-02
1.751654e+00
9.440596e-02
0.000000e+00
-5.299222e-01
8.480462e-01
2.009740e-01
1.751654e+00
9.440596e-02
1.594730e-02
1.751654e+00
9.440596e-02
1.921221e-02
1.749083e+00
9.260613e-02
0.000000e+00
-6.064771e-01
7.951010e-01
1.989503e-01
1.749083e+00
9.260605e-02
1.921221e-02
1.749083e+00
9.260613e-02
1.976016e-01
1.747370e+00
9.140653e-02
0.000000e+00
-6.248056e-01
7.807804e-01
1.976016e-01
1.747370e+00
9.140653e-02
1.921221e-02
1.749083e+00
9.260613e-02
2.138828e-02
1.747370e+00
9.140653e-02
0.000000e+00
-6.647897e-01
7.470305e-01
1.976016e-01
1.747370e+00
9.140653e-02
2.138828e-02
1.747370e+00
9.140653e-02
2.373666e-02
1.745521e+00
8.955768e-02
0.000000e+00
-9.545861e-01
2.979353e-01
3.313499e-02
1.738122e+00
7.769570e-02
3.386811e-02
1.737545e+00
7.568286e-02
1.905891e-01
1.738463e+00
7.868581e-02
0.000000e+00
-7.273681e-01
6.862476e-01
1.961460e-01
1.745521e+00
8.955768e-02
2.373666e-02
1.745521e+00
8.955768e-02
1.946904e-01
1.743672e+00
8.770882e-02
0.000000e+00
-7.470305e-01
6.647897e-01
1.946904e-01
1.743672e+00
8.770882e-02
2.373666e-02
1.745521e+00
8.955768e-02
2.608503e-02
1.743672e+00
8.770882e-02
0.000000e+00
-7.807914e-01
6.247918e-01
1.946904e-01
1.743672e+00
8.770882e-02
2.608503e-02
1.743672e+00
8.770882e-02
1.936755e-01
1.742383e+00
8.605875e-02
0.000000e+00
-7.951233e-01
6.064478e-01
1.936755e-01
1.742383e+00
8.605875e-02
2.608503e-02
1.743672e+00
8.770882e-02
2.772252e-02
1.742383e+00
8.605875e-02
0.000000e+00
-8.290424e-01
5.591857e-01
1.936755e-01
1.742383e+00
8.605875e-02
2.772252e-02
1.742383e+00
8.605875e-02
1.923842e-01
1.740743e+00
8.338234e-02
0.000000e+00
-8.480677e-01
5.298879e-01
1.923842e-01
1.740743e+00
8.338234e-02
2.772252e-02
1.742383e+00
8.605875e-02
2.989485e-02
1.740673e+00
8.342520e-02
0.000000e+00
-8.746299e-01
4.847912e-01
1.923842e-01
1.740743e+00
8.338234e-02
2.989485e-02
1.740673e+00
8.342520e-02
1.917390e-01
1.739923e+00
8.204491e-02
0.000000e+00
-8.829485e-01
4.694700e-01
1.917390e-01
1.739923e+00
8.204491e-02
2.989485e-02
1.740673e+00
8.342520e-02
3.084676e-02
1.739923e+00
8.204491e-02
0.000000e+00
-9.087417e-01
4.173590e-01
1.917390e-01
1.739923e+00
8.204491e-02
3.084676e-02
1.739923e+00
8.204491e-02
1.905891e-01
1.738463e+00
7.868581e-02
0.000000e+00
-9.249974e-01
3.799735e-01
1.905891e-01
1.738463e+00
7.868581e-02
3.084676e-02
1.739923e+00
8.204491e-02
3.270197e-02
1.738463e+00
7.868581e-02
0.000000e+00
-9.436083e-01
3.310639e-01
1.905891e-01
1.738463e+00
7.868581e-02
3.270197e-02
1.738463e+00
7.868581e-02
3.313499e-02
1.738122e+00
7.769570e-02
0.000000e+00
-9.996575e-01
2.617097e-02
3.488253e-02
1.736746e+00
7.077897e-02
3.500000e-02
1.736653e+00
6.842519e-02
1.891647e-01
1.736653e+00
6.842519e-02
0.000000e+00
-9.906684e-01
1.362942e-01
1.892375e-01
1.736746e+00
7.077897e-02
1.894555e-01
1.737023e+00
7.311823e-02
3.439835e-02
1.737127e+00
7.363101e-02
0.000000e+00
-9.858022e-01
1.679108e-01
3.439835e-02
1.737127e+00
7.363101e-02
1.894555e-01
1.737023e+00
7.311823e-02
1.895235e-01
1.737109e+00
7.363465e-02
0.000000e+00
-9.805024e-01
1.965074e-01
3.439835e-02
1.737127e+00
7.363101e-02
1.895235e-01
1.737109e+00
7.363465e-02
3.386811e-02
1.737545e+00
7.568286e-02
0.000000e+00
-9.702957e-01
2.419219e-01
3.386811e-02
1.737545e+00
7.568286e-02
1.895235e-01
1.737109e+00
7.363465e-02
1.903207e-01
1.738122e+00
7.769570e-02
0.000000e+00
-9.545861e-01
2.979353e-01
3.386811e-02
1.737545e+00
7.568286e-02
1.903207e-01
1.738122e+00
7.769570e-02
1.905891e-01
1.738463e+00
7.868581e-02
0.000000e+00
-9.964451e-01
8.424502e-02
1.892375e-01
1.736746e+00
7.077897e-02
3.439835e-02
1.737127e+00
7.363101e-02
1.891647e-01
1.736653e+00
6.842519e-02
0.000000e+00
-9.938915e-01
1.103620e-01
1.891647e-01
1.736653e+00
6.842519e-02
3.439835e-02
1.737127e+00
7.363101e-02
3.453086e-02
1.737023e+00
7.311823e-02
0.000000e+00
-9.969173e-01
7.845910e-02
1.891647e-01
1.736653e+00
6.842519e-02
3.453086e-02
1.737023e+00
7.311823e-02
3.488253e-02
1.736746e+00
7.077897e-02
0.000000e+00
-7.602938e-02
9.971056e-01
5.861191e-01
1.761444e+00
9.796944e-02
5.905512e-01
1.765039e+00
9.838170e-02
5.905512e-01
1.766654e+00
9.842519e-02
0.000000e+00
-6.861938e-01
7.274188e-01
3.953046e-01
1.743672e+00
8.770882e-02
5.687650e-01
1.747370e+00
9.140653e-02
3.923899e-01
1.747370e+00
9.140653e-02
0.000000e+00
-5.972114e-01
8.020838e-01
3.923899e-01
1.747370e+00
9.140653e-02
5.687650e-01
1.747370e+00
9.140653e-02
5.740469e-01
1.751654e+00
9.440596e-02
0.000000e+00
-5.494540e-01
8.355240e-01
3.923899e-01
1.747370e+00
9.140653e-02
5.740469e-01
1.751654e+00
9.440596e-02
3.890133e-01
1.751654e+00
9.440596e-02
0.000000e+00
-4.488580e-01
8.936031e-01
3.890133e-01
1.751654e+00
9.440596e-02
5.740469e-01
1.751654e+00
9.440596e-02
5.798907e-01
1.756393e+00
9.661597e-02
0.000000e+00
-3.960194e-01
9.182422e-01
3.890133e-01
1.751654e+00
9.440596e-02
5.798907e-01
1.756393e+00
9.661597e-02
3.852775e-01
1.756393e+00
9.661597e-02
0.000000e+00
-2.868663e-01
9.579706e-01
3.852775e-01
1.756393e+00
9.661597e-02
5.798907e-01
1.756393e+00
9.661597e-02
5.861191e-01
1.761444e+00
9.796944e-02
0.000000e+00
-2.305519e-01
9.730600e-01
3.852775e-01
1.756393e+00
9.661597e-02
5.861191e-01
1.761444e+00
9.796944e-02
3.812959e-01
1.761444e+00
9.796944e-02
0.000000e+00
-1.161583e-01
9.932307e-01
3.812959e-01
1.761444e+00
9.796944e-02
5.861191e-01
1.761444e+00
9.796944e-02
5.905512e-01
1.766654e+00
9.842519e-02
0.000000e+00
-5.807913e-02
9.983119e-01
3.812959e-01
1.761444e+00
9.796944e-02
5.905512e-01
1.766654e+00
9.842519e-02
3.771896e-01
1.766654e+00
9.842519e-02
0.000000e+00
-9.995772e-01
2.907651e-02
4.008371e-01
1.736653e+00
6.842519e-02
5.555512e-01
1.736653e+00
6.842519e-02
4.007470e-01
1.736768e+00
7.103987e-02
0.000000e+00
-9.983077e-01
5.815303e-02
4.007470e-01
1.736768e+00
7.103987e-02
5.555512e-01
1.736653e+00
6.842519e-02
5.556920e-01
1.736768e+00
7.103987e-02
0.000000e+00
-9.932393e-01
1.160848e-01
4.007470e-01
1.736768e+00
7.103987e-02
5.556920e-01
1.736768e+00
7.103987e-02
4.004778e-01
1.737109e+00
7.363465e-02
0.000000e+00
-9.894404e-01
1.449400e-01
4.004778e-01
1.737109e+00
7.363465e-02
5.556920e-01
1.736768e+00
7.103987e-02
5.561132e-01
1.737109e+00
7.363465e-02
0.000000e+00
-9.793423e-01
2.022095e-01
4.004778e-01
1.737109e+00
7.363465e-02
5.561132e-01
1.737109e+00
7.363465e-02
4.000313e-01
1.737676e+00
7.618977e-02
0.000000e+00
-9.730430e-01
2.306239e-01
4.000313e-01
1.737676e+00
7.618977e-02
5.561132e-01
1.737109e+00
7.363465e-02
5.568116e-01
1.737676e+00
7.618977e-02
0.000000e+00
-9.579919e-01
2.867954e-01
4.000313e-01
1.737676e+00
7.618977e-02
5.568116e-01
1.737676e+00
7.618977e-02
3.994109e-01
1.738463e+00
7.868581e-02
0.000000e+00
-9.492401e-01
3.145525e-01
3.994109e-01
1.738463e+00
7.868581e-02
5.568116e-01
1.737676e+00
7.618977e-02
5.577821e-01
1.738463e+00
7.868581e-02
0.000000e+00
-9.293506e-01
3.691985e-01
3.994109e-01
1.738463e+00
7.868581e-02
5.577821e-01
1.738463e+00
7.868581e-02
3.986215e-01
1.739464e+00
8.110374e-02
0.000000e+00
-9.182128e-01
3.960873e-01
3.986215e-01
1.739464e+00
8.110374e-02
5.577821e-01
1.738463e+00
7.868581e-02
5.590170e-01
1.739464e+00
8.110374e-02
0.000000e+00
-8.936363e-01
4.487918e-01
3.986215e-01
1.739464e+00
8.110374e-02
5.590170e-01
1.739464e+00
8.110374e-02
3.976689e-01
1.740673e+00
8.342520e-02
0.000000e+00
-8.801975e-01
4.746076e-01
3.976689e-01
1.740673e+00
8.342520e-02
5.590170e-01
1.739464e+00
8.110374e-02
5.605071e-01
1.740673e+00
8.342520e-02
0.000000e+00
-8.511210e-01
5.249696e-01
3.976689e-01
1.740673e+00
8.342520e-02
5.605071e-01
1.740673e+00
8.342520e-02
3.965605e-01
1.742079e+00
8.563249e-02
0.000000e+00
-8.354833e-01
5.495159e-01
3.965605e-01
1.742079e+00
8.563249e-02
5.605071e-01
1.740673e+00
8.342520e-02
5.622410e-01
1.742079e+00
8.563249e-02
0.000000e+00
-8.021281e-01
5.971520e-01
3.965605e-01
1.742079e+00
8.563249e-02
5.622410e-01
1.742079e+00
8.563249e-02
3.953046e-01
1.743672e+00
8.770882e-02
0.000000e+00
-7.844105e-01
6.202420e-01
3.953046e-01
1.743672e+00
8.770882e-02
5.622410e-01
1.742079e+00
8.563249e-02
5.642055e-01
1.743672e+00
8.770882e-02
0.000000e+00
-7.274188e-01
6.861938e-01
3.953046e-01
1.743672e+00
8.770882e-02
5.642055e-01
1.743672e+00
8.770882e-02
5.687650e-01
1.747370e+00
9.140653e-02
-6.291611e-01
-1.519077e-01
7.622862e-01
2.952442e-01
1.350260e+00
9.260627e-02
1.976016e-01
1.747370e+00
9.140653e-02
1.961460e-01
1.745521e+00
8.955768e-02
-2.131494e-01
-5.146381e-02
9.756632e-01
2.952232e-01
1.385796e+00
9.688664e-02
2.952130e-01
1.403056e+00
9.796944e-02
2.086821e-01
1.761444e+00
9.796944e-02
-1.632466e-01
-3.941505e-02
9.857976e-01
2.086821e-01
1.761444e+00
9.796944e-02
2.952130e-01
1.403056e+00
9.796944e-02
2.952117e-01
1.405281e+00
9.801500e-02
-1.576955e-01
-3.807477e-02
9.867535e-01
2.086821e-01
1.761444e+00
9.796944e-02
2.952117e-01
1.405281e+00
9.801500e-02
2.090917e-01
1.761964e+00
9.801496e-02
-1.017032e-01
-2.455571e-02
9.945117e-01
2.090917e-01
1.761964e+00
9.801496e-02
2.952117e-01
1.405281e+00
9.801500e-02
2.951999e-01
1.425306e+00
9.842519e-02
-5.085450e-02
-1.227855e-02
9.986306e-01
2.090917e-01
1.761964e+00
9.801496e-02
2.951999e-01
1.425306e+00
9.842519e-02
2.127834e-01
1.766654e+00
9.842519e-02
-3.693830e-01
-8.918562e-02
9.249876e-01
2.952341e-01
1.367311e+00
9.506893e-02
2.952258e-01
1.381481e+00
9.661597e-02
2.047053e-01
1.756393e+00
9.661597e-02
-3.218433e-01
-7.770739e-02
9.435987e-01
2.047053e-01
1.756393e+00
9.661597e-02
2.952258e-01
1.381481e+00
9.661597e-02
2.952232e-01
1.385796e+00
9.688664e-02
-3.111826e-01
-7.513344e-02
9.473755e-01
2.047053e-01
1.756393e+00
9.661597e-02
2.952232e-01
1.385796e+00
9.688664e-02
2.055001e-01
1.757402e+00
9.688646e-02
-2.571420e-01
-6.208559e-02
9.643772e-01
2.055001e-01
1.757402e+00
9.688646e-02
2.952232e-01
1.385796e+00
9.688664e-02
2.086821e-01
1.761444e+00
9.796944e-02
-4.057531e-01
-9.796698e-02
9.087172e-01
2.047053e-01
1.756393e+00
9.661597e-02
2.020929e-01
1.753075e+00
9.506865e-02
2.952341e-01
1.367311e+00
9.506893e-02
-4.564071e-01
-1.101971e-01
8.829208e-01
2.952341e-01
1.367311e+00
9.506893e-02
2.020929e-01
1.753075e+00
9.506865e-02
2.009740e-01
1.751654e+00
9.440596e-02
-4.712911e-01
-1.137908e-01
8.746064e-01
2.952341e-01
1.367311e+00
9.506893e-02
2.009740e-01
1.751654e+00
9.440596e-02
2.952377e-01
1.361238e+00
9.440596e-02
-5.151179e-01
-1.243725e-01
8.480477e-01
2.952377e-01
1.361238e+00
9.440596e-02
2.009740e-01
1.751654e+00
9.440596e-02
2.952442e-01
1.350260e+00
9.260627e-02
-5.436122e-01
-1.312523e-01
8.290106e-01
2.952442e-01
1.350260e+00
9.260627e-02
2.009740e-01
1.751654e+00
9.440596e-02
1.989503e-01
1.749083e+00
9.260605e-02
-5.895346e-01
-1.423401e-01
7.951027e-01
2.952442e-01
1.350260e+00
9.260627e-02
1.989503e-01
1.749083e+00
9.260605e-02
1.976016e-01
1.747370e+00
9.140653e-02
-8.502312e-01
-2.052839e-01
4.847324e-01
2.952673e-01
1.311136e+00
8.204491e-02
2.952652e-01
1.314831e+00
8.335160e-02
1.923842e-01
1.740743e+00
8.338234e-02
-8.243842e-01
-1.990433e-01
5.298797e-01
1.923842e-01
1.740743e+00
8.338234e-02
2.952652e-01
1.314831e+00
8.335160e-02
2.952608e-01
1.322223e+00
8.596640e-02
-8.058540e-01
-1.945692e-01
5.592336e-01
1.923842e-01
1.740743e+00
8.338234e-02
2.952608e-01
1.322223e+00
8.596640e-02
1.936755e-01
1.742383e+00
8.605875e-02
-7.728797e-01
-1.866078e-01
6.064937e-01
1.936755e-01
1.742383e+00
8.605875e-02
2.952608e-01
1.322223e+00
8.596640e-02
2.952579e-01
1.327149e+00
8.770882e-02
-7.589821e-01
-1.832523e-01
6.247918e-01
1.936755e-01
1.742383e+00
8.605875e-02
2.952579e-01
1.327149e+00
8.770882e-02
1.946904e-01
1.743672e+00
8.770882e-02
-7.261642e-01
-1.753286e-01
6.647897e-01
1.946904e-01
1.743672e+00
8.770882e-02
2.952579e-01
1.327149e+00
8.770882e-02
2.952532e-01
1.335045e+00
8.955768e-02
-7.070509e-01
-1.707138e-01
6.862476e-01
1.946904e-01
1.743672e+00
8.770882e-02
2.952532e-01
1.335045e+00
8.955768e-02
1.961460e-01
1.745521e+00
8.955768e-02
-6.670791e-01
-1.610628e-01
7.273680e-01
1.961460e-01
1.745521e+00
8.955768e-02
2.952532e-01
1.335045e+00
8.955768e-02
2.952485e-01
1.342942e+00
9.140653e-02
-6.291611e-01
-1.519077e-01
7.622862e-01
1.961460e-01
1.745521e+00
8.955768e-02
2.952485e-01
1.342942e+00
9.140653e-02
2.952442e-01
1.350260e+00
9.260627e-02
-8.582961e-01
-2.072311e-01
4.694498e-01
1.923842e-01
1.740743e+00
8.338234e-02
1.917390e-01
1.739923e+00
8.204491e-02
2.952673e-01
1.311136e+00
8.204491e-02
-8.833585e-01
-2.132823e-01
4.173590e-01
2.952673e-01
1.311136e+00
8.204491e-02
1.917390e-01
1.739923e+00
8.204491e-02
1.905891e-01
1.738463e+00
7.868581e-02
-8.991600e-01
-2.170975e-01
3.799735e-01
2.952673e-01
1.311136e+00
8.204491e-02
1.905891e-01
1.738463e+00
7.868581e-02
2.952710e-01
1.304898e+00
7.868581e-02
-9.172512e-01
-2.214655e-01
3.310639e-01
2.952710e-01
1.304898e+00
7.868581e-02
1.905891e-01
1.738463e+00
7.868581e-02
1.903207e-01
1.738122e+00
7.769570e-02
-9.209338e-01
-2.223547e-01
3.200614e-01
2.952710e-01
1.304898e+00
7.868581e-02
1.903207e-01
1.738122e+00
7.769570e-02
2.952719e-01
1.303442e+00
7.769570e-02
-9.374570e-01
-2.263441e-01
2.644666e-01
2.952719e-01
1.303442e+00
7.769570e-02
1.903207e-01
1.738122e+00
7.769570e-02
1.895235e-01
1.737109e+00
7.363465e-02
-9.431931e-01
-2.277291e-01
2.419219e-01
2.952719e-01
1.303442e+00
7.769570e-02
1.895235e-01
1.737109e+00
7.363465e-02
2.952734e-01
1.300977e+00
7.568286e-02
-9.542090e-01
-2.303888e-01
1.908038e-01
2.952734e-01
1.300977e+00
7.568286e-02
1.895235e-01
1.737109e+00
7.363465e-02
1.894555e-01
1.737023e+00
7.311823e-02
-9.719844e-01
-2.346806e-01
1.308885e-02
1.891647e-01
1.736653e+00
6.842519e-02
2.952756e-01
1.297170e+00
6.842519e-02
2.952755e-01
1.297269e+00
6.960300e-02
-9.713183e-01
-2.345197e-01
3.925982e-02
2.952755e-01
1.297269e+00
6.960300e-02
2.952754e-01
1.297566e+00
7.077897e-02
1.891647e-01
1.736653e+00
6.842519e-02
-9.699859e-01
-2.341980e-01
6.541059e-02
1.891647e-01
1.736653e+00
6.842519e-02
2.952754e-01
1.297566e+00
7.077897e-02
2.952751e-01
1.298059e+00
7.195132e-02
-9.699859e-01
-2.341980e-01
6.541059e-02
1.891647e-01
1.736653e+00
6.842519e-02
2.952751e-01
1.298059e+00
7.195132e-02
1.892375e-01
1.736746e+00
7.077897e-02
-9.653298e-01
-2.330739e-01
1.175374e-01
1.892375e-01
1.736746e+00
7.077897e-02
2.952751e-01
1.298059e+00
7.195132e-02
2.952747e-01
1.298748e+00
7.311823e-02
-9.637507e-01
-2.326926e-01
1.305321e-01
1.892375e-01
1.736746e+00
7.077897e-02
2.952747e-01
1.298748e+00
7.311823e-02
1.894555e-01
1.737023e+00
7.311823e-02
-9.591990e-01
-2.315936e-01
1.621778e-01
1.894555e-01
1.737023e+00
7.311823e-02
2.952747e-01
1.298748e+00
7.311823e-02
2.952744e-01
1.299117e+00
7.363465e-02
-9.542090e-01
-2.303888e-01
1.908038e-01
1.894555e-01
1.737023e+00
7.311823e-02
2.952744e-01
1.299117e+00
7.363465e-02
2.952734e-01
1.300977e+00
7.568286e-02
9.664041e-01
-2.321250e-01
1.103672e-01
2.952744e-01
1.299117e+00
7.363465e-02
2.952747e-01
1.298748e+00
7.311823e-02
4.008371e-01
1.736653e+00
6.842519e-02
9.682630e-01
-2.325715e-01
9.152772e-02
4.008371e-01
1.736653e+00
6.842519e-02
2.952747e-01
1.298748e+00
7.311823e-02
2.952751e-01
1.298059e+00
7.195132e-02
9.702621e-01
-2.330517e-01
6.541060e-02
2.952751e-01
1.298059e+00
7.195132e-02
2.952754e-01
1.297566e+00
7.077897e-02
4.008371e-01
1.736653e+00
6.842519e-02
9.715947e-01
-2.333718e-01
3.925982e-02
4.008371e-01
1.736653e+00
6.842519e-02
2.952754e-01
1.297566e+00
7.077897e-02
2.952755e-01
1.297269e+00
6.960300e-02
9.722611e-01
-2.335318e-01
1.308885e-02
4.008371e-01
1.736653e+00
6.842519e-02
2.952755e-01
1.297269e+00
6.960300e-02
2.952756e-01
1.297170e+00
6.842519e-02
9.346660e-01
-2.245017e-01
2.756783e-01
2.952710e-01
1.304898e+00
7.868581e-02
2.952719e-01
1.303442e+00
7.769570e-02
4.004778e-01
1.737109e+00
7.363465e-02
9.686443e-01
-2.326631e-01
8.715575e-02
4.008371e-01
1.736653e+00
6.842519e-02
4.007470e-01
1.736768e+00
7.103987e-02
2.952744e-01
1.299117e+00
7.363465e-02
9.620768e-01
-2.310856e-01
1.449400e-01
2.952744e-01
1.299117e+00
7.363465e-02
4.007470e-01
1.736768e+00
7.103987e-02
4.004778e-01
1.737109e+00
7.363465e-02
9.533849e-01
-2.289979e-01
1.965125e-01
2.952744e-01
1.299117e+00
7.363465e-02
4.004778e-01
1.737109e+00
7.363465e-02
2.952734e-01
1.300977e+00
7.568286e-02
9.434616e-01
-2.266144e-01
2.419219e-01
2.952734e-01
1.300977e+00
7.568286e-02
4.004778e-01
1.737109e+00
7.363465e-02
2.952719e-01
1.303442e+00
7.769570e-02
9.392125e-01
-2.255938e-01
2.588190e-01
4.004778e-01
1.737109e+00
7.363465e-02
4.000313e-01
1.737676e+00
7.618977e-02
2.952710e-01
1.304898e+00
7.868581e-02
9.229882e-01
-2.216968e-01
3.145525e-01
2.952710e-01
1.304898e+00
7.868581e-02
4.000313e-01
1.737676e+00
7.618977e-02
3.994109e-01
1.738463e+00
7.868581e-02
8.994160e-01
-2.160349e-01
3.799735e-01
2.952710e-01
1.304898e+00
7.868581e-02
3.994109e-01
1.738463e+00
7.868581e-02
2.952673e-01
1.311136e+00
8.204491e-02
8.764184e-01
-2.105109e-01
4.331004e-01
2.952673e-01
1.311136e+00
8.204491e-02
3.994109e-01
1.738463e+00
7.868581e-02
2.952652e-01
1.314831e+00
8.335160e-02
8.812708e-01
-2.116765e-01
4.225575e-01
3.994109e-01
1.738463e+00
7.868581e-02
3.986215e-01
1.739464e+00
8.110374e-02
2.952652e-01
1.314831e+00
8.335160e-02
8.558860e-01
-2.055792e-01
4.745485e-01
2.952652e-01
1.314831e+00
8.335160e-02
3.986215e-01
1.739464e+00
8.110374e-02
3.976689e-01
1.740673e+00
8.342520e-02
8.246071e-01
-1.980661e-01
5.298991e-01
2.952652e-01
1.314831e+00
8.335160e-02
3.976689e-01
1.740673e+00
8.342520e-02
2.952608e-01
1.322223e+00
8.596640e-02
7.931989e-01
-1.905221e-01
5.783915e-01
2.952608e-01
1.322223e+00
8.596640e-02
3.976689e-01
1.740673e+00
8.342520e-02
2.952579e-01
1.327149e+00
8.770882e-02
6.672167e-01
-1.602618e-01
7.274188e-01
3.953046e-01
1.743672e+00
8.770882e-02
3.923899e-01
1.747370e+00
9.140653e-02
2.952485e-01
1.342942e+00
9.140653e-02
7.964979e-01
-1.913144e-01
5.735765e-01
3.976689e-01
1.740673e+00
8.342520e-02
3.965605e-01
1.742079e+00
8.563249e-02
2.952579e-01
1.327149e+00
8.770882e-02
7.627171e-01
-1.832005e-01
6.202420e-01
2.952579e-01
1.327149e+00
8.770882e-02
3.965605e-01
1.742079e+00
8.563249e-02
3.953046e-01
1.743672e+00
8.770882e-02
7.263709e-01
-1.744704e-01
6.647897e-01
2.952579e-01
1.327149e+00
8.770882e-02
3.953046e-01
1.743672e+00
8.770882e-02
2.952532e-01
1.335045e+00
8.955768e-02
6.875513e-01
-1.651461e-01
7.071068e-01
2.952532e-01
1.335045e+00
8.955768e-02
3.953046e-01
1.743672e+00
8.770882e-02
2.952485e-01
1.342942e+00
9.140653e-02
5.342585e-01
-1.283260e-01
8.355240e-01
3.890133e-01
1.751654e+00
9.440596e-02
2.952377e-01
1.361238e+00
9.440596e-02
3.923899e-01
1.747370e+00
9.140653e-02
5.623617e-01
-1.350762e-01
8.157842e-01
3.923899e-01
1.747370e+00
9.140653e-02
2.952377e-01
1.361238e+00
9.440596e-02
2.952442e-01
1.350260e+00
9.260627e-02
6.075240e-01
-1.459240e-01
7.807822e-01
3.923899e-01
1.747370e+00
9.140653e-02
2.952442e-01
1.350260e+00
9.260627e-02
2.952485e-01
1.342942e+00
9.140653e-02
3.850672e-01
-9.249105e-02
9.182422e-01
3.852775e-01
1.756393e+00
9.661597e-02
2.952258e-01
1.381481e+00
9.661597e-02
3.890133e-01
1.751654e+00
9.440596e-02
4.212042e-01
-1.011710e-01
9.013054e-01
3.890133e-01
1.751654e+00
9.440596e-02
2.952258e-01
1.381481e+00
9.661597e-02
2.952341e-01
1.367311e+00
9.506893e-02
4.714253e-01
-1.132338e-01
8.746064e-01
3.890133e-01
1.751654e+00
9.440596e-02
2.952341e-01
1.367311e+00
9.506893e-02
2.952377e-01
1.361238e+00
9.440596e-02
2.241758e-01
-5.384581e-02
9.730600e-01
3.812959e-01
1.761444e+00
9.796944e-02
2.952130e-01
1.403056e+00
9.796944e-02
3.852775e-01
1.756393e+00
9.661597e-02
2.680816e-01
-6.439175e-02
9.612419e-01
3.852775e-01
1.756393e+00
9.661597e-02
2.952130e-01
1.403056e+00
9.796944e-02
2.952232e-01
1.385796e+00
9.688664e-02
3.219349e-01
-7.732702e-02
9.435987e-01
3.852775e-01
1.756393e+00
9.661597e-02
2.952232e-01
1.385796e+00
9.688664e-02
2.952258e-01
1.381481e+00
9.661597e-02
5.647292e-02
-1.356449e-02
9.983119e-01
3.771896e-01
1.766654e+00
9.842519e-02
2.951999e-01
1.425306e+00
9.842519e-02
3.812959e-01
1.761444e+00
9.796944e-02
1.073361e-01
-2.578155e-02
9.938884e-01
3.812959e-01
1.761444e+00
9.796944e-02
2.951999e-01
1.425306e+00
9.842519e-02
2.952117e-01
1.405281e+00
9.801500e-02
1.632931e-01
-3.922211e-02
9.857976e-01
3.812959e-01
1.761444e+00
9.796944e-02
2.952117e-01
1.405281e+00
9.801500e-02
2.952130e-01
1.403056e+00
9.796944e-02
