-1.000000e+00
0.000000e+00
0.000000e+00
0.000000e+00
0.000000e+00
9.842519e-02
0.000000e+00
1.771654e+00
9.842519e-02
0.000000e+00
0.000000e+00
0.000000e+00
-1.000000e+00
0.000000e+00
0.000000e+00
0.000000e+00
0.000000e+00
0.000000e+00
0.000000e+00
1.771654e+00
9.842519e-02
0.000000e+00
1.771654e+00
0.000000e+00
0.000000e+00
-1.000000e+00
0.000000e+00
5.905512e-01
0.000000e+00
9.842519e-02
0.000000e+00
0.000000e+00
9.842519e-02
5.905512e-01
0.000000e+00
0.000000e+00
0.000000e+00
-1.000000e+00
0.000000e+00
5.905512e-01
0.000000e+00
0.000000e+00
0.000000e+00
0.000000e+00
9.842519e-02
0.000000e+00
0.000000e+00
0.000000e+00
1.000000e+00
0.000000e+00
0.000000e+00
5.905512e-01
1.771654e+00
9.842519e-02
5.905512e-01
0.000000e+00
9.842519e-02
5.905512e-01
1.771654e+00
0.000000e+00
1.000000e+00
0.000000e+00
0.000000e+00
5.905512e-01
1.771654e+00
0.000000e+00
5.905512e-01
0.000000e+00
9.842519e-02
5.905512e-01
0.000000e+00
0.000000e+00
0.000000e+00
1.000000e+00
0.000000e+00
0.000000e+00
1.771654e+00
9.842519e-02
5.905512e-01
1.771654e+00
9.842519e-02
0.000000e+00
1.771654e+00
0.000000e+00
0.000000e+00
1.000000e+00
0.000000e+00
0.000000e+00
1.771654e+00
0.000000e+00
5.905512e-01
1.771654e+00
9.842519e-02
5.905512e-01
1.771654e+00
0.000000e+00
0.000000e+00
0.000000e+00
1.000000e+00
5.000000e-03
7.505415e-01
9.842519e-02
2.380212e-01
9.773518e-01
9.842519e-02
4.378086e-03
9.773518e-01
9.842519e-02
0.000000e+00
0.000000e+00
1.000000e+00
5.855512e-01
9.950877e-01
9.842519e-02
5.905512e-01
0.000000e+00
9.842519e-02
5.905512e-01
1.771654e+00
9.842519e-02
0.000000e+00
0.000000e+00
1.000000e+00
5.000000e-03
5.561811e-01
9.842519e-02
0.000000e+00
0.000000e+00
9.842519e-02
5.855512e-01
5.561811e-01
9.842519e-02
0.000000e+00
0.000000e+00
1.000000e+00
5.855512e-01
5.561811e-01
9.842519e-02
0.000000e+00
0.000000e+00
9.842519e-02
5.905512e-01
0.000000e+00
9.842519e-02
0.000000e+00
0.000000e+00
1.000000e+00
5.855512e-01
5.561811e-01
9.842519e-02
5.905512e-01
0.000000e+00
9.842519e-02
5.855512e-01
7.678771e-01
9.842519e-02
0.000000e+00
0.000000e+00
1.000000e+00
5.855512e-01
7.678771e-01
9.842519e-02
5.905512e-01
0.000000e+00
9.842519e-02
5.855512e-01
9.950877e-01
9.842519e-02
0.000000e+00
0.000000e+00
1.000000e+00
5.855512e-01
7.678771e-01
9.842519e-02
5.855512e-01
9.950877e-01
9.842519e-02
3.625073e-01
7.678771e-01
9.842519e-02
0.000000e+00
0.000000e+00
1.000000e+00
5.000000e-03
5.561811e-01
9.842519e-02
5.000000e-03
7.505415e-01
9.842519e-02
0.000000e+00
0.000000e+00
9.842519e-02
0.000000e+00
0.000000e+00
1.000000e+00
0.000000e+00
0.000000e+00
9.842519e-02
5.000000e-03
7.505415e-01
9.842519e-02
4.378086e-03
9.773518e-01
9.842519e-02
0.000000e+00
0.000000e+00
1.000000e+00
0.000000e+00
0.000000e+00
9.842519e-02
4.378086e-03
9.773518e-01
9.842519e-02
0.000000e+00
1.771654e+00
9.842519e-02
0.000000e+00
0.000000e+00
1.000000e+00
0.000000e+00
1.771654e+00
9.842519e-02
4.378086e-03
9.773518e-01
9.842519e-02
8.770700e-03
1.191417e+00
9.842519e-02
0.000000e+00
0.000000e+00
1.000000e+00
0.000000e+00
1.771654e+00
9.842519e-02
8.770700e-03
1.191417e+00
9.842519e-02
5.905512e-01
1.771654e+00
9.842519e-02
0.000000e+00
0.000000e+00
1.000000e+00
5.905512e-01
1.771654e+00
9.842519e-02
8.770700e-03
1.191417e+00
9.842519e-02
5.855512e-01
1.191417e+00
9.842519e-02
0.000000e+00
0.000000e+00
1.000000e+00
5.905512e-01
1.771654e+00
9.842519e-02
5.855512e-01
1.191417e+00
9.842519e-02
5.855512e-01
9.950877e-01
9.842519e-02
0.000000e+00
0.000000e+00
-1.000000e+00
3.500000e-02
1.007352e+00
0.000000e+00
0.000000e+00
0.000000e+00
0.000000e+00
0.000000e+00
1.771654e+00
0.000000e+00
0.000000e+00
0.000000e+00
-1.000000e+00
3.500000e-02
1.007352e+00
0.000000e+00
3.118540e-01
1.007352e+00
0.000000e+00
3.500000e-02
7.378771e-01
0.000000e+00
0.000000e+00
0.000000e+00
-1.000000e+00
5.555512e-01
7.378771e-01
0.000000e+00
5.905512e-01
1.771654e+00
0.000000e+00
5.905512e-01
0.000000e+00
0.000000e+00
0.000000e+00
0.000000e+00
-1.000000e+00
3.500000e-02
1.007352e+00
0.000000e+00
3.500000e-02
7.378771e-01
0.000000e+00
0.000000e+00
0.000000e+00
0.000000e+00
0.000000e+00
0.000000e+00
-1.000000e+00
0.000000e+00
0.000000e+00
0.000000e+00
3.500000e-02
7.378771e-01
0.000000e+00
3.500000e-02
5.861811e-01
0.000000e+00
0.000000e+00
0.000000e+00
-1.000000e+00
0.000000e+00
0.000000e+00
0.000000e+00
3.500000e-02
5.861811e-01
0.000000e+00
5.905512e-01
0.000000e+00
0.000000e+00
0.000000e+00
0.000000e+00
-1.000000e+00
5.905512e-01
0.000000e+00
0.000000e+00
3.500000e-02
5.861811e-01
0.000000e+00
5.555512e-01
5.861811e-01
0.000000e+00
0.000000e+00
0.000000e+00
-1.000000e+00
5.905512e-01
0.000000e+00
0.000000e+00
5.555512e-01
5.861811e-01
0.000000e+00
5.555512e-01
7.378771e-01
0.000000e+00
0.000000e+00
0.000000e+00
-1.000000e+00
5.555512e-01
7.378771e-01
0.000000e+00
2.910183e-01
7.378771e-01
0.000000e+00
5.555512e-01
1.007352e+00
0.000000e+00
0.000000e+00
0.000000e+00
-1.000000e+00
5.555512e-01
7.378771e-01
0.000000e+00
5.555512e-01
1.007352e+00
0.000000e+00
5.905512e-01
1.771654e+00
0.000000e+00
0.000000e+00
0.000000e+00
-1.000000e+00
5.905512e-01
1.771654e+00
0.000000e+00
5.555512e-01
1.007352e+00
0.000000e+00
5.555512e-01
1.161417e+00
0.000000e+00
0.000000e+00
0.000000e+00
-1.000000e+00
5.905512e-01
1.771654e+00
0.000000e+00
5.555512e-01
1.161417e+00
0.000000e+00
0.000000e+00
1.771654e+00
0.000000e+00
0.000000e+00
0.000000e+00
-1.000000e+00
0.000000e+00
1.771654e+00
0.000000e+00
5.555512e-01
1.161417e+00
0.000000e+00
3.816142e-02
1.161417e+00
0.000000e+00
0.000000e+00
0.000000e+00
-1.000000e+00
0.000000e+00
1.771654e+00
0.000000e+00
3.816142e-02
1.161417e+00
0.000000e+00
3.500000e-02
1.007352e+00
0.000000e+00
-7.136200e-01
7.005331e-01
0.000000e+00
5.555512e-01
1.007352e+00
6.842519e-02
5.555512e-01
1.007352e+00
0.000000e+00
2.910183e-01
7.378771e-01
6.842519e-02
-7.136200e-01
7.005331e-01
0.000000e+00
2.910183e-01
7.378771e-01
6.842519e-02
5.555512e-01
1.007352e+00
0.000000e+00
2.910183e-01
7.378771e-01
0.000000e+00
0.000000e+00
-1.000000e+00
0.000000e+00
2.910183e-01
7.378771e-01
6.842519e-02
2.910183e-01
7.378771e-01
0.000000e+00
5.555512e-01
7.378771e-01
6.842519e-02
0.000000e+00
-1.000000e+00
0.000000e+00
5.555512e-01
7.378771e-01
6.842519e-02
2.910183e-01
7.378771e-01
0.000000e+00
5.555512e-01
7.378771e-01
0.000000e+00
-1.000000e+00
0.000000e+00
0.000000e+00
5.555512e-01
7.378771e-01
6.842519e-02
5.555512e-01
7.378771e-01
0.000000e+00
5.555512e-01
5.861811e-01
6.842519e-02
-1.000000e+00
0.000000e+00
0.000000e+00
5.555512e-01
5.861811e-01
6.842519e-02
5.555512e-01
7.378771e-01
0.000000e+00
5.555512e-01
5.861811e-01
0.000000e+00
0.000000e+00
1.000000e+00
0.000000e+00
5.555512e-01
5.861811e-01
6.842519e-02
5.555512e-01
5.861811e-01
0.000000e+00
3.500000e-02
5.861811e-01
6.842519e-02
0.000000e+00
1.000000e+00
0.000000e+00
3.500000e-02
5.861811e-01
6.842519e-02
5.555512e-01
5.861811e-01
0.000000e+00
3.500000e-02
5.861811e-01
0.000000e+00
1.000000e+00
0.000000e+00
0.000000e+00
3.500000e-02
5.861811e-01
6.842519e-02
3.500000e-02
5.861811e-01
0.000000e+00
3.500000e-02
7.378771e-01
6.842519e-02
1.000000e+00
0.000000e+00
0.000000e+00
3.500000e-02
7.378771e-01
6.842519e-02
3.500000e-02
5.861811e-01
0.000000e+00
3.500000e-02
7.378771e-01
0.000000e+00
6.974923e-01
-7.165923e-01
0.000000e+00
3.500000e-02
7.378771e-01
6.842519e-02
3.500000e-02
7.378771e-01
0.000000e+00
3.118540e-01
1.007352e+00
6.842519e-02
6.974923e-01
-7.165923e-01
0.000000e+00
3.118540e-01
1.007352e+00
6.842519e-02
3.500000e-02
7.378771e-01
0.000000e+00
3.118540e-01
1.007352e+00
0.000000e+00
0.000000e+00
1.000000e+00
0.000000e+00
3.118540e-01
1.007352e+00
6.842519e-02
3.118540e-01
1.007352e+00
0.000000e+00
3.500000e-02
1.007352e+00
6.842519e-02
0.000000e+00
1.000000e+00
0.000000e+00
3.500000e-02
1.007352e+00
6.842519e-02
3.118540e-01
1.007352e+00
0.000000e+00
3.500000e-02
1.007352e+00
0.000000e+00
9.997895e-01
-2.051563e-02
0.000000e+00
3.500000e-02
1.007352e+00
6.842519e-02
3.500000e-02
1.007352e+00
0.000000e+00
3.816142e-02
1.161417e+00
6.842519e-02
9.997895e-01
-2.051563e-02
0.000000e+00
3.816142e-02
1.161417e+00
6.842519e-02
3.500000e-02
1.007352e+00
0.000000e+00
3.816142e-02
1.161417e+00
0.000000e+00
0.000000e+00
-1.000000e+00
0.000000e+00
3.816142e-02
1.161417e+00
6.842519e-02
3.816142e-02
1.161417e+00
0.000000e+00
5.555512e-01
1.161417e+00
6.842519e-02
0.000000e+00
-1.000000e+00
0.000000e+00
5.555512e-01
1.161417e+00
6.842519e-02
3.816142e-02
1.161417e+00
0.000000e+00
5.555512e-01
1.161417e+00
0.000000e+00
-1.000000e+00
0.000000e+00
0.000000e+00
5.555512e-01
1.161417e+00
6.842519e-02
5.555512e-01
1.161417e+00
0.000000e+00
5.555512e-01
1.007352e+00
6.842519e-02
-1.000000e+00
0.000000e+00
0.000000e+00
5.555512e-01
1.007352e+00
6.842519e-02
5.555512e-01
1.161417e+00
0.000000e+00
5.555512e-01
1.007352e+00
0.000000e+00
-7.135589e-01
7.004730e-01
1.308885e-02
5.555512e-01
1.007352e+00
6.842519e-02
2.910183e-01
7.378771e-01
6.842519e-02
2.910734e-01
7.379001e-01
6.960300e-02
-7.062350e-01
6.932834e-01
1.434934e-01
2.918984e-01
7.382464e-01
7.311823e-02
5.559205e-01
1.007201e+00
7.311823e-02
2.915138e-01
7.380850e-01
7.195132e-02
-7.106246e-01
6.975926e-01
9.152772e-02
2.915138e-01
7.380850e-01
7.195132e-02
5.559205e-01
1.007201e+00
7.311823e-02
5.555512e-01
1.007352e+00
6.842519e-02
-7.120917e-01
6.990328e-01
6.541060e-02
2.915138e-01
7.380850e-01
7.195132e-02
5.555512e-01
1.007352e+00
6.842519e-02
2.912387e-01
7.379695e-01
7.077897e-02
-7.130699e-01
6.999930e-01
3.925982e-02
2.912387e-01
7.379695e-01
7.077897e-02
5.555512e-01
1.007352e+00
6.842519e-02
2.910734e-01
7.379001e-01
6.960300e-02
-7.041727e-01
6.912591e-01
1.621779e-01
2.918984e-01
7.382464e-01
7.311823e-02
2.921044e-01
7.383328e-01
7.363465e-02
5.559205e-01
1.007201e+00
7.311823e-02
-7.005095e-01
6.876630e-01
1.908038e-01
5.559205e-01
1.007201e+00
7.311823e-02
2.921044e-01
7.383328e-01
7.363465e-02
2.931418e-01
7.387682e-01
7.568286e-02
-7.005128e-01
6.876663e-01
1.907795e-01
5.559205e-01
1.007201e+00
7.311823e-02
2.931418e-01
7.387682e-01
7.568286e-02
5.560425e-01
1.007151e+00
7.362612e-02
-6.924267e-01
6.797284e-01
2.418979e-01
5.560425e-01
1.007151e+00
7.362612e-02
2.931418e-01
7.387682e-01
7.568286e-02
2.945172e-01
7.393454e-01
7.769570e-02
-6.882161e-01
6.755950e-01
2.644428e-01
5.560425e-01
1.007151e+00
7.362612e-02
2.945172e-01
7.393454e-01
7.769570e-02
5.570195e-01
1.006752e+00
7.769570e-02
-6.760813e-01
6.636827e-01
3.200614e-01
5.570195e-01
1.006752e+00
7.769570e-02
2.945172e-01
7.393454e-01
7.769570e-02
2.953296e-01
7.396863e-01
7.868581e-02
-6.733850e-01
6.610360e-01
3.310349e-01
5.570195e-01
1.006752e+00
7.769570e-02
2.953296e-01
7.396863e-01
7.868581e-02
5.574195e-01
1.006588e+00
7.866136e-02
-6.601049e-01
6.479994e-01
3.799450e-01
5.574195e-01
1.006588e+00
7.866136e-02
2.953296e-01
7.396863e-01
7.868581e-02
2.988101e-01
7.411469e-01
8.204491e-02
-6.485054e-01
6.366126e-01
4.173310e-01
5.574195e-01
1.006588e+00
7.866136e-02
2.988101e-01
7.411469e-01
8.204491e-02
5.588210e-01
1.006015e+00
8.204491e-02
-6.300896e-01
6.185346e-01
4.694700e-01
5.588210e-01
1.006015e+00
8.204491e-02
2.988101e-01
7.411469e-01
8.204491e-02
3.005960e-01
7.418963e-01
8.342520e-02
-6.241537e-01
6.127074e-01
4.847905e-01
5.588210e-01
1.006015e+00
8.204491e-02
3.005960e-01
7.418963e-01
8.342520e-02
5.596405e-01
1.005680e+00
8.338227e-02
-6.051920e-01
5.940936e-01
5.299013e-01
5.596405e-01
1.005680e+00
8.338227e-02
3.005960e-01
7.418963e-01
8.342520e-02
3.048849e-01
7.436960e-01
8.599556e-02
-5.916148e-01
5.807653e-01
5.591989e-01
5.596405e-01
1.005680e+00
8.338227e-02
3.048849e-01
7.436960e-01
8.599556e-02
5.612807e-01
1.005010e+00
8.605875e-02
-5.674086e-01
5.570031e-01
6.064610e-01
5.612807e-01
1.005010e+00
8.605875e-02
3.048849e-01
7.436960e-01
8.599556e-02
3.077435e-01
7.448957e-01
8.770882e-02
-5.571922e-01
5.469739e-01
6.247850e-01
5.612807e-01
1.005010e+00
8.605875e-02
3.077435e-01
7.448957e-01
8.770882e-02
5.626393e-01
1.004454e+00
8.764952e-02
-5.330999e-01
5.233236e-01
6.647833e-01
5.626393e-01
1.004454e+00
8.764952e-02
3.077435e-01
7.448957e-01
8.770882e-02
3.121493e-01
7.467446e-01
8.955768e-02
-5.190686e-01
5.095494e-01
6.862413e-01
5.626393e-01
1.004454e+00
8.764952e-02
3.121493e-01
7.467446e-01
8.955768e-02
5.643380e-01
1.003760e+00
8.963840e-02
-4.897200e-01
4.807391e-01
7.273681e-01
5.643380e-01
1.003760e+00
8.963840e-02
3.121493e-01
7.467446e-01
8.955768e-02
3.165551e-01
7.485934e-01
9.140653e-02
-4.744026e-01
4.657027e-01
7.470363e-01
5.643380e-01
1.003760e+00
8.963840e-02
3.165551e-01
7.485934e-01
9.140653e-02
5.663269e-01
1.002947e+00
9.133706e-02
-4.458918e-01
4.377147e-01
7.807600e-01
5.663269e-01
1.002947e+00
9.133706e-02
3.165551e-01
7.485934e-01
9.140653e-02
3.207070e-01
7.503358e-01
9.255976e-02
-4.328017e-01
4.248646e-01
7.950929e-01
5.663269e-01
1.002947e+00
9.133706e-02
3.207070e-01
7.503358e-01
9.255976e-02
5.679176e-01
1.002296e+00
9.269571e-02
-3.990540e-01
3.917358e-01
8.290350e-01
5.679176e-01
1.002296e+00
9.269571e-02
3.207070e-01
7.503358e-01
9.255976e-02
3.269384e-01
7.529508e-01
9.429058e-02
-3.780969e-01
3.711631e-01
8.481042e-01
5.679176e-01
1.002296e+00
9.269571e-02
3.269384e-01
7.529508e-01
9.429058e-02
5.705941e-01
1.001202e+00
9.433584e-02
-3.459138e-01
3.395701e-01
8.746633e-01
5.705941e-01
1.001202e+00
9.433584e-02
3.269384e-01
7.529508e-01
9.429058e-02
5.719315e-01
1.000656e+00
9.515539e-02
-3.349800e-01
3.288369e-01
8.829806e-01
5.719315e-01
1.000656e+00
9.515539e-02
3.269384e-01
7.529508e-01
9.429058e-02
3.300520e-01
7.542573e-01
9.515539e-02
-2.978164e-01
2.923548e-01
9.087541e-01
5.719315e-01
1.000656e+00
9.515539e-02
3.300520e-01
7.542573e-01
9.515539e-02
5.753149e-01
9.992723e-01
9.655686e-02
-2.711818e-01
2.662086e-01
9.249830e-01
5.753149e-01
9.992723e-01
9.655686e-02
3.300520e-01
7.542573e-01
9.515539e-02
3.383033e-01
7.577199e-01
9.631397e-02
-2.362794e-01
2.319463e-01
9.435958e-01
5.753149e-01
9.992723e-01
9.655686e-02
3.383033e-01
7.577199e-01
9.631397e-02
5.762807e-01
9.988775e-01
9.695689e-02
-2.284322e-01
2.242431e-01
9.473826e-01
5.762807e-01
9.988775e-01
9.695689e-02
3.383033e-01
7.577199e-01
9.631397e-02
3.406625e-01
7.587100e-01
9.664522e-02
-1.886964e-01
1.852359e-01
9.644073e-01
5.762807e-01
9.988775e-01
9.695689e-02
3.406625e-01
7.587100e-01
9.664522e-02
5.803502e-01
9.972139e-01
9.793390e-02
-1.564255e-01
1.535569e-01
9.756799e-01
5.803502e-01
9.972139e-01
9.793390e-02
3.406625e-01
7.587100e-01
9.664522e-02
3.500934e-01
7.626676e-01
9.796944e-02
-1.198115e-01
1.176143e-01
9.858053e-01
5.803502e-01
9.972139e-01
9.793390e-02
3.500934e-01
7.626676e-01
9.796944e-02
5.808582e-01
9.970062e-01
9.805585e-02
-1.157495e-01
1.136268e-01
9.867579e-01
3.500934e-01
7.626676e-01
9.796944e-02
3.513345e-01
7.631884e-01
9.801500e-02
5.808582e-01
9.970062e-01
9.805585e-02
-7.464388e-02
7.327500e-02
9.945145e-01
5.808582e-01
9.970062e-01
9.805585e-02
3.513345e-01
7.631884e-01
9.801500e-02
3.625073e-01
7.678771e-01
9.842519e-02
-3.731381e-02
3.662952e-02
9.986320e-01
5.808582e-01
9.970062e-01
9.805585e-02
3.625073e-01
7.678771e-01
9.842519e-02
5.855512e-01
9.950877e-01
9.842519e-02
-9.995772e-01
0.000000e+00
2.907651e-02
5.556653e-01
1.161532e+00
7.103987e-02
5.555512e-01
1.161417e+00
6.842519e-02
5.555512e-01
1.007352e+00
6.842519e-02
-9.966844e-01
0.000000e+00
8.136463e-02
5.555512e-01
1.007352e+00
6.842519e-02
5.559205e-01
1.007201e+00
7.311823e-02
5.556653e-01
1.161532e+00
7.103987e-02
-9.902707e-01
0.000000e+00
1.391539e-01
5.556653e-01
1.161532e+00
7.103987e-02
5.559205e-01
1.007201e+00
7.311823e-02
5.560425e-01
1.007151e+00
7.362612e-02
-9.894440e-01
0.000000e+00
1.449155e-01
5.556653e-01
1.161532e+00
7.103987e-02
5.560425e-01
1.007151e+00
7.362612e-02
5.560070e-01
1.161873e+00
7.363465e-02
-9.793473e-01
0.000000e+00
2.021853e-01
5.560070e-01
1.161873e+00
7.363465e-02
5.560425e-01
1.007151e+00
7.362612e-02
5.565734e-01
1.162439e+00
7.618977e-02
-9.688756e-01
0.000000e+00
2.475479e-01
5.560425e-01
1.007151e+00
7.362612e-02
5.570195e-01
1.006752e+00
7.769570e-02
5.565734e-01
1.162439e+00
7.618977e-02
-9.528469e-01
0.000000e+00
3.034512e-01
5.565734e-01
1.162439e+00
7.618977e-02
5.570195e-01
1.006752e+00
7.769570e-02
5.574195e-01
1.006588e+00
7.866136e-02
-9.492497e-01
0.000000e+00
3.145233e-01
5.565734e-01
1.162439e+00
7.618977e-02
5.574195e-01
1.006588e+00
7.866136e-02
5.573604e-01
1.163226e+00
7.868581e-02
-9.293619e-01
0.000000e+00
3.691699e-01
5.573604e-01
1.163226e+00
7.868581e-02
5.574195e-01
1.006588e+00
7.866136e-02
5.583619e-01
1.164228e+00
8.110374e-02
-9.135537e-01
0.000000e+00
4.067183e-01
5.574195e-01
1.006588e+00
7.866136e-02
5.588210e-01
1.006015e+00
8.204491e-02
5.583619e-01
1.164228e+00
8.110374e-02
-8.883619e-01
0.000000e+00
4.591438e-01
5.583619e-01
1.164228e+00
8.110374e-02
5.588210e-01
1.006015e+00
8.204491e-02
5.596405e-01
1.005680e+00
8.338227e-02
-8.802087e-01
0.000000e+00
4.745868e-01
5.583619e-01
1.164228e+00
8.110374e-02
5.596405e-01
1.005680e+00
8.338227e-02
5.595704e-01
1.165437e+00
8.342520e-02
-8.511333e-01
0.000000e+00
5.249494e-01
5.595704e-01
1.165437e+00
8.342520e-02
5.596405e-01
1.005680e+00
8.338227e-02
5.609766e-01
1.166843e+00
8.563249e-02
-8.322842e-01
0.000000e+00
5.543491e-01
5.596405e-01
1.005680e+00
8.338227e-02
5.612807e-01
1.005010e+00
8.605875e-02
5.609766e-01
1.166843e+00
8.563249e-02
-7.986439e-01
0.000000e+00
6.018038e-01
5.609766e-01
1.166843e+00
8.563249e-02
5.612807e-01
1.005010e+00
8.605875e-02
5.626393e-01
1.004454e+00
8.764952e-02
-7.844159e-01
0.000000e+00
6.202352e-01
5.609766e-01
1.166843e+00
8.563249e-02
5.626393e-01
1.004454e+00
8.764952e-02
5.625699e-01
1.168436e+00
8.770882e-02
-7.274248e-01
0.000000e+00
6.861874e-01
5.625699e-01
1.168436e+00
8.770882e-02
5.626393e-01
1.004454e+00
8.764952e-02
5.662675e-01
1.172134e+00
9.140653e-02
-7.071129e-01
0.000000e+00
7.071007e-01
5.626393e-01
1.004454e+00
8.764952e-02
5.643380e-01
1.003760e+00
8.963840e-02
5.662675e-01
1.172134e+00
9.140653e-02
-6.647833e-01
0.000000e+00
7.470363e-01
5.662675e-01
1.172134e+00
9.140653e-02
5.643380e-01
1.003760e+00
8.963840e-02
5.663269e-01
1.002947e+00
9.133706e-02
-5.972044e-01
0.000000e+00
8.020891e-01
5.662675e-01
1.172134e+00
9.140653e-02
5.663269e-01
1.002947e+00
9.133706e-02
5.705512e-01
1.176417e+00
9.440596e-02
-5.783373e-01
0.000000e+00
8.157977e-01
5.663269e-01
1.002947e+00
9.133706e-02
5.679176e-01
1.002296e+00
9.269571e-02
5.705512e-01
1.176417e+00
9.440596e-02
-5.298876e-01
0.000000e+00
8.480678e-01
5.705512e-01
1.176417e+00
9.440596e-02
5.679176e-01
1.002296e+00
9.269571e-02
5.705941e-01
1.001202e+00
9.433584e-02
-4.488373e-01
0.000000e+00
8.936135e-01
5.705512e-01
1.176417e+00
9.440596e-02
5.705941e-01
1.001202e+00
9.433584e-02
5.752906e-01
1.181157e+00
9.661597e-02
-4.331402e-01
0.000000e+00
9.013265e-01
5.705941e-01
1.001202e+00
9.433584e-02
5.719315e-01
1.000656e+00
9.515539e-02
5.752906e-01
1.181157e+00
9.661597e-02
-3.799459e-01
0.000000e+00
9.250087e-01
5.752906e-01
1.181157e+00
9.661597e-02
5.719315e-01
1.000656e+00
9.515539e-02
5.753149e-01
9.992723e-01
9.655686e-02
-2.868377e-01
0.000000e+00
9.579791e-01
5.752906e-01
1.181157e+00
9.661597e-02
5.753149e-01
9.992723e-01
9.655686e-02
5.803418e-01
1.186208e+00
9.796944e-02
-2.756497e-01
0.000000e+00
9.612582e-01
5.753149e-01
9.992723e-01
9.655686e-02
5.762807e-01
9.988775e-01
9.695689e-02
5.803418e-01
1.186208e+00
9.796944e-02
-2.192226e-01
0.000000e+00
9.756749e-01
5.803418e-01
1.186208e+00
9.796944e-02
5.762807e-01
9.988775e-01
9.695689e-02
5.803502e-01
9.972139e-01
9.793390e-02
-1.161347e-01
0.000000e+00
9.932334e-01
5.803418e-01
1.186208e+00
9.796944e-02
5.803502e-01
9.972139e-01
9.793390e-02
5.855512e-01
1.191417e+00
9.842519e-02
-1.103437e-01
0.000000e+00
9.938935e-01
5.855512e-01
1.191417e+00
9.842519e-02
5.803502e-01
9.972139e-01
9.793390e-02
5.808582e-01
9.970062e-01
9.805585e-02
-5.228807e-02
0.000000e+00
9.986320e-01
5.855512e-01
1.191417e+00
9.842519e-02
5.808582e-01
9.970062e-01
9.805585e-02
5.855512e-01
9.950877e-01
9.842519e-02
0.000000e+00
-9.894404e-01
1.449400e-01
5.556653e-01
7.379912e-01
7.103987e-02
5.560070e-01
7.383328e-01
7.363465e-02
2.921044e-01
7.383328e-01
7.363465e-02
0.000000e+00
-9.492401e-01
3.145525e-01
5.565734e-01
7.388993e-01
7.618977e-02
5.573604e-01
7.396863e-01
7.868581e-02
2.953296e-01
7.396863e-01
7.868581e-02
0.000000e+00
-8.801975e-01
4.746076e-01
5.583619e-01
7.406878e-01
8.110374e-02
5.595704e-01
7.418963e-01
8.342520e-02
3.005960e-01
7.418963e-01
8.342520e-02
0.000000e+00
-7.844105e-01
6.202420e-01
5.609766e-01
7.433025e-01
8.563249e-02
5.625699e-01
7.448957e-01
8.770882e-02
3.077435e-01
7.448957e-01
8.770882e-02
0.000000e+00
-5.807913e-02
9.983119e-01
5.803418e-01
7.626676e-01
9.796944e-02
5.855512e-01
7.678771e-01
9.842519e-02
3.625073e-01
7.678771e-01
9.842519e-02
0.000000e+00
-1.103900e-01
9.938884e-01
3.625073e-01
7.678771e-01
9.842519e-02
3.513345e-01
7.631884e-01
9.801500e-02
5.803418e-01
7.626676e-01
9.796944e-02
0.000000e+00
-1.679385e-01
9.857975e-01
5.803418e-01
7.626676e-01
9.796944e-02
3.513345e-01
7.631884e-01
9.801500e-02
3.500934e-01
7.626676e-01
9.796944e-02
0.000000e+00
-2.305519e-01
9.730600e-01
5.803418e-01
7.626676e-01
9.796944e-02
3.500934e-01
7.626676e-01
9.796944e-02
5.752906e-01
7.576165e-01
9.661597e-02
0.000000e+00
-2.756560e-01
9.612564e-01
3.500934e-01
7.626676e-01
9.796944e-02
3.406625e-01
7.587100e-01
9.664522e-02
5.752906e-01
7.576165e-01
9.661597e-02
0.000000e+00
-3.311059e-01
9.435936e-01
5.752906e-01
7.576165e-01
9.661597e-02
3.406625e-01
7.587100e-01
9.664522e-02
3.383033e-01
7.577199e-01
9.631397e-02
0.000000e+00
-3.960816e-01
9.182153e-01
5.752906e-01
7.576165e-01
9.661597e-02
3.383033e-01
7.577199e-01
9.631397e-02
5.705512e-01
7.528771e-01
9.440596e-02
0.000000e+00
-4.332219e-01
9.012873e-01
3.383033e-01
7.577199e-01
9.631397e-02
3.300520e-01
7.542573e-01
9.515539e-02
5.705512e-01
7.528771e-01
9.440596e-02
0.000000e+00
-4.847513e-01
8.746521e-01
5.705512e-01
7.528771e-01
9.440596e-02
3.300520e-01
7.542573e-01
9.515539e-02
3.269384e-01
7.529508e-01
9.429058e-02
0.000000e+00
-5.493967e-01
8.355616e-01
5.705512e-01
7.528771e-01
9.440596e-02
3.269384e-01
7.529508e-01
9.429058e-02
5.662675e-01
7.485934e-01
9.140653e-02
0.000000e+00
-5.783367e-01
8.157982e-01
3.269384e-01
7.529508e-01
9.429058e-02
3.207070e-01
7.503358e-01
9.255976e-02
5.662675e-01
7.485934e-01
9.140653e-02
0.000000e+00
-6.248376e-01
7.807546e-01
5.662675e-01
7.485934e-01
9.140653e-02
3.207070e-01
7.503358e-01
9.255976e-02
3.165551e-01
7.485934e-01
9.140653e-02
0.000000e+00
-6.861938e-01
7.274188e-01
5.662675e-01
7.485934e-01
9.140653e-02
3.165551e-01
7.485934e-01
9.140653e-02
5.625699e-01
7.448957e-01
8.770882e-02
0.000000e+00
-7.071068e-01
7.071068e-01
5.625699e-01
7.448957e-01
8.770882e-02
3.165551e-01
7.485934e-01
9.140653e-02
3.121493e-01
7.467446e-01
8.955768e-02
0.000000e+00
-7.470305e-01
6.647897e-01
5.625699e-01
7.448957e-01
8.770882e-02
3.121493e-01
7.467446e-01
8.955768e-02
3.077435e-01
7.448957e-01
8.770882e-02
0.000000e+00
-8.191521e-01
5.735765e-01
5.609766e-01
7.433025e-01
8.563249e-02
3.077435e-01
7.448957e-01
8.770882e-02
5.595704e-01
7.418963e-01
8.342520e-02
0.000000e+00
-8.157831e-01
5.783580e-01
5.595704e-01
7.418963e-01
8.342520e-02
3.077435e-01
7.448957e-01
8.770882e-02
3.048849e-01
7.436960e-01
8.599556e-02
0.000000e+00
-8.480468e-01
5.299214e-01
5.595704e-01
7.418963e-01
8.342520e-02
3.048849e-01
7.436960e-01
8.599556e-02
3.005960e-01
7.418963e-01
8.342520e-02
0.000000e+00
-9.063078e-01
4.226183e-01
5.583619e-01
7.406878e-01
8.110374e-02
3.005960e-01
7.418963e-01
8.342520e-02
5.573604e-01
7.396863e-01
7.868581e-02
0.000000e+00
-9.013166e-01
4.331610e-01
5.573604e-01
7.396863e-01
7.868581e-02
3.005960e-01
7.418963e-01
8.342520e-02
2.988101e-01
7.411469e-01
8.204491e-02
0.000000e+00
-9.249974e-01
3.799735e-01
5.573604e-01
7.396863e-01
7.868581e-02
2.988101e-01
7.411469e-01
8.204491e-02
2.953296e-01
7.396863e-01
7.868581e-02
0.000000e+00
-9.805013e-01
1.965125e-01
2.921044e-01
7.383328e-01
7.363465e-02
5.560070e-01
7.383328e-01
7.363465e-02
2.931418e-01
7.387682e-01
7.568286e-02
0.000000e+00
-9.659258e-01
2.588190e-01
5.565734e-01
7.388993e-01
7.618977e-02
2.953296e-01
7.396863e-01
7.868581e-02
5.560070e-01
7.383328e-01
7.363465e-02
0.000000e+00
-9.612499e-01
2.756783e-01
5.560070e-01
7.383328e-01
7.363465e-02
2.953296e-01
7.396863e-01
7.868581e-02
2.945172e-01
7.393454e-01
7.769570e-02
0.000000e+00
-9.702957e-01
2.419219e-01
5.560070e-01
7.383328e-01
7.363465e-02
2.945172e-01
7.393454e-01
7.769570e-02
2.931418e-01
7.387682e-01
7.568286e-02
0.000000e+00
-9.961947e-01
8.715575e-02
5.556653e-01
7.379912e-01
7.103987e-02
2.921044e-01
7.383328e-01
7.363465e-02
5.555512e-01
7.378771e-01
6.842519e-02
0.000000e+00
-9.938909e-01
1.103672e-01
5.555512e-01
7.378771e-01
6.842519e-02
2.921044e-01
7.383328e-01
7.363465e-02
2.918984e-01
7.382464e-01
7.311823e-02
0.000000e+00
-9.958025e-01
9.152772e-02
5.555512e-01
7.378771e-01
6.842519e-02
2.918984e-01
7.382464e-01
7.311823e-02
2.915138e-01
7.380850e-01
7.195132e-02
0.000000e+00
-9.978585e-01
6.541060e-02
2.915138e-01
7.380850e-01
7.195132e-02
2.912387e-01
7.379695e-01
7.077897e-02
5.555512e-01
7.378771e-01
6.842519e-02
0.000000e+00
-9.992290e-01
3.925982e-02
5.555512e-01
7.378771e-01
6.842519e-02
2.912387e-01
7.379695e-01
7.077897e-02
2.910734e-01
7.379001e-01
6.960300e-02
0.000000e+00
-9.999143e-01
1.308885e-02
5.555512e-01
7.378771e-01
6.842519e-02
2.910734e-01
7.379001e-01
6.960300e-02
2.910183e-01
7.378771e-01
6.842519e-02
0.000000e+00
-9.995772e-01
2.907651e-02
3.816142e-02
1.161417e+00
6.842519e-02
5.555512e-01
1.161417e+00
6.842519e-02
3.804957e-02
1.161532e+00
7.103987e-02
0.000000e+00
-9.983077e-01
5.815303e-02
3.804957e-02
1.161532e+00
7.103987e-02
5.555512e-01
1.161417e+00
6.842519e-02
5.556653e-01
1.161532e+00
7.103987e-02
0.000000e+00
-9.932393e-01
1.160848e-01
3.804957e-02
1.161532e+00
7.103987e-02
5.556653e-01
1.161532e+00
7.103987e-02
3.771491e-02
1.161873e+00
7.363465e-02
0.000000e+00
-9.894404e-01
1.449400e-01
3.771491e-02
1.161873e+00
7.363465e-02
5.556653e-01
1.161532e+00
7.103987e-02
5.560070e-01
1.161873e+00
7.363465e-02
0.000000e+00
-9.793423e-01
2.022095e-01
3.771491e-02
1.161873e+00
7.363465e-02
5.560070e-01
1.161873e+00
7.363465e-02
3.715995e-02
1.162439e+00
7.618977e-02
0.000000e+00
-9.730430e-01
2.306239e-01
3.715995e-02
1.162439e+00
7.618977e-02
5.560070e-01
1.161873e+00
7.363465e-02
5.565734e-01
1.162439e+00
7.618977e-02
0.000000e+00
-9.579919e-01
2.867954e-01
3.715995e-02
1.162439e+00
7.618977e-02
5.565734e-01
1.162439e+00
7.618977e-02
3.638894e-02
1.163226e+00
7.868581e-02
0.000000e+00
-9.492401e-01
3.145525e-01
3.638894e-02
1.163226e+00
7.868581e-02
5.565734e-01
1.162439e+00
7.618977e-02
5.573604e-01
1.163226e+00
7.868581e-02
0.000000e+00
-9.293506e-01
3.691985e-01
3.638894e-02
1.163226e+00
7.868581e-02
5.573604e-01
1.163226e+00
7.868581e-02
3.540774e-02
1.164228e+00
8.110374e-02
0.000000e+00
-9.063078e-01
4.226182e-01
3.540774e-02
1.164228e+00
8.110374e-02
5.573604e-01
1.163226e+00
7.868581e-02
3.422381e-02
1.165437e+00
8.342520e-02
0.000000e+00
-8.191521e-01
5.735765e-01
5.595704e-01
1.165437e+00
8.342520e-02
5.609766e-01
1.166843e+00
8.563249e-02
3.128530e-02
1.168436e+00
8.770882e-02
0.000000e+00
-9.063078e-01
4.226182e-01
5.573604e-01
1.163226e+00
7.868581e-02
5.583619e-01
1.164228e+00
8.110374e-02
3.422381e-02
1.165437e+00
8.342520e-02
0.000000e+00
-8.801975e-01
4.746076e-01
3.422381e-02
1.165437e+00
8.342520e-02
5.583619e-01
1.164228e+00
8.110374e-02
5.595704e-01
1.165437e+00
8.342520e-02
0.000000e+00
-8.511210e-01
5.249696e-01
3.422381e-02
1.165437e+00
8.342520e-02
5.595704e-01
1.165437e+00
8.342520e-02
3.284617e-02
1.166843e+00
8.563249e-02
0.000000e+00
-8.191521e-01
5.735765e-01
3.284617e-02
1.166843e+00
8.563249e-02
5.595704e-01
1.165437e+00
8.342520e-02
3.128530e-02
1.168436e+00
8.770882e-02
0.000000e+00
-7.844105e-01
6.202420e-01
5.609766e-01
1.166843e+00
8.563249e-02
5.625699e-01
1.168436e+00
8.770882e-02
3.128530e-02
1.168436e+00
8.770882e-02
0.000000e+00
-7.274188e-01
6.861938e-01
3.128530e-02
1.168436e+00
8.770882e-02
5.625699e-01
1.168436e+00
8.770882e-02
5.662675e-01
1.172134e+00
9.140653e-02
0.000000e+00
-6.861938e-01
7.274188e-01
3.128530e-02
1.168436e+00
8.770882e-02
5.662675e-01
1.172134e+00
9.140653e-02
2.766269e-02
1.172134e+00
9.140653e-02
0.000000e+00
-5.972114e-01
8.020838e-01
2.766269e-02
1.172134e+00
9.140653e-02
5.662675e-01
1.172134e+00
9.140653e-02
5.705512e-01
1.176417e+00
9.440596e-02
0.000000e+00
-5.494540e-01
8.355240e-01
2.766269e-02
1.172134e+00
9.140653e-02
5.705512e-01
1.176417e+00
9.440596e-02
2.346606e-02
1.176417e+00
9.440596e-02
0.000000e+00
-4.488580e-01
8.936031e-01
2.346606e-02
1.176417e+00
9.440596e-02
5.705512e-01
1.176417e+00
9.440596e-02
5.752906e-01
1.181157e+00
9.661597e-02
0.000000e+00
-3.960194e-01
9.182422e-01
2.346606e-02
1.176417e+00
9.440596e-02
5.752906e-01
1.181157e+00
9.661597e-02
1.882292e-02
1.181157e+00
9.661597e-02
0.000000e+00
-2.868663e-01
9.579706e-01
1.882292e-02
1.181157e+00
9.661597e-02
5.752906e-01
1.181157e+00
9.661597e-02
5.803418e-01
1.186208e+00
9.796944e-02
0.000000e+00
-2.305519e-01
9.730600e-01
1.882292e-02
1.181157e+00
9.661597e-02
5.803418e-01
1.186208e+00
9.796944e-02
1.387434e-02
1.186208e+00
9.796944e-02
0.000000e+00
-1.161583e-01
9.932307e-01
1.387434e-02
1.186208e+00
9.796944e-02
5.803418e-01
1.186208e+00
9.796944e-02
5.855512e-01
1.191417e+00
9.842519e-02
0.000000e+00
-5.807913e-02
9.983119e-01
1.387434e-02
1.186208e+00
9.796944e-02
5.855512e-01
1.191417e+00
9.842519e-02
8.770700e-03
1.191417e+00
9.842519e-02
-6.861938e-01
0.000000e+00
7.274188e-01
5.625699e-01
7.448957e-01
8.770882e-02
5.662675e-01
5.754647e-01
9.140653e-02
5.662675e-01
7.485934e-01
9.140653e-02
-5.972114e-01
0.000000e+00
8.020838e-01
5.662675e-01
7.485934e-01
9.140653e-02
5.662675e-01
5.754647e-01
9.140653e-02
5.705512e-01
5.711811e-01
9.440596e-02
-5.494540e-01
0.000000e+00
8.355240e-01
5.662675e-01
7.485934e-01
9.140653e-02
5.705512e-01
5.711811e-01
9.440596e-02
5.705512e-01
7.528771e-01
9.440596e-02
-4.488580e-01
0.000000e+00
8.936031e-01
5.705512e-01
7.528771e-01
9.440596e-02
5.705512e-01
5.711811e-01
9.440596e-02
5.752906e-01
5.664417e-01
9.661597e-02
-3.960194e-01
0.000000e+00
9.182422e-01
5.705512e-01
7.528771e-01
9.440596e-02
5.752906e-01
5.664417e-01
9.661597e-02
5.752906e-01
7.576165e-01
9.661597e-02
-2.868663e-01
0.000000e+00
9.579706e-01
5.752906e-01
7.576165e-01
9.661597e-02
5.752906e-01
5.664417e-01
9.661597e-02
5.803418e-01
5.613905e-01
9.796944e-02
-2.305519e-01
0.000000e+00
9.730600e-01
5.752906e-01
7.576165e-01
9.661597e-02
5.803418e-01
5.613905e-01
9.796944e-02
5.803418e-01
7.626676e-01
9.796944e-02
-1.161583e-01
0.000000e+00
9.932307e-01
5.803418e-01
7.626676e-01
9.796944e-02
5.803418e-01
5.613905e-01
9.796944e-02
5.855512e-01
5.561811e-01
9.842519e-02
-5.807913e-02
0.000000e+00
9.983119e-01
5.803418e-01
7.626676e-01
9.796944e-02
5.855512e-01
5.561811e-01
9.842519e-02
5.855512e-01
7.678771e-01
9.842519e-02
-9.995772e-01
0.000000e+00
2.907651e-02
5.555512e-01
7.378771e-01
6.842519e-02
5.555512e-01
5.861811e-01
6.842519e-02
5.556653e-01
7.379912e-01
7.103987e-02
-9.983077e-01
0.000000e+00
5.815303e-02
5.556653e-01
7.379912e-01
7.103987e-02
5.555512e-01
5.861811e-01
6.842519e-02
5.556653e-01
5.860670e-01
7.103987e-02
-9.932393e-01
0.000000e+00
1.160848e-01
5.556653e-01
7.379912e-01
7.103987e-02
5.556653e-01
5.860670e-01
7.103987e-02
5.560070e-01
7.383328e-01
7.363465e-02
-9.894404e-01
0.000000e+00
1.449400e-01
5.560070e-01
7.383328e-01
7.363465e-02
5.556653e-01
5.860670e-01
7.103987e-02
5.560070e-01
5.857254e-01
7.363465e-02
-9.793423e-01
0.000000e+00
2.022095e-01
5.560070e-01
7.383328e-01
7.363465e-02
5.560070e-01
5.857254e-01
7.363465e-02
5.565734e-01
7.388993e-01
7.618977e-02
-9.730430e-01
0.000000e+00
2.306239e-01
5.565734e-01
7.388993e-01
7.618977e-02
5.560070e-01
5.857254e-01
7.363465e-02
5.565734e-01
5.851589e-01
7.618977e-02
-9.579919e-01
0.000000e+00
2.867954e-01
5.565734e-01
7.388993e-01
7.618977e-02
5.565734e-01
5.851589e-01
7.618977e-02
5.573604e-01
7.396863e-01
7.868581e-02
-9.492401e-01
0.000000e+00
3.145525e-01
5.573604e-01
7.396863e-01
7.868581e-02
5.565734e-01
5.851589e-01
7.618977e-02
5.573604e-01
5.843719e-01
7.868581e-02
-9.293506e-01
0.000000e+00
3.691985e-01
5.573604e-01
7.396863e-01
7.868581e-02
5.573604e-01
5.843719e-01
7.868581e-02
5.583619e-01
7.406878e-01
8.110374e-02
-9.182128e-01
0.000000e+00
3.960873e-01
5.583619e-01
7.406878e-01
8.110374e-02
5.573604e-01
5.843719e-01
7.868581e-02
5.583619e-01
5.833703e-01
8.110374e-02
-8.936363e-01
0.000000e+00
4.487918e-01
5.583619e-01
7.406878e-01
8.110374e-02
5.583619e-01
5.833703e-01
8.110374e-02
5.595704e-01
7.418963e-01
8.342520e-02
-8.801975e-01
0.000000e+00
4.746076e-01
5.595704e-01
7.418963e-01
8.342520e-02
5.583619e-01
5.833703e-01
8.110374e-02
5.595704e-01
5.821618e-01
8.342520e-02
-8.511210e-01
0.000000e+00
5.249696e-01
5.595704e-01
7.418963e-01
8.342520e-02
5.595704e-01
5.821618e-01
8.342520e-02
5.609766e-01
7.433025e-01
8.563249e-02
-8.354833e-01
0.000000e+00
5.495159e-01
5.609766e-01
7.433025e-01
8.563249e-02
5.595704e-01
5.821618e-01
8.342520e-02
5.609766e-01
5.807557e-01
8.563249e-02
-8.021281e-01
0.000000e+00
5.971520e-01
5.609766e-01
7.433025e-01
8.563249e-02
5.609766e-01
5.807557e-01
8.563249e-02
5.625699e-01
7.448957e-01
8.770882e-02
-7.844105e-01
0.000000e+00
6.202420e-01
5.625699e-01
7.448957e-01
8.770882e-02
5.609766e-01
5.807557e-01
8.563249e-02
5.625699e-01
5.791625e-01
8.770882e-02
-7.274188e-01
0.000000e+00
6.861938e-01
5.625699e-01
7.448957e-01
8.770882e-02
5.625699e-01
5.791625e-01
8.770882e-02
5.662675e-01
5.754647e-01
9.140653e-02
9.993668e-01
-2.050695e-02
2.907651e-02
3.488348e-02
1.007238e+00
7.103987e-02
3.500000e-02
1.007352e+00
6.842519e-02
3.816142e-02
1.161417e+00
6.842519e-02
9.980975e-01
-2.048091e-02
5.815303e-02
3.816142e-02
1.161417e+00
6.842519e-02
3.804957e-02
1.161532e+00
7.103987e-02
3.488348e-02
1.007238e+00
7.103987e-02
9.930303e-01
-2.037693e-02
1.160848e-01
3.488348e-02
1.007238e+00
7.103987e-02
3.804957e-02
1.161532e+00
7.103987e-02
3.771491e-02
1.161873e+00
7.363465e-02
9.892322e-01
-2.029899e-02
1.449400e-01
3.488348e-02
1.007238e+00
7.103987e-02
3.771491e-02
1.161873e+00
7.363465e-02
3.453479e-02
1.006896e+00
7.363465e-02
9.791362e-01
-2.009182e-02
2.022095e-01
3.453479e-02
1.006896e+00
7.363465e-02
3.771491e-02
1.161873e+00
7.363465e-02
3.395658e-02
1.006330e+00
7.618977e-02
9.728382e-01
-1.996259e-02
2.306239e-01
3.771491e-02
1.161873e+00
7.363465e-02
3.715995e-02
1.162439e+00
7.618977e-02
3.395658e-02
1.006330e+00
7.618977e-02
9.577903e-01
-1.965381e-02
2.867954e-01
3.395658e-02
1.006330e+00
7.618977e-02
3.715995e-02
1.162439e+00
7.618977e-02
3.638894e-02
1.163226e+00
7.868581e-02
9.490403e-01
-1.947426e-02
3.145525e-01
3.395658e-02
1.006330e+00
7.618977e-02
3.638894e-02
1.163226e+00
7.868581e-02
3.315327e-02
1.005543e+00
7.868581e-02
9.291549e-01
-1.906621e-02
3.691986e-01
3.315327e-02
1.005543e+00
7.868581e-02
3.638894e-02
1.163226e+00
7.868581e-02
3.213096e-02
1.004541e+00
8.110374e-02
9.180196e-01
-1.883771e-02
3.960873e-01
3.638894e-02
1.163226e+00
7.868581e-02
3.540774e-02
1.164228e+00
8.110374e-02
3.213096e-02
1.004541e+00
8.110374e-02
8.934483e-01
-1.833351e-02
4.487919e-01
3.213096e-02
1.004541e+00
8.110374e-02
3.540774e-02
1.164228e+00
8.110374e-02
3.422381e-02
1.165437e+00
8.342520e-02
8.800123e-01
-1.805780e-02
4.746076e-01
3.213096e-02
1.004541e+00
8.110374e-02
3.422381e-02
1.165437e+00
8.342520e-02
3.089744e-02
1.003333e+00
8.342520e-02
8.509418e-01
-1.746128e-02
5.249696e-01
3.089744e-02
1.003333e+00
8.342520e-02
3.422381e-02
1.165437e+00
8.342520e-02
2.946209e-02
1.001926e+00
8.563249e-02
8.353074e-01
-1.714046e-02
5.495159e-01
3.422381e-02
1.165437e+00
8.342520e-02
3.284617e-02
1.166843e+00
8.563249e-02
2.946209e-02
1.001926e+00
8.563249e-02
8.019592e-01
-1.645616e-02
5.971520e-01
2.946209e-02
1.001926e+00
8.563249e-02
3.284617e-02
1.166843e+00
8.563249e-02
3.128530e-02
1.168436e+00
8.770882e-02
7.842454e-01
-1.609267e-02
6.202419e-01
2.946209e-02
1.001926e+00
8.563249e-02
3.128530e-02
1.168436e+00
8.770882e-02
2.783583e-02
1.000333e+00
8.770882e-02
7.272657e-01
-1.492345e-02
6.861938e-01
2.783583e-02
1.000333e+00
8.770882e-02
3.128530e-02
1.168436e+00
8.770882e-02
2.766269e-02
1.172134e+00
9.140653e-02
6.860493e-01
-1.407770e-02
7.274188e-01
2.783583e-02
1.000333e+00
8.770882e-02
2.766269e-02
1.172134e+00
9.140653e-02
2.406147e-02
9.966354e-01
9.140653e-02
5.970857e-01
-1.225217e-02
8.020838e-01
2.406147e-02
9.966354e-01
9.140653e-02
2.766269e-02
1.172134e+00
9.140653e-02
2.346606e-02
1.176417e+00
9.440596e-02
5.493384e-01
-1.127239e-02
8.355240e-01
2.406147e-02
9.966354e-01
9.140653e-02
2.346606e-02
1.176417e+00
9.440596e-02
1.968904e-02
9.923518e-01
9.440596e-02
4.487635e-01
-9.208604e-03
8.936031e-01
1.968904e-02
9.923518e-01
9.440596e-02
2.346606e-02
1.176417e+00
9.440596e-02
1.882292e-02
1.181157e+00
9.661597e-02
3.959360e-01
-8.124585e-03
9.182422e-01
1.968904e-02
9.923518e-01
9.440596e-02
1.882292e-02
1.181157e+00
9.661597e-02
1.485140e-02
9.876124e-01
9.661597e-02
2.868059e-01
-5.885242e-03
9.579706e-01
1.485140e-02
9.876124e-01
9.661597e-02
1.882292e-02
1.181157e+00
9.661597e-02
1.387434e-02
1.186208e+00
9.796944e-02
2.305033e-01
-4.729916e-03
9.730600e-01
1.485140e-02
9.876124e-01
9.661597e-02
1.387434e-02
1.186208e+00
9.796944e-02
9.695526e-03
9.825612e-01
9.796944e-02
1.161338e-01
-2.383060e-03
9.932307e-01
9.695526e-03
9.825612e-01
9.796944e-02
1.387434e-02
1.186208e+00
9.796944e-02
8.770700e-03
1.191417e+00
9.842519e-02
5.806691e-02
-1.191530e-03
9.983119e-01
9.695526e-03
9.825612e-01
9.796944e-02
8.770700e-03
1.191417e+00
9.842519e-02
4.378086e-03
9.773518e-01
9.842519e-02
0.000000e+00
6.861938e-01
7.274188e-01
5.625699e-01
5.791625e-01
8.770882e-02
2.428363e-02
5.754647e-01
9.140653e-02
5.662675e-01
5.754647e-01
9.140653e-02
0.000000e+00
5.972114e-01
8.020838e-01
5.662675e-01
5.754647e-01
9.140653e-02
2.428363e-02
5.754647e-01
9.140653e-02
2.000000e-02
5.711811e-01
9.440596e-02
0.000000e+00
5.494540e-01
8.355240e-01
5.662675e-01
5.754647e-01
9.140653e-02
2.000000e-02
5.711811e-01
9.440596e-02
5.705512e-01
5.711811e-01
9.440596e-02
0.000000e+00
4.488580e-01
8.936031e-01
5.705512e-01
5.711811e-01
9.440596e-02
2.000000e-02
5.711811e-01
9.440596e-02
1.526060e-02
5.664417e-01
9.661597e-02
0.000000e+00
3.960194e-01
9.182422e-01
5.705512e-01
5.711811e-01
9.440596e-02
1.526060e-02
5.664417e-01
9.661597e-02
5.752906e-01
5.664417e-01
9.661597e-02
0.000000e+00
2.868663e-01
9.579706e-01
5.752906e-01
5.664417e-01
9.661597e-02
1.526060e-02
5.664417e-01
9.661597e-02
1.020944e-02
5.613905e-01
9.796944e-02
0.000000e+00
2.305519e-01
9.730600e-01
5.752906e-01
5.664417e-01
9.661597e-02
1.020944e-02
5.613905e-01
9.796944e-02
5.803418e-01
5.613905e-01
9.796944e-02
0.000000e+00
1.161583e-01
9.932307e-01
5.803418e-01
5.613905e-01
9.796944e-02
1.020944e-02
5.613905e-01
9.796944e-02
5.000000e-03
5.561811e-01
9.842519e-02
0.000000e+00
5.807913e-02
9.983119e-01
5.803418e-01
5.613905e-01
9.796944e-02
5.000000e-03
5.561811e-01
9.842519e-02
5.855512e-01
5.561811e-01
9.842519e-02
0.000000e+00
8.191521e-01
5.735765e-01
3.098076e-02
5.821618e-01
8.342520e-02
2.957456e-02
5.807557e-01
8.563249e-02
5.625699e-01
5.791625e-01
8.770882e-02
0.000000e+00
7.844105e-01
6.202420e-01
5.625699e-01
5.791625e-01
8.770882e-02
2.957456e-02
5.807557e-01
8.563249e-02
2.798133e-02
5.791625e-01
8.770882e-02
0.000000e+00
7.274188e-01
6.861938e-01
5.625699e-01
5.791625e-01
8.770882e-02
2.798133e-02
5.791625e-01
8.770882e-02
2.428363e-02
5.754647e-01
9.140653e-02
0.000000e+00
8.191521e-01
5.735765e-01
5.625699e-01
5.791625e-01
8.770882e-02
5.609766e-01
5.807557e-01
8.563249e-02
3.098076e-02
5.821618e-01
8.342520e-02
0.000000e+00
8.511210e-01
5.249696e-01
3.098076e-02
5.821618e-01
8.342520e-02
5.609766e-01
5.807557e-01
8.563249e-02
5.595704e-01
5.821618e-01
8.342520e-02
0.000000e+00
8.801975e-01
4.746076e-01
3.098076e-02
5.821618e-01
8.342520e-02
5.595704e-01
5.821618e-01
8.342520e-02
3.218923e-02
5.833703e-01
8.110374e-02
0.000000e+00
9.063078e-01
4.226183e-01
3.218923e-02
5.833703e-01
8.110374e-02
5.595704e-01
5.821618e-01
8.342520e-02
3.319078e-02
5.843719e-01
7.868581e-02
0.000000e+00
9.659258e-01
2.588190e-01
5.573604e-01
5.843719e-01
7.868581e-02
5.565734e-01
5.851589e-01
7.618977e-02
3.454423e-02
5.857254e-01
7.363465e-02
0.000000e+00
9.063078e-01
4.226183e-01
5.595704e-01
5.821618e-01
8.342520e-02
5.583619e-01
5.833703e-01
8.110374e-02
3.319078e-02
5.843719e-01
7.868581e-02
0.000000e+00
9.293506e-01
3.691985e-01
3.319078e-02
5.843719e-01
7.868581e-02
5.583619e-01
5.833703e-01
8.110374e-02
5.573604e-01
5.843719e-01
7.868581e-02
0.000000e+00
9.492401e-01
3.145525e-01
3.319078e-02
5.843719e-01
7.868581e-02
5.573604e-01
5.843719e-01
7.868581e-02
3.397778e-02
5.851589e-01
7.618977e-02
0.000000e+00
9.659258e-01
2.588190e-01
3.397778e-02
5.851589e-01
7.618977e-02
5.573604e-01
5.843719e-01
7.868581e-02
3.454423e-02
5.857254e-01
7.363465e-02
0.000000e+00
9.995772e-01
2.907651e-02
5.556653e-01
5.860670e-01
7.103987e-02
5.555512e-01
5.861811e-01
6.842519e-02
3.500000e-02
5.861811e-01
6.842519e-02
0.000000e+00
9.793423e-01
2.022095e-01
5.565734e-01
5.851589e-01
7.618977e-02
5.560070e-01
5.857254e-01
7.363465e-02
3.454423e-02
5.857254e-01
7.363465e-02
0.000000e+00
9.894404e-01
1.449400e-01
3.454423e-02
5.857254e-01
7.363465e-02
5.560070e-01
5.857254e-01
7.363465e-02
5.556653e-01
5.860670e-01
7.103987e-02
0.000000e+00
9.932393e-01
1.160848e-01
3.454423e-02
5.857254e-01
7.363465e-02
5.556653e-01
5.860670e-01
7.103987e-02
3.488584e-02
5.860670e-01
7.103987e-02
0.000000e+00
9.983077e-01
5.815303e-02
3.488584e-02
5.860670e-01
7.103987e-02
5.556653e-01
5.860670e-01
7.103987e-02
3.500000e-02
5.861811e-01
6.842519e-02
0.000000e+00
9.938908e-01
1.103684e-01
3.107323e-01
1.006896e+00
7.363465e-02
3.109199e-01
1.006972e+00
7.311673e-02
3.500000e-02
1.007352e+00
6.842519e-02
0.000000e+00
9.958024e-01
9.152891e-02
3.500000e-02
1.007352e+00
6.842519e-02
3.109199e-01
1.006972e+00
7.311673e-02
3.113422e-01
1.007144e+00
7.195132e-02
0.000000e+00
9.978585e-01
6.541060e-02
3.113422e-01
1.007144e+00
7.195132e-02
3.116264e-01
1.007259e+00
7.077897e-02
3.500000e-02
1.007352e+00
6.842519e-02
0.000000e+00
9.992290e-01
3.925982e-02
3.500000e-02
1.007352e+00
6.842519e-02
3.116264e-01
1.007259e+00
7.077897e-02
3.117971e-01
1.007329e+00
6.960300e-02
0.000000e+00
9.999143e-01
1.308885e-02
3.500000e-02
1.007352e+00
6.842519e-02
3.117971e-01
1.007329e+00
6.960300e-02
3.118540e-01
1.007352e+00
6.842519e-02
0.000000e+00
9.612499e-01
2.756783e-01
3.074013e-01
1.005543e+00
7.868581e-02
3.082404e-01
1.005883e+00
7.769570e-02
3.453479e-02
1.006896e+00
7.363465e-02
0.000000e+00
9.961947e-01
8.715575e-02
3.500000e-02
1.007352e+00
6.842519e-02
3.488348e-02
1.007238e+00
7.103987e-02
3.107323e-01
1.006896e+00
7.363465e-02
0.000000e+00
9.894404e-01
1.449400e-01
3.107323e-01
1.006896e+00
7.363465e-02
3.488348e-02
1.007238e+00
7.103987e-02
3.453479e-02
1.006896e+00
7.363465e-02
0.000000e+00
9.805013e-01
1.965125e-01
3.107323e-01
1.006896e+00
7.363465e-02
3.453479e-02
1.006896e+00
7.363465e-02
3.096608e-01
1.006461e+00
7.568286e-02
0.000000e+00
9.702957e-01
2.419219e-01
3.096608e-01
1.006461e+00
7.568286e-02
3.453479e-02
1.006896e+00
7.363465e-02
3.082404e-01
1.005883e+00
7.769570e-02
0.000000e+00
9.659258e-01
2.588190e-01
3.453479e-02
1.006896e+00
7.363465e-02
3.395658e-02
1.006330e+00
7.618977e-02
3.074013e-01
1.005543e+00
7.868581e-02
0.000000e+00
9.492401e-01
3.145525e-01
3.074013e-01
1.005543e+00
7.868581e-02
3.395658e-02
1.006330e+00
7.618977e-02
3.315327e-02
1.005543e+00
7.868581e-02
0.000000e+00
9.249974e-01
3.799735e-01
3.074013e-01
1.005543e+00
7.868581e-02
3.315327e-02
1.005543e+00
7.868581e-02
3.038067e-01
1.004082e+00
8.204491e-02
0.000000e+00
9.013248e-01
4.331439e-01
3.038067e-01
1.004082e+00
8.204491e-02
3.315327e-02
1.005543e+00
7.868581e-02
3.017892e-01
1.003262e+00
8.338263e-02
0.000000e+00
9.063157e-01
4.226010e-01
3.315327e-02
1.005543e+00
7.868581e-02
3.213096e-02
1.004541e+00
8.110374e-02
3.017892e-01
1.003262e+00
8.338263e-02
0.000000e+00
8.802065e-01
4.745908e-01
3.017892e-01
1.003262e+00
8.338263e-02
3.213096e-02
1.004541e+00
8.110374e-02
3.089744e-02
1.003333e+00
8.342520e-02
0.000000e+00
8.480656e-01
5.298911e-01
3.017892e-01
1.003262e+00
8.338263e-02
3.089744e-02
1.003333e+00
8.342520e-02
2.977532e-01
1.001622e+00
8.605875e-02
0.000000e+00
8.158393e-01
5.782787e-01
2.977532e-01
1.001622e+00
8.605875e-02
3.089744e-02
1.003333e+00
8.342520e-02
2.942480e-01
1.000198e+00
8.758608e-02
0.000000e+00
6.861938e-01
7.274188e-01
2.783583e-02
1.000333e+00
8.770882e-02
2.406147e-02
9.966354e-01
9.140653e-02
2.854800e-01
9.966354e-01
9.140653e-02
0.000000e+00
8.191982e-01
5.735106e-01
3.089744e-02
1.003333e+00
8.342520e-02
2.946209e-02
1.001926e+00
8.563249e-02
2.942480e-01
1.000198e+00
8.758608e-02
0.000000e+00
7.844605e-01
6.201788e-01
2.942480e-01
1.000198e+00
8.758608e-02
2.946209e-02
1.001926e+00
8.563249e-02
2.783583e-02
1.000333e+00
8.770882e-02
0.000000e+00
7.470440e-01
6.647747e-01
2.942480e-01
1.000198e+00
8.758608e-02
2.783583e-02
1.000333e+00
8.770882e-02
2.898622e-01
9.984160e-01
8.949707e-02
0.000000e+00
7.070640e-01
7.071496e-01
2.898622e-01
9.984160e-01
8.949707e-02
2.783583e-02
1.000333e+00
8.770882e-02
2.854800e-01
9.966354e-01
9.140653e-02
0.000000e+00
3.960814e-01
9.182154e-01
1.968904e-02
9.923518e-01
9.440596e-02
1.485140e-02
9.876124e-01
9.661597e-02
2.630187e-01
9.875088e-01
9.631398e-02
0.000000e+00
4.332216e-01
9.012874e-01
2.630187e-01
9.875088e-01
9.631398e-02
2.715406e-01
9.909715e-01
9.515539e-02
1.968904e-02
9.923518e-01
9.440596e-02
0.000000e+00
4.847516e-01
8.746519e-01
1.968904e-02
9.923518e-01
9.440596e-02
2.715406e-01
9.909715e-01
9.515539e-02
2.747563e-01
9.922781e-01
9.429056e-02
0.000000e+00
5.493970e-01
8.355615e-01
1.968904e-02
9.923518e-01
9.440596e-02
2.747563e-01
9.922781e-01
9.429056e-02
2.406147e-02
9.966354e-01
9.140653e-02
0.000000e+00
5.783367e-01
8.157982e-01
2.406147e-02
9.966354e-01
9.140653e-02
2.747563e-01
9.922781e-01
9.429056e-02
2.811919e-01
9.948931e-01
9.255977e-02
0.000000e+00
6.248374e-01
7.807548e-01
2.406147e-02
9.966354e-01
9.140653e-02
2.811919e-01
9.948931e-01
9.255977e-02
2.854800e-01
9.966354e-01
9.140653e-02
0.000000e+00
5.807913e-02
9.983119e-01
9.695526e-03
9.825612e-01
9.796944e-02
4.378086e-03
9.773518e-01
9.842519e-02
2.380212e-01
9.773518e-01
9.842519e-02
0.000000e+00
1.103899e-01
9.938884e-01
2.380212e-01
9.773518e-01
9.842519e-02
2.495604e-01
9.820404e-01
9.801500e-02
9.695526e-03
9.825612e-01
9.796944e-02
0.000000e+00
1.679385e-01
9.857975e-01
9.695526e-03
9.825612e-01
9.796944e-02
2.495604e-01
9.820404e-01
9.801500e-02
2.508422e-01
9.825612e-01
9.796944e-02
0.000000e+00
2.305519e-01
9.730600e-01
9.695526e-03
9.825612e-01
9.796944e-02
2.508422e-01
9.825612e-01
9.796944e-02
1.485140e-02
9.876124e-01
9.661597e-02
0.000000e+00
2.756560e-01
9.612564e-01
1.485140e-02
9.876124e-01
9.661597e-02
2.508422e-01
9.825612e-01
9.796944e-02
2.605822e-01
9.865189e-01
9.664522e-02
0.000000e+00
3.311057e-01
9.435937e-01
1.485140e-02
9.876124e-01
9.661597e-02
2.605822e-01
9.865189e-01
9.664522e-02
2.630187e-01
9.875088e-01
9.631398e-02
1.161583e-01
0.000000e+00
9.932307e-01
1.020944e-02
5.613905e-01
9.796944e-02
1.020944e-02
7.483423e-01
9.796944e-02
5.000000e-03
5.561811e-01
9.842519e-02
1.103974e-01
0.000000e+00
9.938875e-01
5.000000e-03
5.561811e-01
9.842519e-02
1.020944e-02
7.483423e-01
9.796944e-02
9.689311e-03
7.485619e-01
9.801494e-02
5.231823e-02
0.000000e+00
9.986305e-01
5.000000e-03
5.561811e-01
9.842519e-02
9.689311e-03
7.485619e-01
9.801494e-02
5.000000e-03
7.505415e-01
9.842519e-02
4.488580e-01
0.000000e+00
8.936031e-01
1.526060e-02
5.664417e-01
9.661597e-02
2.000000e-02
5.711811e-01
9.440596e-02
2.000000e-02
7.442092e-01
9.440596e-02
4.331932e-01
0.000000e+00
9.013010e-01
2.000000e-02
7.442092e-01
9.440596e-02
1.857906e-02
7.448091e-01
9.506856e-02
1.526060e-02
5.664417e-01
9.661597e-02
3.800065e-01
0.000000e+00
9.249838e-01
1.526060e-02
5.664417e-01
9.661597e-02
1.857906e-02
7.448091e-01
9.506856e-02
1.526060e-02
7.462100e-01
9.661597e-02
2.868663e-01
0.000000e+00
9.579706e-01
1.526060e-02
5.664417e-01
9.661597e-02
1.526060e-02
7.462100e-01
9.661597e-02
1.020944e-02
5.613905e-01
9.796944e-02
2.757174e-01
0.000000e+00
9.612387e-01
1.020944e-02
5.613905e-01
9.796944e-02
1.526060e-02
7.462100e-01
9.661597e-02
1.425143e-02
7.466360e-01
9.688639e-02
2.192853e-01
0.000000e+00
9.756607e-01
1.020944e-02
5.613905e-01
9.796944e-02
1.425143e-02
7.466360e-01
9.688639e-02
1.020944e-02
7.483423e-01
9.796944e-02
7.071068e-01
0.000000e+00
7.071068e-01
2.798133e-02
7.408400e-01
8.770882e-02
2.613248e-02
7.416205e-01
8.955768e-02
2.428363e-02
5.754647e-01
9.140653e-02
6.647897e-01
0.000000e+00
7.470305e-01
2.428363e-02
5.754647e-01
9.140653e-02
2.613248e-02
7.416205e-01
8.955768e-02
2.428363e-02
7.424009e-01
9.140653e-02
5.972114e-01
0.000000e+00
8.020838e-01
2.428363e-02
5.754647e-01
9.140653e-02
2.428363e-02
7.424009e-01
9.140653e-02
2.000000e-02
5.711811e-01
9.440596e-02
5.783612e-01
0.000000e+00
8.157808e-01
2.000000e-02
5.711811e-01
9.440596e-02
2.428363e-02
7.424009e-01
9.140653e-02
2.257064e-02
7.431241e-01
9.260598e-02
5.299246e-01
0.000000e+00
8.480447e-01
2.000000e-02
5.711811e-01
9.440596e-02
2.257064e-02
7.431241e-01
9.260598e-02
2.000000e-02
7.442092e-01
9.440596e-02
7.274188e-01
0.000000e+00
6.861938e-01
2.428363e-02
5.754647e-01
9.140653e-02
2.798133e-02
5.791625e-01
8.770882e-02
2.798133e-02
7.408400e-01
8.770882e-02
7.844105e-01
0.000000e+00
6.202419e-01
2.798133e-02
7.408400e-01
8.770882e-02
2.798133e-02
5.791625e-01
8.770882e-02
2.957456e-02
5.807557e-01
8.563249e-02
7.986386e-01
0.000000e+00
6.018108e-01
2.798133e-02
7.408400e-01
8.770882e-02
2.957456e-02
5.807557e-01
8.563249e-02
2.927051e-02
7.402958e-01
8.605875e-02
8.322842e-01
0.000000e+00
5.543491e-01
2.927051e-02
7.402958e-01
8.605875e-02
2.957456e-02
5.807557e-01
8.563249e-02
3.091066e-02
7.396034e-01
8.338227e-02
8.511333e-01
0.000000e+00
5.249495e-01
2.957456e-02
5.807557e-01
8.563249e-02
3.098076e-02
5.821618e-01
8.342520e-02
3.091066e-02
7.396034e-01
8.338227e-02
8.802087e-01
0.000000e+00
4.745868e-01
3.091066e-02
7.396034e-01
8.338227e-02
3.098076e-02
5.821618e-01
8.342520e-02
3.218923e-02
5.833703e-01
8.110374e-02
8.883619e-01
0.000000e+00
4.591439e-01
3.091066e-02
7.396034e-01
8.338227e-02
3.218923e-02
5.833703e-01
8.110374e-02
3.173020e-02
7.392574e-01
8.204491e-02
9.135537e-01
0.000000e+00
4.067183e-01
3.173020e-02
7.392574e-01
8.204491e-02
3.218923e-02
5.833703e-01
8.110374e-02
3.313171e-02
7.386658e-01
7.866136e-02
9.293619e-01
0.000000e+00
3.691699e-01
3.218923e-02
5.833703e-01
8.110374e-02
3.319078e-02
5.843719e-01
7.868581e-02
3.313171e-02
7.386658e-01
7.866136e-02
9.492497e-01
0.000000e+00
3.145233e-01
3.313171e-02
7.386658e-01
7.866136e-02
3.319078e-02
5.843719e-01
7.868581e-02
3.397778e-02
5.851589e-01
7.618977e-02
9.528469e-01
0.000000e+00
3.034512e-01
3.313171e-02
7.386658e-01
7.866136e-02
3.397778e-02
5.851589e-01
7.618977e-02
3.353170e-02
7.384968e-01
7.769570e-02
9.688756e-01
0.000000e+00
2.475479e-01
3.353170e-02
7.384968e-01
7.769570e-02
3.397778e-02
5.851589e-01
7.618977e-02
3.450872e-02
7.380844e-01
7.362612e-02
9.995772e-01
0.000000e+00
2.907651e-02
3.488584e-02
5.860670e-01
7.103987e-02
3.500000e-02
5.861811e-01
6.842519e-02
3.500000e-02
7.378771e-01
6.842519e-02
9.793473e-01
0.000000e+00
2.021853e-01
3.397778e-02
5.851589e-01
7.618977e-02
3.454423e-02
5.857254e-01
7.363465e-02
3.450872e-02
7.380844e-01
7.362612e-02
9.894440e-01
0.000000e+00
1.449155e-01
3.450872e-02
7.380844e-01
7.362612e-02
3.454423e-02
5.857254e-01
7.363465e-02
3.488584e-02
5.860670e-01
7.103987e-02
9.902707e-01
0.000000e+00
1.391539e-01
3.450872e-02
7.380844e-01
7.362612e-02
3.488584e-02
5.860670e-01
7.103987e-02
3.463065e-02
7.380329e-01
7.311823e-02
9.966844e-01
0.000000e+00
8.136463e-02
3.463065e-02
7.380329e-01
7.311823e-02
3.488584e-02
5.860670e-01
7.103987e-02
3.500000e-02
7.378771e-01
6.842519e-02
6.974326e-01
-7.165309e-01
1.308885e-02
3.500000e-02
7.378771e-01
6.842519e-02
3.118540e-01
1.007352e+00
6.842519e-02
3.117971e-01
1.007329e+00
6.960300e-02
6.902741e-01
-7.091763e-01
1.434945e-01
3.109199e-01
1.006972e+00
7.311673e-02
3.463065e-02
7.380329e-01
7.311823e-02
3.113422e-01
1.007144e+00
7.195132e-02
6.945646e-01
-7.135844e-01
9.152772e-02
3.113422e-01
1.007144e+00
7.195132e-02
3.463065e-02
7.380329e-01
7.311823e-02
3.500000e-02
7.378771e-01
6.842519e-02
6.959985e-01
-7.150576e-01
6.541060e-02
3.113422e-01
1.007144e+00
7.195132e-02
3.500000e-02
7.378771e-01
6.842519e-02
3.116264e-01
1.007259e+00
7.077897e-02
6.969546e-01
-7.160398e-01
3.925982e-02
3.116264e-01
1.007259e+00
7.077897e-02
3.500000e-02
7.378771e-01
6.842519e-02
3.117971e-01
1.007329e+00
6.960300e-02
6.882585e-01
-7.071056e-01
1.621791e-01
3.109199e-01
1.006972e+00
7.311673e-02
3.107323e-01
1.006896e+00
7.363465e-02
3.463065e-02
7.380329e-01
7.311823e-02
6.846781e-01
-7.034272e-01
1.908038e-01
3.463065e-02
7.380329e-01
7.311823e-02
3.107323e-01
1.006896e+00
7.363465e-02
3.096608e-01
1.006461e+00
7.568286e-02
6.846814e-01
-7.034306e-01
1.907795e-01
3.463065e-02
7.380329e-01
7.311823e-02
3.096608e-01
1.006461e+00
7.568286e-02
3.450872e-02
7.380844e-01
7.362612e-02
6.767780e-01
-6.953107e-01
2.418979e-01
3.450872e-02
7.380844e-01
7.362612e-02
3.096608e-01
1.006461e+00
7.568286e-02
3.082404e-01
1.005883e+00
7.769570e-02
6.726625e-01
-6.910825e-01
2.644429e-01
3.450872e-02
7.380844e-01
7.362612e-02
3.082404e-01
1.005883e+00
7.769570e-02
3.353170e-02
7.384968e-01
7.769570e-02
6.608019e-01
-6.788973e-01
3.200614e-01
3.353170e-02
7.384968e-01
7.769570e-02
3.082404e-01
1.005883e+00
7.769570e-02
3.074013e-01
1.005543e+00
7.868581e-02
6.581666e-01
-6.761897e-01
3.310349e-01
3.353170e-02
7.384968e-01
7.769570e-02
3.074013e-01
1.005543e+00
7.868581e-02
3.313171e-02
7.386658e-01
7.866136e-02
6.451867e-01
-6.628544e-01
3.799450e-01
3.313171e-02
7.386658e-01
7.866136e-02
3.074013e-01
1.005543e+00
7.868581e-02
3.038067e-01
1.004082e+00
8.204491e-02
6.338493e-01
-6.512065e-01
4.173310e-01
3.313171e-02
7.386658e-01
7.866136e-02
3.038067e-01
1.004082e+00
8.204491e-02
3.173020e-02
7.392574e-01
8.204491e-02
6.158574e-01
-6.327220e-01
4.694492e-01
3.173020e-02
7.392574e-01
8.204491e-02
3.038067e-01
1.004082e+00
8.204491e-02
3.091066e-02
7.396034e-01
8.338227e-02
6.100543e-01
-6.267599e-01
4.847739e-01
3.091066e-02
7.396034e-01
8.338227e-02
3.038067e-01
1.004082e+00
8.204491e-02
3.017892e-01
1.003262e+00
8.338263e-02
5.915280e-01
-6.077263e-01
5.298711e-01
3.091066e-02
7.396034e-01
8.338227e-02
3.017892e-01
1.003262e+00
8.338263e-02
2.927051e-02
7.402958e-01
8.605875e-02
5.782492e-01
-5.940838e-01
5.591889e-01
3.017892e-01
1.003262e+00
8.338263e-02
2.977532e-01
1.001622e+00
8.605875e-02
2.927051e-02
7.402958e-01
8.605875e-02
5.546264e-01
-5.698142e-01
6.063837e-01
2.927051e-02
7.402958e-01
8.605875e-02
2.977532e-01
1.001622e+00
8.605875e-02
2.942480e-01
1.000198e+00
8.758608e-02
5.446311e-01
-5.595452e-01
6.247289e-01
2.927051e-02
7.402958e-01
8.605875e-02
2.942480e-01
1.000198e+00
8.758608e-02
2.798133e-02
7.408400e-01
8.770882e-02
5.210574e-01
-5.353259e-01
6.647747e-01
2.798133e-02
7.408400e-01
8.770882e-02
2.942480e-01
1.000198e+00
8.758608e-02
2.898622e-01
9.984160e-01
8.949707e-02
5.073046e-01
-5.211966e-01
6.862916e-01
2.798133e-02
7.408400e-01
8.770882e-02
2.898622e-01
9.984160e-01
8.949707e-02
2.613248e-02
7.416205e-01
8.955768e-02
4.786218e-01
-4.917282e-01
7.274095e-01
2.613248e-02
7.416205e-01
8.955768e-02
2.898622e-01
9.984160e-01
8.949707e-02
2.854800e-01
9.966354e-01
9.140653e-02
4.636858e-01
-4.763832e-01
7.470305e-01
2.613248e-02
7.416205e-01
8.955768e-02
2.854800e-01
9.966354e-01
9.140653e-02
2.428363e-02
7.424009e-01
9.140653e-02
4.358193e-01
-4.477537e-01
7.807548e-01
2.428363e-02
7.424009e-01
9.140653e-02
2.854800e-01
9.966354e-01
9.140653e-02
2.811919e-01
9.948931e-01
9.255977e-02
4.230365e-01
-4.346208e-01
7.950754e-01
2.428363e-02
7.424009e-01
9.140653e-02
2.811919e-01
9.948931e-01
9.255977e-02
2.257064e-02
7.431241e-01
9.260598e-02
3.900867e-01
-4.007688e-01
8.289854e-01
2.257064e-02
7.431241e-01
9.260598e-02
2.811919e-01
9.948931e-01
9.255977e-02
2.000000e-02
7.442092e-01
9.440596e-02
3.696005e-01
-3.797215e-01
8.480607e-01
2.000000e-02
7.442092e-01
9.440596e-02
2.811919e-01
9.948931e-01
9.255977e-02
2.747563e-01
9.922781e-01
9.429056e-02
3.381323e-01
-3.473916e-01
8.746346e-01
2.000000e-02
7.442092e-01
9.440596e-02
2.747563e-01
9.922781e-01
9.429056e-02
1.857906e-02
7.448091e-01
9.506856e-02
3.274318e-01
-3.363980e-01
8.829637e-01
1.857906e-02
7.448091e-01
9.506856e-02
2.747563e-01
9.922781e-01
9.429056e-02
2.715406e-01
9.909715e-01
9.515539e-02
2.911273e-01
-2.990995e-01
9.087268e-01
1.857906e-02
7.448091e-01
9.506856e-02
2.715406e-01
9.909715e-01
9.515539e-02
1.526060e-02
7.462100e-01
9.661597e-02
2.650721e-01
-2.723308e-01
9.249718e-01
1.526060e-02
7.462100e-01
9.661597e-02
2.715406e-01
9.909715e-01
9.515539e-02
2.630187e-01
9.875088e-01
9.631398e-02
2.309856e-01
-2.373108e-01
9.435726e-01
1.526060e-02
7.462100e-01
9.661597e-02
2.630187e-01
9.875088e-01
9.631398e-02
1.425143e-02
7.466360e-01
9.688639e-02
2.232964e-01
-2.294111e-01
9.473696e-01
1.425143e-02
7.466360e-01
9.688639e-02
2.630187e-01
9.875088e-01
9.631398e-02
2.605822e-01
9.865189e-01
9.664522e-02
1.844752e-01
-1.895268e-01
9.643902e-01
1.425143e-02
7.466360e-01
9.688639e-02
2.605822e-01
9.865189e-01
9.664522e-02
1.020944e-02
7.483423e-01
9.796944e-02
1.529066e-01
-1.570937e-01
9.756747e-01
1.020944e-02
7.483423e-01
9.796944e-02
2.605822e-01
9.865189e-01
9.664522e-02
2.508422e-01
9.825612e-01
9.796944e-02
1.171409e-01
-1.203487e-01
9.857963e-01
1.020944e-02
7.483423e-01
9.796944e-02
2.508422e-01
9.825612e-01
9.796944e-02
9.689311e-03
7.485619e-01
9.801494e-02
1.131543e-01
-1.162529e-01
9.867530e-01
2.508422e-01
9.825612e-01
9.796944e-02
2.495604e-01
9.820404e-01
9.801500e-02
9.689311e-03
7.485619e-01
9.801494e-02
7.297792e-02
-7.497634e-02
9.945113e-01
9.689311e-03
7.485619e-01
9.801494e-02
2.495604e-01
9.820404e-01
9.801500e-02
2.380212e-01
9.773518e-01
9.842519e-02
3.649157e-02
-3.749084e-02
9.986305e-01
9.689311e-03
7.485619e-01
9.801494e-02
2.380212e-01
9.773518e-01
9.842519e-02
5.000000e-03
7.505415e-01
9.842519e-02
