0.000000e+00
0.000000e+00
1.000000e+00
5.000000e-03
7.395200e-01
9.842519e-02
3.632442e-01
1.556134e+00
9.842519e-02
5.000000e-03
1.556134e+00
9.842519e-02
0.000000e+00
0.000000e+00
1.000000e+00
5.855512e-01
1.766654e+00
9.842519e-02
5.905512e-01
1.771654e+00
9.842519e-02
5.000000e-03
1.766654e+00
9.842519e-02
0.000000e+00
0.000000e+00
1.000000e+00
5.000000e-03
1.766654e+00
9.842519e-02
5.905512e-01
1.771654e+00
9.842519e-02
0.000000e+00
1.771654e+00
9.842519e-02
0.000000e+00
0.000000e+00
1.000000e+00
5.000000e-03
1.766654e+00
9.842519e-02
0.000000e+00
1.771654e+00
9.842519e-02
5.000000e-03
1.556134e+00
9.842519e-02
0.000000e+00
0.000000e+00
1.000000e+00
5.000000e-03
1.556134e+00
9.842519e-02
0.000000e+00
1.771654e+00
9.842519e-02
0.000000e+00
0.000000e+00
9.842519e-02
0.000000e+00
0.000000e+00
1.000000e+00
5.000000e-03
1.556134e+00
9.842519e-02
0.000000e+00
0.000000e+00
9.842519e-02
5.000000e-03
7.395200e-01
9.842519e-02
0.000000e+00
0.000000e+00
1.000000e+00
5.855512e-01
1.579873e+00
9.842519e-02
2.291613e-01
7.632290e-01
9.842519e-02
5.855512e-01
7.632290e-01
9.842519e-02
0.000000e+00
0.000000e+00
1.000000e+00
5.855512e-01
1.766654e+00
9.842519e-02
5.855512e-01
1.579873e+00
9.842519e-02
5.905512e-01
1.771654e+00
9.842519e-02
0.000000e+00
0.000000e+00
1.000000e+00
5.905512e-01
1.771654e+00
9.842519e-02
5.855512e-01
1.579873e+00
9.842519e-02
5.855512e-01
7.632290e-01
9.842519e-02
0.000000e+00
0.000000e+00
1.000000e+00
5.905512e-01
1.771654e+00
9.842519e-02
5.855512e-01
7.632290e-01
9.842519e-02
5.905512e-01
0.000000e+00
9.842519e-02
0.000000e+00
0.000000e+00
1.000000e+00
5.905512e-01
0.000000e+00
9.842519e-02
5.855512e-01
7.632290e-01
9.842519e-02
5.855512e-01
5.561811e-01
9.842519e-02
0.000000e+00
0.000000e+00
1.000000e+00
5.905512e-01
0.000000e+00
9.842519e-02
5.855512e-01
5.561811e-01
9.842519e-02
0.000000e+00
0.000000e+00
9.842519e-02
0.000000e+00
0.000000e+00
1.000000e+00
0.000000e+00
0.000000e+00
9.842519e-02
5.855512e-01
5.561811e-01
9.842519e-02
5.000000e-03
5.561811e-01
9.842519e-02
0.000000e+00
0.000000e+00
1.000000e+00
0.000000e+00
0.000000e+00
9.842519e-02
5.000000e-03
5.561811e-01
9.842519e-02
5.000000e-03
7.395200e-01
9.842519e-02
0.000000e+00
0.000000e+00
-1.000000e+00
0.000000e+00
0.000000e+00
0.000000e+00
0.000000e+00
1.771654e+00
0.000000e+00
3.500000e-02
1.586134e+00
0.000000e+00
0.000000e+00
0.000000e+00
-1.000000e+00
3.500000e-02
1.586134e+00
0.000000e+00
0.000000e+00
1.771654e+00
0.000000e+00
3.500000e-02
1.736653e+00
0.000000e+00
0.000000e+00
0.000000e+00
-1.000000e+00
3.500000e-02
1.586134e+00
0.000000e+00
4.091649e-01
1.586134e+00
0.000000e+00
3.500000e-02
7.332289e-01
0.000000e+00
0.000000e+00
0.000000e+00
-1.000000e+00
5.555512e-01
7.332289e-01
0.000000e+00
5.905512e-01
1.771654e+00
0.000000e+00
5.905512e-01
0.000000e+00
0.000000e+00
0.000000e+00
0.000000e+00
-1.000000e+00
3.500000e-02
1.586134e+00
0.000000e+00
3.500000e-02
7.332289e-01
0.000000e+00
0.000000e+00
0.000000e+00
0.000000e+00
0.000000e+00
0.000000e+00
-1.000000e+00
0.000000e+00
0.000000e+00
0.000000e+00
3.500000e-02
7.332289e-01
0.000000e+00
3.500000e-02
5.861811e-01
0.000000e+00
0.000000e+00
0.000000e+00
-1.000000e+00
0.000000e+00
0.000000e+00
0.000000e+00
3.500000e-02
5.861811e-01
0.000000e+00
5.905512e-01
0.000000e+00
0.000000e+00
0.000000e+00
0.000000e+00
-1.000000e+00
5.905512e-01
0.000000e+00
0.000000e+00
3.500000e-02
5.861811e-01
0.000000e+00
5.555512e-01
5.861811e-01
0.000000e+00
0.000000e+00
0.000000e+00
-1.000000e+00
5.905512e-01
0.000000e+00
0.000000e+00
5.555512e-01
5.861811e-01
0.000000e+00
5.555512e-01
7.332289e-01
0.000000e+00
0.000000e+00
0.000000e+00
-1.000000e+00
3.500000e-02
1.736653e+00
0.000000e+00
0.000000e+00
1.771654e+00
0.000000e+00
5.555512e-01
1.736653e+00
0.000000e+00
0.000000e+00
0.000000e+00
-1.000000e+00
5.555512e-01
1.736653e+00
0.000000e+00
0.000000e+00
1.771654e+00
0.000000e+00
5.905512e-01
1.771654e+00
0.000000e+00
0.000000e+00
0.000000e+00
-1.000000e+00
5.555512e-01
1.736653e+00
0.000000e+00
5.905512e-01
1.771654e+00
0.000000e+00
5.555512e-01
1.586134e+00
0.000000e+00
0.000000e+00
0.000000e+00
-1.000000e+00
5.555512e-01
1.586134e+00
0.000000e+00
5.905512e-01
1.771654e+00
0.000000e+00
5.555512e-01
7.332289e-01
0.000000e+00
0.000000e+00
0.000000e+00
-1.000000e+00
5.555512e-01
1.586134e+00
0.000000e+00
5.555512e-01
7.332289e-01
0.000000e+00
1.833367e-01
7.332289e-01
0.000000e+00
-1.000000e+00
0.000000e+00
0.000000e+00
0.000000e+00
0.000000e+00
9.842519e-02
0.000000e+00
1.771654e+00
9.842519e-02
0.000000e+00
0.000000e+00
0.000000e+00
-1.000000e+00
0.000000e+00
0.000000e+00
0.000000e+00
0.000000e+00
0.000000e+00
0.000000e+00
1.771654e+00
9.842519e-02
0.000000e+00
1.771654e+00
0.000000e+00
0.000000e+00
-1.000000e+00
0.000000e+00
5.905512e-01
0.000000e+00
9.842519e-02
0.000000e+00
0.000000e+00
9.842519e-02
5.905512e-01
0.000000e+00
0.000000e+00
0.000000e+00
-1.000000e+00
0.000000e+00
5.905512e-01
0.000000e+00
0.000000e+00
0.000000e+00
0.000000e+00
9.842519e-02
0.000000e+00
0.000000e+00
0.000000e+00
1.000000e+00
0.000000e+00
0.000000e+00
5.905512e-01
1.771654e+00
9.842519e-02
5.905512e-01
0.000000e+00
9.842519e-02
5.905512e-01
1.771654e+00
0.000000e+00
1.000000e+00
0.000000e+00
0.000000e+00
5.905512e-01
1.771654e+00
0.000000e+00
5.905512e-01
0.000000e+00
9.842519e-02
5.905512e-01
0.000000e+00
0.000000e+00
0.000000e+00
1.000000e+00
0.000000e+00
0.000000e+00
1.771654e+00
9.842519e-02
5.905512e-01
1.771654e+00
9.842519e-02
0.000000e+00
1.771654e+00
0.000000e+00
0.000000e+00
1.000000e+00
0.000000e+00
0.000000e+00
1.771654e+00
0.000000e+00
5.905512e-01
1.771654e+00
9.842519e-02
5.905512e-01
1.771654e+00
0.000000e+00
-1.000000e+00
0.000000e+00
0.000000e+00
5.555512e-01
1.736653e+00
6.842519e-02
5.555512e-01
1.736653e+00
0.000000e+00
5.555512e-01
1.586134e+00
6.842519e-02
-1.000000e+00
0.000000e+00
0.000000e+00
5.555512e-01
1.586134e+00
6.842519e-02
5.555512e-01
1.736653e+00
0.000000e+00
5.555512e-01
1.586134e+00
0.000000e+00
-9.165245e-01
3.999787e-01
0.000000e+00
5.555512e-01
1.586134e+00
6.842519e-02
5.555512e-01
1.586134e+00
5.335641e-19
1.833367e-01
7.332289e-01
6.842519e-02
-9.165245e-01
3.999787e-01
0.000000e+00
1.833367e-01
7.332289e-01
6.842519e-02
5.555512e-01
1.586134e+00
5.335641e-19
1.833367e-01
7.332289e-01
5.335641e-19
0.000000e+00
-1.000000e+00
0.000000e+00
1.833367e-01
7.332289e-01
6.842519e-02
1.833367e-01
7.332289e-01
0.000000e+00
5.555512e-01
7.332289e-01
6.842519e-02
0.000000e+00
-1.000000e+00
0.000000e+00
5.555512e-01
7.332289e-01
6.842519e-02
1.833367e-01
7.332289e-01
0.000000e+00
5.555512e-01
7.332289e-01
0.000000e+00
-1.000000e+00
0.000000e+00
0.000000e+00
5.555512e-01
7.332289e-01
6.842519e-02
5.555512e-01
7.332289e-01
0.000000e+00
5.555512e-01
5.861811e-01
6.842519e-02
-1.000000e+00
0.000000e+00
0.000000e+00
5.555512e-01
5.861811e-01
6.842519e-02
5.555512e-01
7.332289e-01
0.000000e+00
5.555512e-01
5.861811e-01
0.000000e+00
0.000000e+00
1.000000e+00
0.000000e+00
5.555512e-01
5.861811e-01
6.842519e-02
5.555512e-01
5.861811e-01
0.000000e+00
3.500000e-02
5.861811e-01
6.842519e-02
0.000000e+00
1.000000e+00
0.000000e+00
3.500000e-02
5.861811e-01
6.842519e-02
5.555512e-01
5.861811e-01
0.000000e+00
3.500000e-02
5.861811e-01
0.000000e+00
1.000000e+00
0.000000e+00
0.000000e+00
3.500000e-02
5.861811e-01
6.842519e-02
3.500000e-02
5.861811e-01
0.000000e+00
3.500000e-02
7.332289e-01
6.842519e-02
1.000000e+00
0.000000e+00
0.000000e+00
3.500000e-02
7.332289e-01
6.842519e-02
3.500000e-02
5.861811e-01
0.000000e+00
3.500000e-02
7.332289e-01
0.000000e+00
9.157551e-01
-4.017370e-01
0.000000e+00
3.500000e-02
7.332289e-01
6.842519e-02
3.500000e-02
7.332289e-01
5.335641e-19
4.091649e-01
1.586134e+00
6.842519e-02
9.157551e-01
-4.017370e-01
0.000000e+00
4.091649e-01
1.586134e+00
6.842519e-02
3.500000e-02
7.332289e-01
5.335641e-19
4.091649e-01
1.586134e+00
5.335641e-19
0.000000e+00
1.000000e+00
0.000000e+00
4.091649e-01
1.586134e+00
6.842519e-02
4.091649e-01
1.586134e+00
0.000000e+00
3.500000e-02
1.586134e+00
6.842519e-02
0.000000e+00
1.000000e+00
0.000000e+00
3.500000e-02
1.586134e+00
6.842519e-02
4.091649e-01
1.586134e+00
0.000000e+00
3.500000e-02
1.586134e+00
0.000000e+00
1.000000e+00
0.000000e+00
0.000000e+00
3.500000e-02
1.586134e+00
6.842519e-02
3.500000e-02
1.586134e+00
0.000000e+00
3.500000e-02
1.736653e+00
6.842519e-02
1.000000e+00
0.000000e+00
0.000000e+00
3.500000e-02
1.736653e+00
6.842519e-02
3.500000e-02
1.586134e+00
0.000000e+00
3.500000e-02
1.736653e+00
0.000000e+00
0.000000e+00
-1.000000e+00
0.000000e+00
3.500000e-02
1.736653e+00
6.842519e-02
3.500000e-02
1.736653e+00
0.000000e+00
5.555512e-01
1.736653e+00
6.842519e-02
0.000000e+00
-1.000000e+00
0.000000e+00
5.555512e-01
1.736653e+00
6.842519e-02
3.500000e-02
1.736653e+00
0.000000e+00
5.555512e-01
1.736653e+00
0.000000e+00
0.000000e+00
-9.995772e-01
2.907651e-02
3.500000e-02
1.736653e+00
6.842519e-02
5.555512e-01
1.736653e+00
6.842519e-02
3.488584e-02
1.736768e+00
7.103987e-02
0.000000e+00
-9.983077e-01
5.815303e-02
3.488584e-02
1.736768e+00
7.103987e-02
5.555512e-01
1.736653e+00
6.842519e-02
5.556653e-01
1.736768e+00
7.103987e-02
0.000000e+00
-9.932393e-01
1.160848e-01
3.488584e-02
1.736768e+00
7.103987e-02
5.556653e-01
1.736768e+00
7.103987e-02
3.454423e-02
1.737109e+00
7.363465e-02
0.000000e+00
-9.894404e-01
1.449400e-01
3.454423e-02
1.737109e+00
7.363465e-02
5.556653e-01
1.736768e+00
7.103987e-02
5.560070e-01
1.737109e+00
7.363465e-02
0.000000e+00
-9.793423e-01
2.022095e-01
3.454423e-02
1.737109e+00
7.363465e-02
5.560070e-01
1.737109e+00
7.363465e-02
3.397778e-02
1.737676e+00
7.618977e-02
0.000000e+00
-9.659258e-01
2.588190e-01
3.397778e-02
1.737676e+00
7.618977e-02
5.560070e-01
1.737109e+00
7.363465e-02
3.319078e-02
1.738463e+00
7.868581e-02
0.000000e+00
-9.659258e-01
2.588190e-01
5.560070e-01
1.737109e+00
7.363465e-02
5.565734e-01
1.737676e+00
7.618977e-02
3.319078e-02
1.738463e+00
7.868581e-02
0.000000e+00
-9.492401e-01
3.145525e-01
3.319078e-02
1.738463e+00
7.868581e-02
5.565734e-01
1.737676e+00
7.618977e-02
5.573604e-01
1.738463e+00
7.868581e-02
0.000000e+00
-9.293506e-01
3.691985e-01
3.319078e-02
1.738463e+00
7.868581e-02
5.573604e-01
1.738463e+00
7.868581e-02
3.218923e-02
1.739464e+00
8.110374e-02
0.000000e+00
-9.063078e-01
4.226182e-01
3.218923e-02
1.739464e+00
8.110374e-02
5.573604e-01
1.738463e+00
7.868581e-02
3.098076e-02
1.740673e+00
8.342520e-02
0.000000e+00
-8.191521e-01
5.735765e-01
5.595704e-01
1.740673e+00
8.342520e-02
5.609766e-01
1.742079e+00
8.563249e-02
2.798133e-02
1.743672e+00
8.770882e-02
0.000000e+00
-9.063078e-01
4.226182e-01
5.573604e-01
1.738463e+00
7.868581e-02
5.583619e-01
1.739464e+00
8.110374e-02
3.098076e-02
1.740673e+00
8.342520e-02
0.000000e+00
-8.801975e-01
4.746076e-01
3.098076e-02
1.740673e+00
8.342520e-02
5.583619e-01
1.739464e+00
8.110374e-02
5.595704e-01
1.740673e+00
8.342520e-02
0.000000e+00
-8.511210e-01
5.249696e-01
3.098076e-02
1.740673e+00
8.342520e-02
5.595704e-01
1.740673e+00
8.342520e-02
2.957456e-02
1.742079e+00
8.563249e-02
0.000000e+00
-8.191521e-01
5.735765e-01
2.957456e-02
1.742079e+00
8.563249e-02
5.595704e-01
1.740673e+00
8.342520e-02
2.798133e-02
1.743672e+00
8.770882e-02
0.000000e+00
-7.844105e-01
6.202420e-01
5.609766e-01
1.742079e+00
8.563249e-02
5.625699e-01
1.743672e+00
8.770882e-02
2.798133e-02
1.743672e+00
8.770882e-02
0.000000e+00
-7.274188e-01
6.861938e-01
2.798133e-02
1.743672e+00
8.770882e-02
5.625699e-01
1.743672e+00
8.770882e-02
5.662675e-01
1.747370e+00
9.140653e-02
0.000000e+00
-6.861938e-01
7.274188e-01
2.798133e-02
1.743672e+00
8.770882e-02
5.662675e-01
1.747370e+00
9.140653e-02
2.428363e-02
1.747370e+00
9.140653e-02
0.000000e+00
-5.972114e-01
8.020838e-01
2.428363e-02
1.747370e+00
9.140653e-02
5.662675e-01
1.747370e+00
9.140653e-02
5.705512e-01
1.751654e+00
9.440596e-02
0.000000e+00
-5.494540e-01
8.355240e-01
2.428363e-02
1.747370e+00
9.140653e-02
5.705512e-01
1.751654e+00
9.440596e-02
2.000000e-02
1.751654e+00
9.440596e-02
0.000000e+00
-4.488580e-01
8.936031e-01
2.000000e-02
1.751654e+00
9.440596e-02
5.705512e-01
1.751654e+00
9.440596e-02
5.752906e-01
1.756393e+00
9.661597e-02
0.000000e+00
-3.960194e-01
9.182422e-01
2.000000e-02
1.751654e+00
9.440596e-02
5.752906e-01
1.756393e+00
9.661597e-02
1.526060e-02
1.756393e+00
9.661597e-02
0.000000e+00
-2.868663e-01
9.579706e-01
1.526060e-02
1.756393e+00
9.661597e-02
5.752906e-01
1.756393e+00
9.661597e-02
5.803418e-01
1.761444e+00
9.796944e-02
0.000000e+00
-2.305519e-01
9.730600e-01
1.526060e-02
1.756393e+00
9.661597e-02
5.803418e-01
1.761444e+00
9.796944e-02
1.020944e-02
1.761444e+00
9.796944e-02
0.000000e+00
-1.161583e-01
9.932307e-01
1.020944e-02
1.761444e+00
9.796944e-02
5.803418e-01
1.761444e+00
9.796944e-02
5.855512e-01
1.766654e+00
9.842519e-02
0.000000e+00
-5.807913e-02
9.983119e-01
1.020944e-02
1.761444e+00
9.796944e-02
5.855512e-01
1.766654e+00
9.842519e-02
5.000000e-03
1.766654e+00
9.842519e-02
9.492401e-01
0.000000e+00
3.145525e-01
3.319078e-02
1.738463e+00
7.868581e-02
3.319078e-02
1.584324e+00
7.868581e-02
3.397778e-02
1.585111e+00
7.618977e-02
9.995772e-01
0.000000e+00
2.907651e-02
3.500000e-02
1.586134e+00
6.842519e-02
3.500000e-02
1.736653e+00
6.842519e-02
3.488584e-02
1.586020e+00
7.103987e-02
9.983077e-01
0.000000e+00
5.815303e-02
3.488584e-02
1.586020e+00
7.103987e-02
3.500000e-02
1.736653e+00
6.842519e-02
3.488584e-02
1.736768e+00
7.103987e-02
9.932393e-01
0.000000e+00
1.160848e-01
3.488584e-02
1.586020e+00
7.103987e-02
3.488584e-02
1.736768e+00
7.103987e-02
3.454423e-02
1.585678e+00
7.363465e-02
9.894404e-01
0.000000e+00
1.449400e-01
3.454423e-02
1.585678e+00
7.363465e-02
3.488584e-02
1.736768e+00
7.103987e-02
3.454423e-02
1.737109e+00
7.363465e-02
9.793423e-01
0.000000e+00
2.022095e-01
3.454423e-02
1.585678e+00
7.363465e-02
3.454423e-02
1.737109e+00
7.363465e-02
3.397778e-02
1.585111e+00
7.618977e-02
9.730430e-01
0.000000e+00
2.306239e-01
3.397778e-02
1.585111e+00
7.618977e-02
3.454423e-02
1.737109e+00
7.363465e-02
3.397778e-02
1.737676e+00
7.618977e-02
9.579919e-01
0.000000e+00
2.867954e-01
3.397778e-02
1.585111e+00
7.618977e-02
3.397778e-02
1.737676e+00
7.618977e-02
3.319078e-02
1.738463e+00
7.868581e-02
8.801975e-01
0.000000e+00
4.746076e-01
3.098076e-02
1.740673e+00
8.342520e-02
3.098076e-02
1.582115e+00
8.342520e-02
3.218923e-02
1.583323e+00
8.110374e-02
9.293506e-01
0.000000e+00
3.691985e-01
3.319078e-02
1.584324e+00
7.868581e-02
3.319078e-02
1.738463e+00
7.868581e-02
3.218923e-02
1.583323e+00
8.110374e-02
9.182128e-01
0.000000e+00
3.960873e-01
3.218923e-02
1.583323e+00
8.110374e-02
3.319078e-02
1.738463e+00
7.868581e-02
3.218923e-02
1.739464e+00
8.110374e-02
8.936363e-01
0.000000e+00
4.487918e-01
3.218923e-02
1.583323e+00
8.110374e-02
3.218923e-02
1.739464e+00
8.110374e-02
3.098076e-02
1.740673e+00
8.342520e-02
8.511210e-01
0.000000e+00
5.249696e-01
3.098076e-02
1.582115e+00
8.342520e-02
3.098076e-02
1.740673e+00
8.342520e-02
2.957456e-02
1.580708e+00
8.563249e-02
8.354833e-01
0.000000e+00
5.495159e-01
2.957456e-02
1.580708e+00
8.563249e-02
3.098076e-02
1.740673e+00
8.342520e-02
2.957456e-02
1.742079e+00
8.563249e-02
8.021281e-01
0.000000e+00
5.971520e-01
2.957456e-02
1.580708e+00
8.563249e-02
2.957456e-02
1.742079e+00
8.563249e-02
2.798133e-02
1.579115e+00
8.770882e-02
7.844105e-01
0.000000e+00
6.202420e-01
2.957456e-02
1.742079e+00
8.563249e-02
2.798133e-02
1.743672e+00
8.770882e-02
2.798133e-02
1.579115e+00
8.770882e-02
7.274188e-01
0.000000e+00
6.861938e-01
2.798133e-02
1.579115e+00
8.770882e-02
2.798133e-02
1.743672e+00
8.770882e-02
2.428363e-02
1.747370e+00
9.140653e-02
6.861938e-01
0.000000e+00
7.274188e-01
2.798133e-02
1.579115e+00
8.770882e-02
2.428363e-02
1.747370e+00
9.140653e-02
2.428363e-02
1.575417e+00
9.140653e-02
5.972114e-01
0.000000e+00
8.020838e-01
2.428363e-02
1.575417e+00
9.140653e-02
2.428363e-02
1.747370e+00
9.140653e-02
2.000000e-02
1.751654e+00
9.440596e-02
5.494540e-01
0.000000e+00
8.355240e-01
2.428363e-02
1.575417e+00
9.140653e-02
2.000000e-02
1.751654e+00
9.440596e-02
2.000000e-02
1.571134e+00
9.440596e-02
4.488580e-01
0.000000e+00
8.936031e-01
2.000000e-02
1.571134e+00
9.440596e-02
2.000000e-02
1.751654e+00
9.440596e-02
1.526060e-02
1.756393e+00
9.661597e-02
3.960194e-01
0.000000e+00
9.182422e-01
2.000000e-02
1.571134e+00
9.440596e-02
1.526060e-02
1.756393e+00
9.661597e-02
1.526060e-02
1.566394e+00
9.661597e-02
2.868663e-01
0.000000e+00
9.579706e-01
1.526060e-02
1.566394e+00
9.661597e-02
1.526060e-02
1.756393e+00
9.661597e-02
1.020944e-02
1.761444e+00
9.796944e-02
2.305519e-01
0.000000e+00
9.730600e-01
1.526060e-02
1.566394e+00
9.661597e-02
1.020944e-02
1.761444e+00
9.796944e-02
1.020944e-02
1.561343e+00
9.796944e-02
1.161583e-01
0.000000e+00
9.932307e-01
1.020944e-02
1.561343e+00
9.796944e-02
1.020944e-02
1.761444e+00
9.796944e-02
5.000000e-03
1.766654e+00
9.842519e-02
5.807913e-02
0.000000e+00
9.983119e-01
1.020944e-02
1.561343e+00
9.796944e-02
5.000000e-03
1.766654e+00
9.842519e-02
5.000000e-03
1.556134e+00
9.842519e-02
-8.354833e-01
0.000000e+00
5.495159e-01
5.595704e-01
1.585295e+00
8.342520e-02
5.609766e-01
1.585001e+00
8.563249e-02
5.609766e-01
1.742079e+00
8.563249e-02
-8.021281e-01
0.000000e+00
5.971520e-01
5.609766e-01
1.742079e+00
8.563249e-02
5.609766e-01
1.585001e+00
8.563249e-02
5.625699e-01
1.584669e+00
8.770882e-02
-7.844105e-01
0.000000e+00
6.202420e-01
5.609766e-01
1.742079e+00
8.563249e-02
5.625699e-01
1.584669e+00
8.770882e-02
5.625699e-01
1.743672e+00
8.770882e-02
-7.274188e-01
0.000000e+00
6.861938e-01
5.625699e-01
1.743672e+00
8.770882e-02
5.625699e-01
1.584669e+00
8.770882e-02
5.662675e-01
1.583897e+00
9.140653e-02
-6.861938e-01
0.000000e+00
7.274188e-01
5.625699e-01
1.743672e+00
8.770882e-02
5.662675e-01
1.583897e+00
9.140653e-02
5.662675e-01
1.747370e+00
9.140653e-02
-5.972114e-01
0.000000e+00
8.020838e-01
5.662675e-01
1.747370e+00
9.140653e-02
5.662675e-01
1.583897e+00
9.140653e-02
5.705512e-01
1.583003e+00
9.440596e-02
-5.494540e-01
0.000000e+00
8.355240e-01
5.662675e-01
1.747370e+00
9.140653e-02
5.705512e-01
1.583003e+00
9.440596e-02
5.705512e-01
1.751654e+00
9.440596e-02
-4.488580e-01
0.000000e+00
8.936031e-01
5.705512e-01
1.751654e+00
9.440596e-02
5.705512e-01
1.583003e+00
9.440596e-02
5.752906e-01
1.582014e+00
9.661597e-02
-3.960194e-01
0.000000e+00
9.182422e-01
5.705512e-01
1.751654e+00
9.440596e-02
5.752906e-01
1.582014e+00
9.661597e-02
5.752906e-01
1.756393e+00
9.661597e-02
-2.868663e-01
0.000000e+00
9.579706e-01
5.752906e-01
1.756393e+00
9.661597e-02
5.752906e-01
1.582014e+00
9.661597e-02
5.803418e-01
1.580960e+00
9.796944e-02
-2.305519e-01
0.000000e+00
9.730600e-01
5.752906e-01
1.756393e+00
9.661597e-02
5.803418e-01
1.580960e+00
9.796944e-02
5.803418e-01
1.761444e+00
9.796944e-02
-1.161583e-01
0.000000e+00
9.932307e-01
5.803418e-01
1.761444e+00
9.796944e-02
5.803418e-01
1.580960e+00
9.796944e-02
5.855512e-01
1.579873e+00
9.842519e-02
-5.807913e-02
0.000000e+00
9.983119e-01
5.803418e-01
1.761444e+00
9.796944e-02
5.855512e-01
1.579873e+00
9.842519e-02
5.855512e-01
1.766654e+00
9.842519e-02
-8.511210e-01
0.000000e+00
5.249696e-01
5.609766e-01
1.742079e+00
8.563249e-02
5.595704e-01
1.740673e+00
8.342520e-02
5.595704e-01
1.585295e+00
8.342520e-02
-8.801975e-01
0.000000e+00
4.746076e-01
5.595704e-01
1.585295e+00
8.342520e-02
5.595704e-01
1.740673e+00
8.342520e-02
5.583619e-01
1.739464e+00
8.110374e-02
-8.936363e-01
0.000000e+00
4.487919e-01
5.595704e-01
1.585295e+00
8.342520e-02
5.583619e-01
1.739464e+00
8.110374e-02
5.583619e-01
1.585547e+00
8.110374e-02
-9.182128e-01
0.000000e+00
3.960873e-01
5.583619e-01
1.585547e+00
8.110374e-02
5.583619e-01
1.739464e+00
8.110374e-02
5.573604e-01
1.585756e+00
7.868581e-02
-9.293506e-01
0.000000e+00
3.691985e-01
5.583619e-01
1.739464e+00
8.110374e-02
5.573604e-01
1.738463e+00
7.868581e-02
5.573604e-01
1.585756e+00
7.868581e-02
-9.492401e-01
0.000000e+00
3.145525e-01
5.573604e-01
1.585756e+00
7.868581e-02
5.573604e-01
1.738463e+00
7.868581e-02
5.565734e-01
1.737676e+00
7.618977e-02
-9.579919e-01
0.000000e+00
2.867954e-01
5.573604e-01
1.585756e+00
7.868581e-02
5.565734e-01
1.737676e+00
7.618977e-02
5.565734e-01
1.585920e+00
7.618977e-02
-9.730430e-01
0.000000e+00
2.306239e-01
5.565734e-01
1.585920e+00
7.618977e-02
5.565734e-01
1.737676e+00
7.618977e-02
5.560070e-01
1.586039e+00
7.363465e-02
-9.995772e-01
0.000000e+00
2.907651e-02
5.556653e-01
1.736768e+00
7.103987e-02
5.555512e-01
1.736653e+00
6.842519e-02
5.555512e-01
1.586134e+00
6.842519e-02
-9.793423e-01
0.000000e+00
2.022095e-01
5.565734e-01
1.737676e+00
7.618977e-02
5.560070e-01
1.737109e+00
7.363465e-02
5.560070e-01
1.586039e+00
7.363465e-02
-9.894404e-01
0.000000e+00
1.449400e-01
5.560070e-01
1.586039e+00
7.363465e-02
5.560070e-01
1.737109e+00
7.363465e-02
5.556653e-01
1.736768e+00
7.103987e-02
-9.932393e-01
0.000000e+00
1.160848e-01
5.560070e-01
1.586039e+00
7.363465e-02
5.556653e-01
1.736768e+00
7.103987e-02
5.556653e-01
1.586110e+00
7.103987e-02
-9.983077e-01
0.000000e+00
5.815303e-02
5.556653e-01
1.586110e+00
7.103987e-02
5.556653e-01
1.736768e+00
7.103987e-02
5.555512e-01
1.586134e+00
6.842519e-02
0.000000e+00
9.995772e-01
2.907651e-02
4.091649e-01
1.586134e+00
6.842519e-02
3.500000e-02
1.586134e+00
6.842519e-02
4.089901e-01
1.586020e+00
7.103987e-02
0.000000e+00
9.983077e-01
5.815303e-02
4.089901e-01
1.586020e+00
7.103987e-02
3.500000e-02
1.586134e+00
6.842519e-02
3.488584e-02
1.586020e+00
7.103987e-02
0.000000e+00
9.932393e-01
1.160848e-01
4.089901e-01
1.586020e+00
7.103987e-02
3.488584e-02
1.586020e+00
7.103987e-02
4.084672e-01
1.585678e+00
7.363465e-02
0.000000e+00
9.894404e-01
1.449400e-01
4.084672e-01
1.585678e+00
7.363465e-02
3.488584e-02
1.586020e+00
7.103987e-02
3.454423e-02
1.585678e+00
7.363465e-02
0.000000e+00
9.793423e-01
2.022095e-01
4.084672e-01
1.585678e+00
7.363465e-02
3.454423e-02
1.585678e+00
7.363465e-02
4.076002e-01
1.585111e+00
7.618977e-02
0.000000e+00
9.730430e-01
2.306239e-01
4.076002e-01
1.585111e+00
7.618977e-02
3.454423e-02
1.585678e+00
7.363465e-02
3.397778e-02
1.585111e+00
7.618977e-02
0.000000e+00
9.579919e-01
2.867954e-01
4.076002e-01
1.585111e+00
7.618977e-02
3.397778e-02
1.585111e+00
7.618977e-02
4.063955e-01
1.584324e+00
7.868581e-02
0.000000e+00
9.492401e-01
3.145525e-01
4.063955e-01
1.584324e+00
7.868581e-02
3.397778e-02
1.585111e+00
7.618977e-02
3.319078e-02
1.584324e+00
7.868581e-02
0.000000e+00
9.293506e-01
3.691985e-01
4.063955e-01
1.584324e+00
7.868581e-02
3.319078e-02
1.584324e+00
7.868581e-02
4.048625e-01
1.583323e+00
8.110374e-02
0.000000e+00
9.063078e-01
4.226182e-01
4.048625e-01
1.583323e+00
8.110374e-02
3.319078e-02
1.584324e+00
7.868581e-02
4.030127e-01
1.582115e+00
8.342520e-02
0.000000e+00
8.191521e-01
5.735765e-01
3.098076e-02
1.582115e+00
8.342520e-02
2.957456e-02
1.580708e+00
8.563249e-02
3.984215e-01
1.579115e+00
8.770882e-02
0.000000e+00
9.063078e-01
4.226182e-01
3.319078e-02
1.584324e+00
7.868581e-02
3.218923e-02
1.583323e+00
8.110374e-02
4.030127e-01
1.582115e+00
8.342520e-02
0.000000e+00
8.801975e-01
4.746076e-01
4.030127e-01
1.582115e+00
8.342520e-02
3.218923e-02
1.583323e+00
8.110374e-02
3.098076e-02
1.582115e+00
8.342520e-02
0.000000e+00
8.511210e-01
5.249696e-01
4.030127e-01
1.582115e+00
8.342520e-02
3.098076e-02
1.582115e+00
8.342520e-02
4.008602e-01
1.580708e+00
8.563249e-02
0.000000e+00
8.191521e-01
5.735765e-01
4.008602e-01
1.580708e+00
8.563249e-02
3.098076e-02
1.582115e+00
8.342520e-02
3.984215e-01
1.579115e+00
8.770882e-02
0.000000e+00
7.844105e-01
6.202420e-01
2.957456e-02
1.580708e+00
8.563249e-02
2.798133e-02
1.579115e+00
8.770882e-02
3.984215e-01
1.579115e+00
8.770882e-02
0.000000e+00
7.274188e-01
6.861938e-01
3.984215e-01
1.579115e+00
8.770882e-02
2.798133e-02
1.579115e+00
8.770882e-02
2.428363e-02
1.575417e+00
9.140653e-02
0.000000e+00
6.861938e-01
7.274188e-01
3.984215e-01
1.579115e+00
8.770882e-02
2.428363e-02
1.575417e+00
9.140653e-02
3.927614e-01
1.575417e+00
9.140653e-02
0.000000e+00
5.972114e-01
8.020838e-01
3.927614e-01
1.575417e+00
9.140653e-02
2.428363e-02
1.575417e+00
9.140653e-02
2.000000e-02
1.571134e+00
9.440596e-02
0.000000e+00
5.494540e-01
8.355240e-01
3.927614e-01
1.575417e+00
9.140653e-02
2.000000e-02
1.571134e+00
9.440596e-02
3.862045e-01
1.571134e+00
9.440596e-02
0.000000e+00
4.488580e-01
8.936031e-01
3.862045e-01
1.571134e+00
9.440596e-02
2.000000e-02
1.571134e+00
9.440596e-02
1.526060e-02
1.566394e+00
9.661597e-02
0.000000e+00
3.960194e-01
9.182422e-01
3.862045e-01
1.571134e+00
9.440596e-02
1.526060e-02
1.566394e+00
9.661597e-02
3.789500e-01
1.566394e+00
9.661597e-02
0.000000e+00
2.868663e-01
9.579706e-01
3.789500e-01
1.566394e+00
9.661597e-02
1.526060e-02
1.566394e+00
9.661597e-02
1.020944e-02
1.561343e+00
9.796944e-02
0.000000e+00
2.305519e-01
9.730600e-01
3.789500e-01
1.566394e+00
9.661597e-02
1.020944e-02
1.561343e+00
9.796944e-02
3.712183e-01
1.561343e+00
9.796944e-02
0.000000e+00
1.161583e-01
9.932307e-01
3.712183e-01
1.561343e+00
9.796944e-02
1.020944e-02
1.561343e+00
9.796944e-02
5.000000e-03
1.556134e+00
9.842519e-02
0.000000e+00
5.807913e-02
9.983119e-01
3.712183e-01
1.561343e+00
9.796944e-02
5.000000e-03
1.556134e+00
9.842519e-02
3.632442e-01
1.556134e+00
9.842519e-02
-6.289133e-01
2.744628e-01
7.274188e-01
5.625699e-01
1.584669e+00
8.770882e-02
1.997058e-01
7.439453e-01
9.140653e-02
5.662675e-01
1.583897e+00
9.140653e-02
-5.473588e-01
2.388718e-01
8.020838e-01
5.662675e-01
1.583897e+00
9.140653e-02
1.997058e-01
7.439453e-01
9.140653e-02
2.062490e-01
7.482290e-01
9.440596e-02
-5.035880e-01
2.197699e-01
8.355240e-01
5.662675e-01
1.583897e+00
9.140653e-02
2.062490e-01
7.482290e-01
9.440596e-02
5.705512e-01
1.583003e+00
9.440596e-02
-4.113893e-01
1.795336e-01
8.936031e-01
5.705512e-01
1.583003e+00
9.440596e-02
2.062490e-01
7.482290e-01
9.440596e-02
2.134883e-01
7.529684e-01
9.661597e-02
-3.629615e-01
1.583993e-01
9.182422e-01
5.705512e-01
1.583003e+00
9.440596e-02
2.134883e-01
7.529684e-01
9.661597e-02
5.752906e-01
1.582014e+00
9.661597e-02
-2.629200e-01
1.147404e-01
9.579706e-01
5.752906e-01
1.582014e+00
9.661597e-02
2.134883e-01
7.529684e-01
9.661597e-02
2.212039e-01
7.580195e-01
9.796944e-02
-2.113064e-01
9.221582e-02
9.730600e-01
5.752906e-01
1.582014e+00
9.661597e-02
2.212039e-01
7.580195e-01
9.796944e-02
5.803418e-01
1.580960e+00
9.796944e-02
-1.064619e-01
4.646083e-02
9.932307e-01
5.803418e-01
1.580960e+00
9.796944e-02
2.212039e-01
7.580195e-01
9.796944e-02
2.291613e-01
7.632290e-01
9.842519e-02
-5.323095e-02
2.323041e-02
9.983119e-01
5.803418e-01
1.580960e+00
9.796944e-02
2.291613e-01
7.632290e-01
9.842519e-02
5.855512e-01
1.579873e+00
9.842519e-02
-9.161370e-01
3.998096e-01
2.907651e-02
5.555512e-01
1.586134e+00
6.842519e-02
1.833367e-01
7.332289e-01
6.842519e-02
5.556653e-01
1.586110e+00
7.103987e-02
-9.149734e-01
3.993018e-01
5.815303e-02
5.556653e-01
1.586110e+00
7.103987e-02
1.833367e-01
7.332289e-01
6.842519e-02
1.835111e-01
7.333431e-01
7.103987e-02
-9.103281e-01
3.972745e-01
1.160848e-01
5.556653e-01
1.586110e+00
7.103987e-02
1.835111e-01
7.333431e-01
7.103987e-02
5.560070e-01
1.586039e+00
7.363465e-02
-9.068464e-01
3.957551e-01
1.449400e-01
5.560070e-01
1.586039e+00
7.363465e-02
1.835111e-01
7.333431e-01
7.103987e-02
1.840329e-01
7.336848e-01
7.363465e-02
-8.975912e-01
3.917160e-01
2.022095e-01
5.560070e-01
1.586039e+00
7.363465e-02
1.840329e-01
7.336848e-01
7.363465e-02
5.565734e-01
1.585920e+00
7.618977e-02
-8.918177e-01
3.891965e-01
2.306239e-01
5.565734e-01
1.585920e+00
7.618977e-02
1.840329e-01
7.336848e-01
7.363465e-02
1.848981e-01
7.342512e-01
7.618977e-02
-8.780230e-01
3.831764e-01
2.867954e-01
5.565734e-01
1.585920e+00
7.618977e-02
1.848981e-01
7.342512e-01
7.618977e-02
5.573604e-01
1.585756e+00
7.868581e-02
-8.700017e-01
3.796757e-01
3.145525e-01
5.573604e-01
1.585756e+00
7.868581e-02
1.848981e-01
7.342512e-01
7.618977e-02
1.861002e-01
7.350382e-01
7.868581e-02
-8.517725e-01
3.717204e-01
3.691986e-01
5.573604e-01
1.585756e+00
7.868581e-02
1.861002e-01
7.350382e-01
7.868581e-02
5.583619e-01
1.585547e+00
8.110374e-02
-8.415645e-01
3.672656e-01
3.960873e-01
5.583619e-01
1.585547e+00
8.110374e-02
1.861002e-01
7.350382e-01
7.868581e-02
1.876301e-01
7.360398e-01
8.110374e-02
-8.190396e-01
3.574355e-01
4.487919e-01
5.583619e-01
1.585547e+00
8.110374e-02
1.876301e-01
7.360398e-01
8.110374e-02
5.595704e-01
1.585295e+00
8.342520e-02
-8.067226e-01
3.520602e-01
4.746076e-01
5.595704e-01
1.585295e+00
8.342520e-02
1.876301e-01
7.360398e-01
8.110374e-02
1.894760e-01
7.372482e-01
8.342520e-02
-7.800732e-01
3.404302e-01
5.249696e-01
5.595704e-01
1.585295e+00
8.342520e-02
1.894760e-01
7.372482e-01
8.342520e-02
5.609766e-01
1.585001e+00
8.563249e-02
-7.657409e-01
3.341755e-01
5.495158e-01
5.609766e-01
1.585001e+00
8.563249e-02
1.894760e-01
7.372482e-01
8.342520e-02
1.916240e-01
7.386544e-01
8.563249e-02
-7.351700e-01
3.208341e-01
5.971520e-01
5.609766e-01
1.585001e+00
8.563249e-02
1.916240e-01
7.386544e-01
8.563249e-02
5.625699e-01
1.584669e+00
8.770882e-02
-7.189314e-01
3.137475e-01
6.202420e-01
5.625699e-01
1.584669e+00
8.770882e-02
1.916240e-01
7.386544e-01
8.563249e-02
1.940576e-01
7.402477e-01
8.770882e-02
-6.666971e-01
2.909520e-01
6.861938e-01
5.625699e-01
1.584669e+00
8.770882e-02
1.940576e-01
7.402477e-01
8.770882e-02
1.997058e-01
7.439453e-01
9.140653e-02
9.153680e-01
-4.015672e-01
2.907651e-02
3.500000e-02
7.332289e-01
6.842519e-02
4.091649e-01
1.586134e+00
6.842519e-02
3.488584e-02
7.332529e-01
7.103987e-02
9.142053e-01
-4.010572e-01
5.815303e-02
3.488584e-02
7.332529e-01
7.103987e-02
4.091649e-01
1.586134e+00
6.842519e-02
4.089901e-01
1.586020e+00
7.103987e-02
9.095640e-01
-3.990210e-01
1.160848e-01
3.488584e-02
7.332529e-01
7.103987e-02
4.089901e-01
1.586020e+00
7.103987e-02
3.454423e-02
7.333246e-01
7.363465e-02
9.060851e-01
-3.974949e-01
1.449400e-01
3.454423e-02
7.333246e-01
7.363465e-02
4.089901e-01
1.586020e+00
7.103987e-02
4.084672e-01
1.585678e+00
7.363465e-02
8.968377e-01
-3.934380e-01
2.022095e-01
3.454423e-02
7.333246e-01
7.363465e-02
4.084672e-01
1.585678e+00
7.363465e-02
3.397778e-02
7.334434e-01
7.618977e-02
8.910691e-01
-3.909074e-01
2.306239e-01
3.397778e-02
7.334434e-01
7.618977e-02
4.084672e-01
1.585678e+00
7.363465e-02
4.076002e-01
1.585111e+00
7.618977e-02
8.772859e-01
-3.848608e-01
2.867954e-01
3.397778e-02
7.334434e-01
7.618977e-02
4.076002e-01
1.585111e+00
7.618977e-02
3.319078e-02
7.336084e-01
7.868581e-02
8.692714e-01
-3.813449e-01
3.145526e-01
3.319078e-02
7.336084e-01
7.868581e-02
4.076002e-01
1.585111e+00
7.618977e-02
4.063955e-01
1.584324e+00
7.868581e-02
8.510575e-01
-3.733545e-01
3.691985e-01
3.319078e-02
7.336084e-01
7.868581e-02
4.063955e-01
1.584324e+00
7.868581e-02
3.218923e-02
7.338184e-01
8.110374e-02
8.408581e-01
-3.688801e-01
3.960873e-01
3.218923e-02
7.338184e-01
8.110374e-02
4.063955e-01
1.584324e+00
7.868581e-02
4.048625e-01
1.583323e+00
8.110374e-02
8.183520e-01
-3.590068e-01
4.487919e-01
3.218923e-02
7.338184e-01
8.110374e-02
4.048625e-01
1.583323e+00
8.110374e-02
3.098076e-02
7.340719e-01
8.342520e-02
8.060454e-01
-3.536079e-01
4.746076e-01
3.098076e-02
7.340719e-01
8.342520e-02
4.048625e-01
1.583323e+00
8.110374e-02
4.030127e-01
1.582115e+00
8.342520e-02
7.794183e-01
-3.419268e-01
5.249696e-01
3.098076e-02
7.340719e-01
8.342520e-02
4.030127e-01
1.582115e+00
8.342520e-02
2.957456e-02
7.343667e-01
8.563249e-02
7.650980e-01
-3.356446e-01
5.495158e-01
2.957456e-02
7.343667e-01
8.563249e-02
4.030127e-01
1.582115e+00
8.342520e-02
4.008602e-01
1.580708e+00
8.563249e-02
7.345529e-01
-3.222445e-01
5.971520e-01
2.957456e-02
7.343667e-01
8.563249e-02
4.008602e-01
1.580708e+00
8.563249e-02
2.798133e-02
7.347008e-01
8.770882e-02
7.183280e-01
-3.151268e-01
6.202419e-01
4.008602e-01
1.580708e+00
8.563249e-02
3.984215e-01
1.579115e+00
8.770882e-02
2.798133e-02
7.347008e-01
8.770882e-02
6.661375e-01
-2.922311e-01
6.861938e-01
2.798133e-02
7.347008e-01
8.770882e-02
3.984215e-01
1.579115e+00
8.770882e-02
3.927614e-01
1.575417e+00
9.140653e-02
6.283854e-01
-2.756694e-01
7.274188e-01
2.798133e-02
7.347008e-01
8.770882e-02
3.927614e-01
1.575417e+00
9.140653e-02
2.428363e-02
7.354762e-01
9.140653e-02
5.468993e-01
-2.399219e-01
8.020839e-01
2.428363e-02
7.354762e-01
9.140653e-02
3.927614e-01
1.575417e+00
9.140653e-02
3.862045e-01
1.571134e+00
9.440596e-02
5.031653e-01
-2.207360e-01
8.355240e-01
2.428363e-02
7.354762e-01
9.140653e-02
3.862045e-01
1.571134e+00
9.440596e-02
2.000000e-02
7.363745e-01
9.440596e-02
4.110440e-01
-1.803229e-01
8.936031e-01
2.000000e-02
7.363745e-01
9.440596e-02
3.862045e-01
1.571134e+00
9.440596e-02
3.789500e-01
1.566394e+00
9.661597e-02
3.626567e-01
-1.590956e-01
9.182422e-01
2.000000e-02
7.363745e-01
9.440596e-02
3.789500e-01
1.566394e+00
9.661597e-02
1.526060e-02
7.373683e-01
9.661597e-02
2.626993e-01
-1.152448e-01
9.579706e-01
1.526060e-02
7.373683e-01
9.661597e-02
3.789500e-01
1.566394e+00
9.661597e-02
3.712183e-01
1.561343e+00
9.796944e-02
2.111290e-01
-9.262121e-02
9.730600e-01
1.526060e-02
7.373683e-01
9.661597e-02
3.712183e-01
1.561343e+00
9.796944e-02
1.020944e-02
7.384276e-01
9.796944e-02
1.063725e-01
-4.666508e-02
9.932307e-01
1.020944e-02
7.384276e-01
9.796944e-02
3.712183e-01
1.561343e+00
9.796944e-02
3.632442e-01
1.556134e+00
9.842519e-02
5.318626e-02
-2.333254e-02
9.983119e-01
1.020944e-02
7.384276e-01
9.796944e-02
3.632442e-01
1.556134e+00
9.842519e-02
5.000000e-03
7.395200e-01
9.842519e-02
0.000000e+00
-6.861938e-01
7.274188e-01
1.940576e-01
7.402477e-01
8.770882e-02
5.662675e-01
7.439453e-01
9.140653e-02
1.997058e-01
7.439453e-01
9.140653e-02
0.000000e+00
-5.972114e-01
8.020838e-01
1.997058e-01
7.439453e-01
9.140653e-02
5.662675e-01
7.439453e-01
9.140653e-02
5.705512e-01
7.482290e-01
9.440596e-02
0.000000e+00
-5.494540e-01
8.355240e-01
1.997058e-01
7.439453e-01
9.140653e-02
5.705512e-01
7.482290e-01
9.440596e-02
2.062490e-01
7.482290e-01
9.440596e-02
0.000000e+00
-4.488580e-01
8.936031e-01
2.062490e-01
7.482290e-01
9.440596e-02
5.705512e-01
7.482290e-01
9.440596e-02
5.752906e-01
7.529684e-01
9.661597e-02
0.000000e+00
-3.960194e-01
9.182422e-01
2.062490e-01
7.482290e-01
9.440596e-02
5.752906e-01
7.529684e-01
9.661597e-02
2.134883e-01
7.529684e-01
9.661597e-02
0.000000e+00
-2.868663e-01
9.579706e-01
2.134883e-01
7.529684e-01
9.661597e-02
5.752906e-01
7.529684e-01
9.661597e-02
5.803418e-01
7.580195e-01
9.796944e-02
0.000000e+00
-2.305519e-01
9.730600e-01
2.134883e-01
7.529684e-01
9.661597e-02
5.803418e-01
7.580195e-01
9.796944e-02
2.212039e-01
7.580195e-01
9.796944e-02
0.000000e+00
-1.161583e-01
9.932307e-01
2.212039e-01
7.580195e-01
9.796944e-02
5.803418e-01
7.580195e-01
9.796944e-02
5.855512e-01
7.632290e-01
9.842519e-02
0.000000e+00
-5.807913e-02
9.983119e-01
2.212039e-01
7.580195e-01
9.796944e-02
5.855512e-01
7.632290e-01
9.842519e-02
2.291613e-01
7.632290e-01
9.842519e-02
0.000000e+00
-8.191521e-01
5.735765e-01
5.595704e-01
7.372482e-01
8.342520e-02
5.609766e-01
7.386544e-01
8.563249e-02
1.940576e-01
7.402477e-01
8.770882e-02
0.000000e+00
-7.844105e-01
6.202420e-01
1.940576e-01
7.402477e-01
8.770882e-02
5.609766e-01
7.386544e-01
8.563249e-02
5.625699e-01
7.402477e-01
8.770882e-02
0.000000e+00
-7.274188e-01
6.861938e-01
1.940576e-01
7.402477e-01
8.770882e-02
5.625699e-01
7.402477e-01
8.770882e-02
5.662675e-01
7.439453e-01
9.140653e-02
0.000000e+00
-8.191521e-01
5.735765e-01
1.940576e-01
7.402477e-01
8.770882e-02
1.916240e-01
7.386544e-01
8.563249e-02
5.595704e-01
7.372482e-01
8.342520e-02
0.000000e+00
-8.511210e-01
5.249696e-01
5.595704e-01
7.372482e-01
8.342520e-02
1.916240e-01
7.386544e-01
8.563249e-02
1.894760e-01
7.372482e-01
8.342520e-02
0.000000e+00
-8.801975e-01
4.746076e-01
5.595704e-01
7.372482e-01
8.342520e-02
1.894760e-01
7.372482e-01
8.342520e-02
5.583619e-01
7.360398e-01
8.110374e-02
0.000000e+00
-9.063078e-01
4.226183e-01
5.583619e-01
7.360398e-01
8.110374e-02
1.894760e-01
7.372482e-01
8.342520e-02
5.573604e-01
7.350382e-01
7.868581e-02
0.000000e+00
-9.995772e-01
2.907651e-02
1.833367e-01
7.332289e-01
6.842519e-02
5.555512e-01
7.332289e-01
6.842519e-02
1.835111e-01
7.333431e-01
7.103987e-02
0.000000e+00
-9.983077e-01
5.815303e-02
1.835111e-01
7.333431e-01
7.103987e-02
5.555512e-01
7.332289e-01
6.842519e-02
5.556653e-01
7.333431e-01
7.103987e-02
0.000000e+00
-9.932393e-01
1.160848e-01
1.835111e-01
7.333431e-01
7.103987e-02
5.556653e-01
7.333431e-01
7.103987e-02
1.840329e-01
7.336848e-01
7.363465e-02
0.000000e+00
-9.894404e-01
1.449400e-01
1.840329e-01
7.336848e-01
7.363465e-02
5.556653e-01
7.333431e-01
7.103987e-02
5.560070e-01
7.336848e-01
7.363465e-02
0.000000e+00
-9.793423e-01
2.022095e-01
1.840329e-01
7.336848e-01
7.363465e-02
5.560070e-01
7.336848e-01
7.363465e-02
1.848981e-01
7.342512e-01
7.618977e-02
0.000000e+00
-9.730430e-01
2.306239e-01
1.848981e-01
7.342512e-01
7.618977e-02
5.560070e-01
7.336848e-01
7.363465e-02
5.565734e-01
7.342512e-01
7.618977e-02
0.000000e+00
-9.579919e-01
2.867954e-01
1.848981e-01
7.342512e-01
7.618977e-02
5.565734e-01
7.342512e-01
7.618977e-02
1.861002e-01
7.350382e-01
7.868581e-02
0.000000e+00
-9.492401e-01
3.145525e-01
1.861002e-01
7.350382e-01
7.868581e-02
5.565734e-01
7.342512e-01
7.618977e-02
5.573604e-01
7.350382e-01
7.868581e-02
0.000000e+00
-9.293506e-01
3.691985e-01
1.861002e-01
7.350382e-01
7.868581e-02
5.573604e-01
7.350382e-01
7.868581e-02
1.876301e-01
7.360398e-01
8.110374e-02
0.000000e+00
-9.063078e-01
4.226182e-01
1.876301e-01
7.360398e-01
8.110374e-02
5.573604e-01
7.350382e-01
7.868581e-02
1.894760e-01
7.372482e-01
8.342520e-02
9.995772e-01
0.000000e+00
2.907651e-02
3.488584e-02
5.860670e-01
7.103987e-02
3.500000e-02
5.861811e-01
6.842519e-02
3.500000e-02
7.332289e-01
6.842519e-02
9.983077e-01
0.000000e+00
5.815303e-02
3.500000e-02
7.332289e-01
6.842519e-02
3.488584e-02
7.332529e-01
7.103987e-02
3.488584e-02
5.860670e-01
7.103987e-02
9.932393e-01
0.000000e+00
1.160848e-01
3.488584e-02
5.860670e-01
7.103987e-02
3.488584e-02
7.332529e-01
7.103987e-02
3.454423e-02
7.333246e-01
7.363465e-02
9.894404e-01
0.000000e+00
1.449400e-01
3.488584e-02
5.860670e-01
7.103987e-02
3.454423e-02
7.333246e-01
7.363465e-02
3.454423e-02
5.857254e-01
7.363465e-02
9.793423e-01
0.000000e+00
2.022095e-01
3.454423e-02
5.857254e-01
7.363465e-02
3.454423e-02
7.333246e-01
7.363465e-02
3.397778e-02
5.851589e-01
7.618977e-02
9.730430e-01
0.000000e+00
2.306239e-01
3.454423e-02
7.333246e-01
7.363465e-02
3.397778e-02
7.334434e-01
7.618977e-02
3.397778e-02
5.851589e-01
7.618977e-02
9.579919e-01
0.000000e+00
2.867954e-01
3.397778e-02
5.851589e-01
7.618977e-02
3.397778e-02
7.334434e-01
7.618977e-02
3.319078e-02
7.336084e-01
7.868581e-02
9.492401e-01
0.000000e+00
3.145525e-01
3.397778e-02
5.851589e-01
7.618977e-02
3.319078e-02
7.336084e-01
7.868581e-02
3.319078e-02
5.843719e-01
7.868581e-02
9.293506e-01
0.000000e+00
3.691985e-01
3.319078e-02
5.843719e-01
7.868581e-02
3.319078e-02
7.336084e-01
7.868581e-02
3.218923e-02
5.833703e-01
8.110374e-02
9.182128e-01
0.000000e+00
3.960873e-01
3.319078e-02
7.336084e-01
7.868581e-02
3.218923e-02
7.338184e-01
8.110374e-02
3.218923e-02
5.833703e-01
8.110374e-02
8.936363e-01
0.000000e+00
4.487918e-01
3.218923e-02
5.833703e-01
8.110374e-02
3.218923e-02
7.338184e-01
8.110374e-02
3.098076e-02
7.340719e-01
8.342520e-02
8.801975e-01
0.000000e+00
4.746076e-01
3.218923e-02
5.833703e-01
8.110374e-02
3.098076e-02
7.340719e-01
8.342520e-02
3.098076e-02
5.821618e-01
8.342520e-02
8.511210e-01
0.000000e+00
5.249696e-01
3.098076e-02
5.821618e-01
8.342520e-02
3.098076e-02
7.340719e-01
8.342520e-02
2.957456e-02
5.807557e-01
8.563249e-02
8.354833e-01
0.000000e+00
5.495159e-01
3.098076e-02
7.340719e-01
8.342520e-02
2.957456e-02
7.343667e-01
8.563249e-02
2.957456e-02
5.807557e-01
8.563249e-02
8.021281e-01
0.000000e+00
5.971520e-01
2.957456e-02
5.807557e-01
8.563249e-02
2.957456e-02
7.343667e-01
8.563249e-02
2.798133e-02
7.347008e-01
8.770882e-02
7.844105e-01
0.000000e+00
6.202420e-01
2.957456e-02
5.807557e-01
8.563249e-02
2.798133e-02
7.347008e-01
8.770882e-02
2.798133e-02
5.791625e-01
8.770882e-02
7.274188e-01
0.000000e+00
6.861938e-01
2.798133e-02
5.791625e-01
8.770882e-02
2.798133e-02
7.347008e-01
8.770882e-02
2.428363e-02
7.354762e-01
9.140653e-02
6.861938e-01
0.000000e+00
7.274188e-01
2.798133e-02
5.791625e-01
8.770882e-02
2.428363e-02
7.354762e-01
9.140653e-02
2.428363e-02
5.754647e-01
9.140653e-02
5.972114e-01
0.000000e+00
8.020838e-01
2.428363e-02
5.754647e-01
9.140653e-02
2.428363e-02
7.354762e-01
9.140653e-02
2.000000e-02
7.363745e-01
9.440596e-02
5.494540e-01
0.000000e+00
8.355240e-01
2.428363e-02
5.754647e-01
9.140653e-02
2.000000e-02
7.363745e-01
9.440596e-02
2.000000e-02
5.711811e-01
9.440596e-02
4.488580e-01
0.000000e+00
8.936031e-01
2.000000e-02
5.711811e-01
9.440596e-02
2.000000e-02
7.363745e-01
9.440596e-02
1.526060e-02
7.373683e-01
9.661597e-02
3.960194e-01
0.000000e+00
9.182422e-01
2.000000e-02
5.711811e-01
9.440596e-02
1.526060e-02
7.373683e-01
9.661597e-02
1.526060e-02
5.664417e-01
9.661597e-02
2.868663e-01
0.000000e+00
9.579706e-01
1.526060e-02
5.664417e-01
9.661597e-02
1.526060e-02
7.373683e-01
9.661597e-02
1.020944e-02
7.384276e-01
9.796944e-02
2.305519e-01
0.000000e+00
9.730600e-01
1.526060e-02
5.664417e-01
9.661597e-02
1.020944e-02
7.384276e-01
9.796944e-02
1.020944e-02
5.613905e-01
9.796944e-02
1.161583e-01
0.000000e+00
9.932307e-01
1.020944e-02
5.613905e-01
9.796944e-02
1.020944e-02
7.384276e-01
9.796944e-02
5.000000e-03
7.395200e-01
9.842519e-02
5.807913e-02
0.000000e+00
9.983119e-01
1.020944e-02
5.613905e-01
9.796944e-02
5.000000e-03
7.395200e-01
9.842519e-02
5.000000e-03
5.561811e-01
9.842519e-02
-6.861938e-01
0.000000e+00
7.274188e-01
5.625699e-01
7.402477e-01
8.770882e-02
5.662675e-01
5.754647e-01
9.140653e-02
5.662675e-01
7.439453e-01
9.140653e-02
-5.972114e-01
0.000000e+00
8.020838e-01
5.662675e-01
7.439453e-01
9.140653e-02
5.662675e-01
5.754647e-01
9.140653e-02
5.705512e-01
5.711811e-01
9.440596e-02
-5.494540e-01
0.000000e+00
8.355240e-01
5.662675e-01
7.439453e-01
9.140653e-02
5.705512e-01
5.711811e-01
9.440596e-02
5.705512e-01
7.482290e-01
9.440596e-02
-4.488580e-01
0.000000e+00
8.936031e-01
5.705512e-01
7.482290e-01
9.440596e-02
5.705512e-01
5.711811e-01
9.440596e-02
5.752906e-01
5.664417e-01
9.661597e-02
-3.960194e-01
0.000000e+00
9.182422e-01
5.705512e-01
7.482290e-01
9.440596e-02
5.752906e-01
5.664417e-01
9.661597e-02
5.752906e-01
7.529684e-01
9.661597e-02
-2.868663e-01
0.000000e+00
9.579706e-01
5.752906e-01
7.529684e-01
9.661597e-02
5.752906e-01
5.664417e-01
9.661597e-02
5.803418e-01
5.613905e-01
9.796944e-02
-2.305519e-01
0.000000e+00
9.730600e-01
5.752906e-01
7.529684e-01
9.661597e-02
5.803418e-01
5.613905e-01
9.796944e-02
5.803418e-01
7.580195e-01
9.796944e-02
-1.161583e-01
0.000000e+00
9.932307e-01
5.803418e-01
7.580195e-01
9.796944e-02
5.803418e-01
5.613905e-01
9.796944e-02
5.855512e-01
5.561811e-01
9.842519e-02
-5.807913e-02
0.000000e+00
9.983119e-01
5.803418e-01
7.580195e-01
9.796944e-02
5.855512e-01
5.561811e-01
9.842519e-02
5.855512e-01
7.632290e-01
9.842519e-02
-9.995772e-01
0.000000e+00
2.907651e-02
5.555512e-01
7.332289e-01
6.842519e-02
5.555512e-01
5.861811e-01
6.842519e-02
5.556653e-01
7.333431e-01
7.103987e-02
-9.983077e-01
0.000000e+00
5.815303e-02
5.556653e-01
7.333431e-01
7.103987e-02
5.555512e-01
5.861811e-01
6.842519e-02
5.556653e-01
5.860670e-01
7.103987e-02
-9.932393e-01
0.000000e+00
1.160848e-01
5.556653e-01
7.333431e-01
7.103987e-02
5.556653e-01
5.860670e-01
7.103987e-02
5.560070e-01
7.336848e-01
7.363465e-02
-9.894404e-01
0.000000e+00
1.449400e-01
5.560070e-01
7.336848e-01
7.363465e-02
5.556653e-01
5.860670e-01
7.103987e-02
5.560070e-01
5.857254e-01
7.363465e-02
-9.793423e-01
0.000000e+00
2.022095e-01
5.560070e-01
7.336848e-01
7.363465e-02
5.560070e-01
5.857254e-01
7.363465e-02
5.565734e-01
7.342512e-01
7.618977e-02
-9.730430e-01
0.000000e+00
2.306239e-01
5.565734e-01
7.342512e-01
7.618977e-02
5.560070e-01
5.857254e-01
7.363465e-02
5.565734e-01
5.851589e-01
7.618977e-02
-9.579919e-01
0.000000e+00
2.867954e-01
5.565734e-01
7.342512e-01
7.618977e-02
5.565734e-01
5.851589e-01
7.618977e-02
5.573604e-01
7.350382e-01
7.868581e-02
-9.492401e-01
0.000000e+00
3.145525e-01
5.573604e-01
7.350382e-01
7.868581e-02
5.565734e-01
5.851589e-01
7.618977e-02
5.573604e-01
5.843719e-01
7.868581e-02
-9.293506e-01
0.000000e+00
3.691985e-01
5.573604e-01
7.350382e-01
7.868581e-02
5.573604e-01
5.843719e-01
7.868581e-02
5.583619e-01
7.360398e-01
8.110374e-02
-9.182128e-01
0.000000e+00
3.960873e-01
5.583619e-01
7.360398e-01
8.110374e-02
5.573604e-01
5.843719e-01
7.868581e-02
5.583619e-01
5.833703e-01
8.110374e-02
-8.936363e-01
0.000000e+00
4.487918e-01
5.583619e-01
7.360398e-01
8.110374e-02
5.583619e-01
5.833703e-01
8.110374e-02
5.595704e-01
7.372482e-01
8.342520e-02
-8.801975e-01
0.000000e+00
4.746076e-01
5.595704e-01
7.372482e-01
8.342520e-02
5.583619e-01
5.833703e-01
8.110374e-02
5.595704e-01
5.821618e-01
8.342520e-02
-8.511210e-01
0.000000e+00
5.249696e-01
5.595704e-01
7.372482e-01
8.342520e-02
5.595704e-01
5.821618e-01
8.342520e-02
5.609766e-01
7.386544e-01
8.563249e-02
-8.354833e-01
0.000000e+00
5.495159e-01
5.609766e-01
7.386544e-01
8.563249e-02
5.595704e-01
5.821618e-01
8.342520e-02
5.609766e-01
5.807557e-01
8.563249e-02
-8.021281e-01
0.000000e+00
5.971520e-01
5.609766e-01
7.386544e-01
8.563249e-02
5.609766e-01
5.807557e-01
8.563249e-02
5.625699e-01
7.402477e-01
8.770882e-02
-7.844105e-01
0.000000e+00
6.202420e-01
5.625699e-01
7.402477e-01
8.770882e-02
5.609766e-01
5.807557e-01
8.563249e-02
5.625699e-01
5.791625e-01
8.770882e-02
-7.274188e-01
0.000000e+00
6.861938e-01
5.625699e-01
7.402477e-01
8.770882e-02
5.625699e-01
5.791625e-01
8.770882e-02
5.662675e-01
5.754647e-01
9.140653e-02
0.000000e+00
9.995772e-01
2.907651e-02
5.555512e-01
5.861811e-01
6.842519e-02
3.500000e-02
5.861811e-01
6.842519e-02
5.556653e-01
5.860670e-01
7.103987e-02
0.000000e+00
9.983077e-01
5.815303e-02
5.556653e-01
5.860670e-01
7.103987e-02
3.500000e-02
5.861811e-01
6.842519e-02
3.488584e-02
5.860670e-01
7.103987e-02
0.000000e+00
9.932393e-01
1.160848e-01
5.556653e-01
5.860670e-01
7.103987e-02
3.488584e-02
5.860670e-01
7.103987e-02
3.454423e-02
5.857254e-01
7.363465e-02
0.000000e+00
9.659258e-01
2.588190e-01
5.573604e-01
5.843719e-01
7.868581e-02
5.565734e-01
5.851589e-01
7.618977e-02
3.454423e-02
5.857254e-01
7.363465e-02
0.000000e+00
9.793423e-01
2.022095e-01
3.454423e-02
5.857254e-01
7.363465e-02
5.565734e-01
5.851589e-01
7.618977e-02
5.560070e-01
5.857254e-01
7.363465e-02
0.000000e+00
9.894404e-01
1.449400e-01
3.454423e-02
5.857254e-01
7.363465e-02
5.560070e-01
5.857254e-01
7.363465e-02
5.556653e-01
5.860670e-01
7.103987e-02
0.000000e+00
9.659258e-01
2.588190e-01
3.454423e-02
5.857254e-01
7.363465e-02
3.397778e-02
5.851589e-01
7.618977e-02
5.573604e-01
5.843719e-01
7.868581e-02
0.000000e+00
9.492401e-01
3.145525e-01
5.573604e-01
5.843719e-01
7.868581e-02
3.397778e-02
5.851589e-01
7.618977e-02
3.319078e-02
5.843719e-01
7.868581e-02
0.000000e+00
9.293506e-01
3.691985e-01
5.573604e-01
5.843719e-01
7.868581e-02
3.319078e-02
5.843719e-01
7.868581e-02
5.583619e-01
5.833703e-01
8.110374e-02
0.000000e+00
9.063078e-01
4.226182e-01
5.583619e-01
5.833703e-01
8.110374e-02
3.319078e-02
5.843719e-01
7.868581e-02
5.595704e-01
5.821618e-01
8.342520e-02
0.000000e+00
8.191521e-01
5.735765e-01
3.098076e-02
5.821618e-01
8.342520e-02
2.957456e-02
5.807557e-01
8.563249e-02
5.625699e-01
5.791625e-01
8.770882e-02
0.000000e+00
9.063078e-01
4.226182e-01
3.319078e-02
5.843719e-01
7.868581e-02
3.218923e-02
5.833703e-01
8.110374e-02
5.595704e-01
5.821618e-01
8.342520e-02
0.000000e+00
8.801975e-01
4.746076e-01
5.595704e-01
5.821618e-01
8.342520e-02
3.218923e-02
5.833703e-01
8.110374e-02
3.098076e-02
5.821618e-01
8.342520e-02
0.000000e+00
8.511210e-01
5.249696e-01
5.595704e-01
5.821618e-01
8.342520e-02
3.098076e-02
5.821618e-01
8.342520e-02
5.609766e-01
5.807557e-01
8.563249e-02
0.000000e+00
8.191521e-01
5.735765e-01
5.609766e-01
5.807557e-01
8.563249e-02
3.098076e-02
5.821618e-01
8.342520e-02
5.625699e-01
5.791625e-01
8.770882e-02
0.000000e+00
7.844105e-01
6.202420e-01
2.957456e-02
5.807557e-01
8.563249e-02
2.798133e-02
5.791625e-01
8.770882e-02
5.625699e-01
5.791625e-01
8.770882e-02
0.000000e+00
7.274188e-01
6.861938e-01
5.625699e-01
5.791625e-01
8.770882e-02
2.798133e-02
5.791625e-01
8.770882e-02
2.428363e-02
5.754647e-01
9.140653e-02
0.000000e+00
6.861938e-01
7.274188e-01
5.625699e-01
5.791625e-01
8.770882e-02
2.428363e-02
5.754647e-01
9.140653e-02
5.662675e-01
5.754647e-01
9.140653e-02
0.000000e+00
5.972114e-01
8.020838e-01
5.662675e-01
5.754647e-01
9.140653e-02
2.428363e-02
5.754647e-01
9.140653e-02
2.000000e-02
5.711811e-01
9.440596e-02
0.000000e+00
5.494540e-01
8.355240e-01
5.662675e-01
5.754647e-01
9.140653e-02
2.000000e-02
5.711811e-01
9.440596e-02
5.705512e-01
5.711811e-01
9.440596e-02
0.000000e+00
4.488580e-01
8.936031e-01
5.705512e-01
5.711811e-01
9.440596e-02
2.000000e-02
5.711811e-01
9.440596e-02
1.526060e-02
5.664417e-01
9.661597e-02
0.000000e+00
3.960194e-01
9.182422e-01
5.705512e-01
5.711811e-01
9.440596e-02
1.526060e-02
5.664417e-01
9.661597e-02
5.752906e-01
5.664417e-01
9.661597e-02
0.000000e+00
2.868663e-01
9.579706e-01
5.752906e-01
5.664417e-01
9.661597e-02
1.526060e-02
5.664417e-01
9.661597e-02
1.020944e-02
5.613905e-01
9.796944e-02
0.000000e+00
2.305519e-01
9.730600e-01
5.752906e-01
5.664417e-01
9.661597e-02
1.020944e-02
5.613905e-01
9.796944e-02
5.803418e-01
5.613905e-01
9.796944e-02
0.000000e+00
1.161583e-01
9.932307e-01
5.803418e-01
5.613905e-01
9.796944e-02
1.020944e-02
5.613905e-01
9.796944e-02
5.000000e-03
5.561811e-01
9.842519e-02
0.000000e+00
5.807913e-02
9.983119e-01
5.803418e-01
5.613905e-01
9.796944e-02
5.000000e-03
5.561811e-01
9.842519e-02
5.855512e-01
5.561811e-01
9.842519e-02
